RIGHT,right,s,,0
noble,noble,s,StandardsPos,0
and,and,s,,0
worthy,worthy,s,StandardsPos,0
Assembly,assembly,c,AbstractConcepts,0
:,:,s,,0
It,it,s,ProjectBack,0
has,has,s,ProjectBack,1
been,been,s,ProjectBack,2
a,a,s,ProjectBack,3
very,very,s,Intensity,0
ancient,ancient,s,SubjectiveTime,0
and,and,s,,0
la^dable,la^dable,n,UNRECOGNIZED,0
custom,custom,c,CommonAuthorities,0
",",",",s,,0
in,in,s,,0
the,the,s,Positivity,0
best,best,s,Positivity,1
governed,governed,s,ReportingEvents,0
commonwealths,commonwealths,c,CommonAuthorities,0
",",",",s,,0
to,to,s,Resistance,0
admit,admit,s,Resistance,1
and,and,s,,0
favorably,favorably,s,Positivity,0
to,to,s,ProjectAhead,0
allow,allow,n,ProjectAhead,1
interludes,interludes,s,TimeDuration,0
and,and,s,,0
discourses,discourses,s,Citations,0
upon,upon,s,Citations,1
the,the,s,SenseObject,0
Stage,stage,s,SenseObject,1
for,for,s,,0
diverse,diverse,s,AbstractConcepts,0
reasons,reasons,c,AbstractConcepts,0
;,;,s,Resistance,0
but,but,s,Resistance,1
especially,especially,n,Specifiers,0
two,two,c,Numbers,0
.,.,s,,0
The,the,s,Specifiers,0
one,one,c,Specifiers,1
",",",",s,Specifiers,2
to,to,s,,0
entertain,entertain,s,Positivity,0
the,the,s,,0
welconditioned,welconditioned,s,UNRECOGNIZED,0
people,people,s,PersonProperty,0
with,with,s,,0
some,some,s,Uncertainty,0
delightful,delightful,s,Positivity,0
and,and,n,,0
fruitful,fruitful,s,Positivity,0
conceits,conceits,c,SubjectivePercept,0
",",",",s,,0
thereby,thereby,s,ReasonForward,0
as,as,s,Metadiscourse,0
it,it,s,Metadiscourse,1
were,were,s,Metadiscourse,2
to,to,s,,0
deceive,deceive,s,Anger,0
idleness,idleness,s,Negativity,0
of,of,s,ProjectBack,0
that,that,s,ProjectBack,1
time,time,s,ProjectBack,2
which,which,s,,0
it,it,n,ProjectBack,0
had,had,s,ProjectBack,1
allotted,allotted,s,ReportingEvents,0
for,for,s,,0
worse,worse,s,Negativity,0
purposes,purposes,c,ProjectAhead,0
.,.,s,,0
The,the,s,Specifiers,0
other,other,c,Specifiers,1
",",",",s,Specifiers,2
for,for,s,,0
the,the,s,StandardsPos,0
just,just,s,StandardsPos,1
reprehension,reprehension,s,Negative_Relation,0
of,of,s,Specifiers,0
such,such,n,Specifiers,1
as,as,s,Specifiers,0
with,with,s,Specifiers,1
serious,serious,s,SubjectivePercept,0
and,and,s,,0
more,more,s,Comparison,0
grave,grave,s,Negativity,0
aduisings,aduisings,s,UNRECOGNIZED,0
cannot,cannot,s,DenyDisclaim,0
or,or,s,PredictedFuture,0
will,will,s,PredictedFuture,1
not,not,s,DenyDisclaim,0
be,be,s,ReportingStates,0
so,so,s,Positivity,0
freely,freely,n,Positivity,1
admonished,admonished,s,,0
and,and,s,,0
corrected,corrected,c,StandardsPos,0
.,.,s,StandardsPos,1
The,the,s,Comparison,0
later,later,s,Comparison,1
of,of,s,,0
these,these,s,Immediacy,0
two,two,s,Numbers,0
respects,respects,s,StandardsPos,0
has,has,s,,0
begotten,begotten,s,Transformation,0
this,this,n,,0
Dialogue,dialogue,c,LangRef,0
",",",",s,,0
ready,ready,s,ProjectAhead,0
to,to,s,ProjectAhead,1
b,b,c,,0
^,^,s,UNRECOGNIZED,0
acted,acted,c,ReportingStates,0
",",",",s,ReportingStates,1
principally,principally,s,Specifiers,0
and,and,s,,0
specially,specially,s,Exceptions,0
pointing,pointing,s,ReportingEvents,0
that,that,s,,0
Impe,impe,s,UNRECOGNIZED,0
which,which,n,,0
is,is,s,ReportingStates,0
infortunately,infortunately,s,UNRECOGNIZED,0
fostered,fostered,s,StandardsPos,0
up,up,s,Biographical_Time,0
to,to,s,Biographical_Time,1
this,this,s,Biographical_Time,2
day,day,c,Biographical_Time,3
",",",",s,,0
to,to,s,,0
ruin,ruin,s,Negativity,0
it,it,s,,0
self,self,s,SubjectivePercept,0
with,with,s,,0
infamy,infamy,c,StandardsNeg,0
.,.,s,,0
Only,only,n,SubjectivePercept,0
this,this,s,,0
comfort,comfort,s,Positivity,0
is,is,s,ReportingStates,0
afforded,afforded,c,ReportingStates,0
",",",",s,ReportingStates,1
that,that,s,,0
if,if,s,Contingency,0
he,he,s,Contingency,1
be,be,s,Immediacy,0
present,present,c,Immediacy,1
",",",",s,,0
and,and,s,,0
withal,withal,s,Metadiscourse,0
silent,silent,c,SenseProperty,0
",",",",s,,0
he,he,s,PersonPronoun,0
may,may,n,Contingency,0
suppose,suppose,s,Uncertainty,0
that,that,s,,0
of,of,s,Specifiers,0
all,all,s,Specifiers,1
others,others,s,Uncertainty,0
it,it,s,Specifiers,0
concerns,concerns,s,Specifiers,1
not,not,s,DenyDisclaim,0
him,him,c,PersonPronoun,0
.,.,s,,0
If,if,s,Contingency,0
he,he,s,Contingency,1
be,be,s,ReportingStates,0
absent,absent,s,Negativity,0
(,(,c,Aside,0
as,as,s,Aside,1
most,most,n,Confidence,0
likely,likely,s,Confidence,1
he,he,s,Updates,0
is,is,c,Updates,1
),),s,,0
then,then,s,,0
every,every,s,Generalization,0
other,other,s,Generalization,1
that,that,s,,0
finds,finds,s,SubjectivePercept,0
himself,himself,s,SubjectivePercept,1
parcel,parcel,s,SenseObject,0
guilt,guilt,s,StandardsNeg,0
may,may,s,Contingency,0
see,see,s,,0
the,the,n,,0
deformity,deformity,c,StandardsNeg,0
",",",",s,,0
and,and,s,,0
forbear,forbear,s,UNRECOGNIZED,0
the,the,s,Negativity,0
excess,excess,c,Negativity,1
.,.,s,,0
Other,other,s,Specifiers,0
touches,touches,s,Motions,0
and,and,s,,0
passages,passages,s,LangRef,0
are,are,c,ReportingStates,0
",",",",s,Aside,0
which,which,s,Aside,1
our,our,n,Inclusive,0
Author,author,s,CommunicatorRole,0
and,and,s,,0
we,we,s,Metadiscourse,0
present,present,s,Metadiscourse,1
not,not,s,DenyDisclaim,0
with,with,s,,0
mind,mind,s,Negativity,0
to,to,s,Negativity,1
offend,offend,s,Anger,0
any,any,c,,0
",",",",s,Resistance,0
but,but,s,Resistance,1
to,to,s,,0
please,please,s,Positivity,0
the,the,n,,0
weldisposed,weldisposed,c,UNRECOGNIZED,0
.,.,s,ReasonForward,0
And,and,s,ReasonForward,1
so,so,s,ReasonForward,2
in,in,s,CommonAuthorities,0
the,the,s,CommonAuthorities,1
name,name,s,CommonAuthorities,2
of,of,s,CommonAuthorities,3
all,all,s,Specifiers,0
the,the,s,Specifiers,1
rest,rest,s,Specifiers,2
I,i,s,FirstPer,0
entreat,entreat,s,Request,0
^,^,c,UNRECOGNIZED,0
ourteous,ourteous,s,UNRECOGNIZED,0
^,^,c,UNRECOGNIZED,0
udience,udience,c,UNRECOGNIZED,0
",",",",n,,0
and,and,s,,0
pardon,pardon,s,Positivity,0
of,of,s,Specifiers,0
all,all,s,Specifiers,1
faults,faults,nnn,StandardsNeg,0
HOw,how,s,OpenQuery,0
much,much,s,OpenQuery,1
we,we,s,,0
that,that,s,,0
have,have,s,ProjectBack,0
been,been,s,ProjectBack,1
trauailers,trauailers,s,UNRECOGNIZED,0
differ,differ,s,Comparison,0
from,from,s,Comparison,1
other,other,s,Specifiers,0
kinds,kinds,s,Specifiers,1
of,of,s,Specifiers,2
people,people,c,PersonProperty,0
?,?,s,Question,0
So,so,n,SubjectiveTime,0
soon,soon,s,SubjectiveTime,1
as,as,s,,0
we,we,s,,0
arrive,arrive,c,SceneShift,0
",",",",s,,0
we,we,s,ReportingStates,0
are,are,s,ReportingStates,1
attended,attended,s,SubjectivePercept,0
to,to,s,SubjectivePercept,1
the,the,s,SubjectivePercept,2
Burse,burse,s,SenseObject,0
or,or,s,,0
Randevou,randevou,s,UNRECOGNIZED,0
of,of,s,,0
Merchants,merchants,c,PersonProperty,0
.,.,n,,0
There,there,s,SpaceRelation,0
we,we,s,SpaceRelation,1
walk,walk,s,Motions,0
as,as,s,Resemblances,0
if,if,s,Resemblances,1
the,the,s,Resemblances,2
whole,whole,s,Intensity,0
world,world,s,Intensity,1
has,has,s,CommonAuthorities,0
need,need,s,CommonAuthorities,1
to,to,s,CommonAuthorities,2
be,be,s,ReportingStates,0
informed,informed,c,ReportingStates,0
",",",",s,ReportingStates,1
yea,yea,s,OralCues,0
and,and,n,,0
directed,directed,s,ReportingEvents,0
by,by,s,,0
us,us,s,Inclusive,0
in,in,s,,0
matters,matters,s,Specifiers,0
of,of,s,Specifiers,1
greatest,greatest,s,Comparison,0
moment,moment,c,Immediacy,0
;,;,s,,0
such,such,s,Specifiers,0
as,as,s,Specifiers,1
is,is,s,ReportingStates,0
traffic,traffic,s,SenseObject,0
and,and,s,,0
commerce,commerce,n,AbstractConcepts,0
with,with,s,AbstractConcepts,1
foreign,foreign,s,AbstractConcepts,0
nations,nations,c,CommonAuthorities,0
",",",",s,,0
and,and,s,,0
the,the,s,,0
state,state,s,,0
and,and,s,,0
disposition,disposition,s,AbstractConcepts,0
of,of,s,,0
those,those,s,,0
kingdoms,kingdoms,s,CommonAuthorities,0
through,through,n,,0
which,which,s,Inclusive,0
we,we,s,Inclusive,1
have,have,s,,0
passed,passed,c,ReportingStates,0
.,.,s,ReportingStates,1
For,for,s,,0
it,it,s,Contingency,0
may,may,s,Contingency,1
be,be,s,Contingency,2
we,we,s,Contingency,0
can,can,s,Contingency,1
give,give,s,,0
intelligence,intelligence,s,AbstractConcepts,0
of,of,s,,0
preparations,preparations,n,ProjectAhead,0
and,and,s,,0
invasions,invasions,c,SceneShift,0
.,.,s,,0
We,we,s,Contingency,0
can,can,s,Contingency,1
demonstrate,demonstrate,s,Confidence,0
their,their,s,PersonPronoun,0
strength,strength,s,AbstractConcepts,0
and,and,s,,0
munition,munition,c,SenseObject,0
.,.,s,,0
We,we,s,Contingency,0
can,can,s,Contingency,1
number,number,n,AbstractConcepts,0
their,their,s,PersonPronoun,0
Captains,captains,s,PersonProperty,0
and,and,s,,0
Generals,generals,c,PersonProperty,0
.,.,s,,0
We,we,s,Contingency,0
can,can,s,Contingency,1
discover,discover,s,Curiosity,0
their,their,s,Curiosity,1
designs,designs,s,AbstractConcepts,0
and,and,s,,0
confederates,confederates,c,PersonProperty,0
.,.,n,DirectAddress,0
And,and,s,DirectAddress,1
finally,finally,c,Sequence,0
",",",",s,Sequence,1
we,we,s,Contingency,0
can,can,s,Contingency,1
lay,lay,s,ReportingEvents,0
plots,plots,s,LangRef,0
to,to,s,,0
cross,cross,s,SpaceRelation,0
and,and,s,,0
make,make,s,ReportingEvents,0
void,void,s,ReportingEvents,1
all,all,s,Generalization,0
their,their,s,Generalization,1
purposes,purposes,c,ProjectAhead,0
",",",",s,,0
and,and,n,,0
stratagems,stratagems,c,AbstractConcepts,0
",",",",s,Aside,0
which,which,s,Aside,1
these,these,s,Immediacy,0
homebred,homebred,s,PersonProperty,0
and,and,s,,0
country,country,s,AbstractConcepts,0
spunne,spunne,s,UNRECOGNIZED,0
people,people,s,PersonProperty,0
can,can,s,Contingency,0
never,never,s,DenyDisclaim,0
attain,attain,n,StandardsPos,0
unto,unto,c,CommonAuthorities,0
.,.,s,,0
Therefore,therefore,s,ReasonForward,0
by,by,s,,0
good,good,s,,0
right,right,s,,0
we,we,s,ReportingStates,0
are,are,s,ReportingStates,1
had,had,s,ProjectBack,0
in,in,s,,0
esteem,esteem,c,StandardsPos,0
",",",",s,,0
and,and,s,,0
special,special,s,Exceptions,0
request,request,c,Request,0
",",",",s,,0
and,and,n,,0
courteously,courteously,s,Positivity,0
received,received,s,ReportingStates,0
of,of,s,ReportingStates,1
Counselors,counselors,s,PersonProperty,0
of,of,s,,0
state,state,s,,0
wheresoever,wheresoever,s,SpaceRelation,0
we,we,s,Metadiscourse,0
come,come,c,Metadiscourse,1
.,.,s,,0
Neither,neither,s,DenyDisclaim,0
do,do,n,Intensity,0
w,w,c,LangRef,0
^,^,s,UNRECOGNIZED,0
tie,tie,s,SenseObject,0
our,our,s,Inclusive,0
selves,selves,s,SubjectivePercept,0
to,to,s,,0
any,any,s,Contingency,0
one,one,s,Contingency,1
dominion,dominion,s,CommonAuthorities,0
more,more,s,Comparison,0
then,then,s,,0
another,another,c,Specifiers,0
",",",",s,Resistance,0
but,but,s,Resistance,1
indifferently,indifferently,s,StandardsNeg,0
to,to,n,Generalization,0
all,all,s,Generalization,1
states,states,s,AbstractConcepts,0
we,we,s,,0
deliver,deliver,s,ReportingEvents,0
freely,freely,s,Disclosure,0
the,the,s,Contingency,0
condition,condition,s,Contingency,1
of,of,s,Contingency,2
every,every,s,Generalization,0
nation,nation,c,CommonAuthorities,0
.,.,s,DirectAddress,0
And,and,s,DirectAddress,1
the,the,s,SpaceRelation,0
place,place,s,SpaceRelation,1
we,we,n,,0
^^,^^,c,UNRECOGNIZED,0
ll,ll,s,,0
i,i,c,FirstPer,0
^^,^^,c,UNRECOGNIZED,0
o,o,s,LangRef,0
is,is,s,ReportingStates,0
our,our,s,StandardsPos,0
best,best,s,StandardsPos,1
beloved,beloved,s,StandardsPos,0
so,so,s,SubjectiveTime,0
long,long,s,SubjectiveTime,1
as,as,s,SubjectiveTime,2
there,there,s,SpaceRelation,0
we,we,s,SpaceRelation,1
tarry,tarry,c,SubjectiveTime,0
",",",",s,,0
and,and,s,DenyDisclaim,0
not,not,s,DenyDisclaim,1
a,a,s,TimeDuration,0
minute,minute,n,TimeDuration,1
longer,longer,c,Comparison,0
.,.,s,,0
We,we,s,,0
oblige,oblige,s,Responsibility,0
our,our,s,Inclusive,0
selves,selves,s,SubjectivePercept,0
to,to,s,DenyDisclaim,0
no,no,s,DenyDisclaim,1
Prince,prince,s,PersonProperty,0
for,for,s,,0
gold,gold,s,SenseObject,0
nor,nor,s,DenyDisclaim,0
gain,gain,c,,0
",",",",s,,0
nor,nor,s,DenyDisclaim,0
be,be,s,ReportingStates,0
pensioners,pensioners,n,PersonProperty,0
to,to,s,,0
any,any,s,,0
Monarche,monarche,c,UNRECOGNIZED,0
:,:,s,,0
but,but,s,Resistance,0
with,with,s,Resistance,1
desire,desire,s,Positivity,0
to,to,s,Positivity,1
see,see,s,,0
more,more,s,Comparison,0
we,we,s,,0
pass,pass,s,Motions,0
through,through,s,Motions,1
all,all,s,,0
gouernements,gouernements,c,UNRECOGNIZED,0
",",",",n,,0
vnchecked,vnchecked,s,UNRECOGNIZED,0
and,and,s,,0
uncontrolled,uncontrolled,c,StandardsNeg,0
",",",",s,,0
because,because,s,ReasonBackward,0
we,we,s,,0
take,take,s,Inclusive,0
part,part,s,Inclusive,1
with,with,s,Inclusive,2
none,none,c,DenyDisclaim,0
",",",",s,,0
offend,offend,c,Anger,0
",",",",s,,0
none,none,c,DenyDisclaim,0
",",",",s,,0
nor,nor,n,DenyDisclaim,0
are,are,s,DenyDisclaim,1
false,false,s,StandardsNeg,0
to,to,s,,0
any,any,c,Intensity,0
.,.,s,Intensity,1
And,and,s,,0
this,this,s,,0
life,life,s,AbstractConcepts,0
we,we,s,,0
love,love,s,Positivity,0
above,above,s,Intensity,0
all,all,s,Intensity,1
lives,lives,c,,0
",",",",s,,0
not,not,s,DenyDisclaim,0
content,content,s,Positivity,0
with,with,s,Positivity,1
any,any,n,,0
life,life,c,AbstractConcepts,0
",",",",s,Resistance,0
but,but,s,Resistance,1
that,that,s,Resistance,2
which,which,s,,0
seeks,seeks,s,ProjectAhead,0
an,an,s,ProjectAhead,1
other,other,s,Specifiers,0
life,life,nn,AbstractConcepts,0
Mounsieur,mounsieur,s,UNRECOGNIZED,0
Proberio,proberio,c,UNRECOGNIZED,0
",",",",s,,0
you,you,s,DirectAddress,0
are,are,s,DirectAddress,1
welcome,welcome,s,DirectAddress,2
home,home,c,SpaceRelation,0
.,.,nn,,0
That,that,s,Comparison,0
Is,is,s,Comparison,1
more,more,s,Comparison,2
then,then,s,ReasonForward,0
you,you,s,ReasonForward,1
know,know,s,ReasonForward,2
Segnieur,segnieur,s,UNRECOGNIZED,0
Simplo,simplo,c,UNRECOGNIZED,0
",",",",s,,0
what,what,s,,0
country,country,s,AbstractConcepts,0
shall,shall,s,ProjectAhead,0
be,be,s,ProjectAhead,1
my,my,s,FirstPer,0
home,home,c,SpaceRelation,0
?,?,nnn,Question,0
Then,then,s,Sequence,0
you,you,s,Sequence,1
are,are,s,ReportingStates,0
welcome,welcome,s,Positivity,0
into,into,s,,0
England,england,c,,0
.,.,nnn,,0
Thanks,thanks,s,Acknowledge,0
gentle,gentle,s,Positivity,0
Simplo,simplo,c,UNRECOGNIZED,0
.,.,nnn,Question,0
What,what,s,Question,1
news,news,c,Updates,0
?,?,s,Question,0
And,and,s,,0
what,what,s,,0
company,company,s,AbstractConcepts,0
came,came,s,SceneShift,0
over,over,s,SceneShift,1
with,with,s,SceneShift,2
you,you,c,DirectAddress,0
?,?,nnn,Question,0
News,news,s,Updates,0
I,i,s,SelfDisclosure,0
have,have,s,SelfDisclosure,1
none,none,s,DenyDisclaim,0
but,but,s,Resistance,0
ordinary,ordinary,s,PriorKnowledge,0
to,to,s,,0
tell,tell,s,DirectAddress,0
you,you,c,DirectAddress,1
.,.,s,Contingency,0
With,with,s,Contingency,1
the,the,s,Contingency,2
state,state,s,,0
I,i,s,Metadiscourse,0
shall,shall,s,Metadiscourse,1
have,have,s,ReportingEvents,0
some,some,n,ReportingEvents,1
business,business,c,AbstractConcepts,0
.,.,s,DirectAddress,0
And,and,s,DirectAddress,1
in,in,s,,0
my,my,s,FirstPer,0
company,company,s,AbstractConcepts,0
came,came,s,SceneShift,0
over,over,s,SceneShift,1
an,an,s,,0
old,old,s,SenseProperty,0
acquaintance,acquaintance,s,PersonProperty,0
of,of,s,DirectAddress,0
yours,yours,c,DirectAddress,1
",",",",s,,0
one,one,n,Numbers,0
Segnieur,segnieur,s,UNRECOGNIZED,0
Antonio,antonio,c,UNRECOGNIZED,0
",",",",s,,0
a,a,s,PersonProperty,0
man,man,s,PersonProperty,1
of,of,s,,0
extraordinary,extraordinary,s,Intensity,0
action,action,s,GenericEvents,0
and,and,s,,0
faction,faction,nnn,StandardsNeg,0
If,if,s,Contingency,0
it,it,s,Contingency,1
be,be,s,StandardsPos,0
the,the,s,StandardsPos,1
man,man,s,StandardsPos,2
I,i,s,FirstPer,0
contiecture,contiecture,s,UNRECOGNIZED,0
him,him,s,PersonPronoun,0
to,to,s,GenericEvents,0
be,be,c,GenericEvents,1
*,*,s,,0
his,his,s,PersonPronoun,0
name,name,s,LangRef,0
is,is,s,Confidence,0
plain,plain,s,Confidence,1
Anthony,anthony,c,UNRECOGNIZED,0
",",",",s,,0
an,an,n,,0
English,english,s,AbstractConcepts,0
man,man,c,PersonProperty,0
",",",",s,,0
borne,borne,s,ReportingEvents,0
some,some,s,Uncertainty,0
70,70,s,SpaceRelation,0
miles,miles,s,SpaceRelation,1
from,from,s,SpaceRelation,2
London,london,s,,0
Northwest,northwest,c,SpaceRelation,0
",",",",s,,0
and,and,s,,0
has,has,s,ProjectBack,0
been,been,s,ProjectBack,1
beyond,beyond,n,,0
seas,seas,s,SenseObject,0
some,some,s,Uncertainty,0
^,^,c,UNRECOGNIZED,0
euen,euen,s,UNRECOGNIZED,0
or,or,s,,0
twelve,twelve,s,TimeDuration,0
years,years,nnn,TimeDuration,1
That,that,s,Specifiers,0
Is,is,s,Specifiers,1
the,the,s,Specifiers,2
man,man,c,PersonProperty,0
.,.,s,Resistance,0
But,but,s,Resistance,1
we,we,s,,0
call,call,s,ReportingEvents,0
him,him,s,PersonPronoun,0
Segnieur,segnieur,s,UNRECOGNIZED,0
Antonio,antonio,c,UNRECOGNIZED,0
",",",",s,,0
by,by,s,ReasonForward,0
reason,reason,s,ReasonForward,1
of,of,s,ReasonForward,2
his,his,s,PersonPronoun,0
trauailers,trauailers,n,UNRECOGNIZED,0
in,in,s,,0
Italy,italy,s,,0
and,and,s,,0
other,other,s,Specifiers,0
places,places,nnn,SpaceRelation,0
As,as,s,TimeDuration,0
he,he,s,TimeDuration,1
has,has,s,,0
changed,changed,s,Biographical_Time,0
his,his,s,Biographical_Time,1
name,name,s,Biographical_Time,2
and,and,s,,0
country,country,c,AbstractConcepts,0
",",",",s,,0
has,has,s,,0
he,he,s,PersonPronoun,0
not,not,s,DenyDisclaim,0
altered,altered,s,Narrative_Verbs,0
his,his,s,Narrative_Verbs,1
conditions,conditions,c,AbstractConcepts,0
?,?,n,Question,0
I,i,s,Reassure,0
assure,assure,s,Reassure,1
you,you,s,Reassure,2
he,he,s,PersonPronoun,0
was,was,s,ProjectBack,0
very,very,s,Intensity,0
honest,honest,c,StandardsPos,0
",",",",s,,0
and,and,s,,0
of,of,s,,0
good,good,s,,0
expectation,expectation,s,ProjectAhead,0
before,before,s,Sequence,0
he,he,s,PersonPronoun,0
went,went,nnn,ReportingEvents,0
No,no,c,OralCues,0
",",",",s,OralCues,1
upon,upon,s,,0
my,my,s,OralCues,0
word,word,c,OralCues,1
.,.,s,,0
He,he,s,PersonPronoun,0
came,came,s,SceneShift,0
over,over,s,SceneShift,1
a,a,s,Intensity,0
great,great,s,Intensity,1
deal,deal,s,Intensity,2
better,better,s,Comparison,0
then,then,s,Sequence,0
he,he,s,Sequence,1
went,went,c,ReportingStates,0
",",",",s,ReportingStates,1
and,and,s,,0
well,well,n,StandardsPos,0
qualified,qualified,c,StandardsPos,1
:,:,s,,0
and,and,s,,0
there,there,s,ProjectBack,0
was,was,s,ProjectBack,1
no,no,s,Confidence,0
doubt,doubt,s,Confidence,1
but,but,s,Resistance,0
he,he,s,Biographical_Time,0
would,would,s,Biographical_Time,1
continue,continue,s,Updates,0
so,so,s,,0
still,still,c,Updates,0
",",",",s,Resistance,0
but,but,s,Resistance,1
that,that,n,Resistance,2
covetousness,covetousness,c,SubjectivePercept,0
",",",",s,,0
and,and,s,,0
the,the,s,,0
diuel's,diuel's,s,UNRECOGNIZED,0
on,on,s,SpaceRelation,0
it,it,nnn,SpaceRelation,1
What,what,c,Question,0
?,?,s,Question,1
is,is,s,Question,0
he,he,s,Question,1
given,given,s,SubjectivePercept,0
to,to,s,SubjectivePercept,1
that,that,c,,0
?,?,s,Question,0
it,it,s,,0
were,were,s,ProjectBack,0
great,great,s,Intensity,0
pity,pity,c,Sad,0
.,.,nnn,OralCues,0
Well,well,c,OralCues,1
",",",",s,OralCues,2
this,this,s,,0
Sir,sir,s,PersonProperty,0
Antonio,antonio,s,UNRECOGNIZED,0
or,or,s,,0
Anthony,anthony,s,UNRECOGNIZED,0
whether,whether,s,Contingency,0
you,you,s,DirectAddress,0
will,will,c,PredictedFuture,0
*,*,s,,0
has,has,s,ProjectBack,0
seen,seen,s,ProjectBack,1
many,many,s,,0
countries,countries,c,AbstractConcepts,0
",",",",n,,0
and,and,s,,0
learned,learned,s,ReportingEvents,0
many,many,s,,0
strange,strange,s,SubjectivePercept,0
qualities,qualities,nnn,AbstractConcepts,0
Strange,strange,s,SubjectivePercept,0
qualities,qualities,c,AbstractConcepts,0
!,!,s,,0
be,be,s,ReportingStates,0
they,they,s,,0
as,as,s,Comparison,0
good,good,s,Comparison,1
as,as,s,Comparison,2
they,they,s,,0
be,be,s,ReportingStates,0
strange,strange,c,SubjectivePercept,0
?,?,nnn,Question,0
Nay,nay,c,OralCues,0
",",",",s,,0
do,do,s,DirectAddress,0
you,you,s,DirectAddress,1
judge,judge,c,PrivateThinking,0
?,?,s,Question,0
I,i,s,FirstPer,0
Will,will,s,PredictedFuture,0
tell,tell,s,DirectAddress,0
you,you,s,DirectAddress,1
some,some,s,Specifiers,0
of,of,s,Specifiers,1
them,them,c,Specifiers,2
.,.,s,DirectAddress,0
And,and,s,DirectAddress,1
if,if,s,DirectAddress,0
you,you,s,DirectAddress,1
like,like,s,DirectAddress,2
them,them,c,,0
",",",",s,,0
we,we,s,,0
will,will,n,PredictedFuture,0
put,put,s,Narrative_Verbs,0
them,them,s,Narrative_Verbs,1
in,in,s,In_Media,0
print,print,c,In_Media,1
",",",",s,,0
and,and,s,,0
set,set,s,ProjectAhead,0
them,them,s,ProjectAhead,1
up,up,s,ProjectAhead,2
to,to,s,ProjectAhead,3
be,be,s,ReportingStates,0
sold,sold,s,ReportingEvents,0
at,at,s,SpaceRelation,0
the,the,s,SpaceRelation,1
Hospital,hospital,s,SenseObject,0
porch,porch,c,SenseObject,0
",",",",s,,0
near,near,s,SpaceRelation,0
S,s,c,AbstractConcepts,0
.,.,n,AbstractConcepts,1
Nicholas,nicholas,s,UNRECOGNIZED,0
shambles,shambles,c,Motions,0
",",",",s,,0
and,and,s,,0
annexed,annexed,s,ReportingEvents,0
to,to,s,,0
the,the,s,Intensity,0
great,great,s,Intensity,1
thing,thing,s,Uncertainty,0
in,in,s,,0
magna,magna,s,AbstractConcepts,0
chart,chart,c,SenseObject,0
^,^,c,UNRECOGNIZED,0
",",",",s,,0
or,or,s,,0
magno,magno,n,UNRECOGNIZED,0
folio,folio,c,SenseObject,0
",",",",s,,0
entiuled,entiuled,c,UNRECOGNIZED,0
",",",",s,,0
an,an,s,Negativity,0
Admonition,admonition,s,Negativity,1
to,to,s,Negativity,2
householders,householders,nnn,PersonProperty,0
Well,well,c,OralCues,0
",",",",s,OralCues,1
if,if,s,Contingency,0
they,they,s,Contingency,1
deserve,deserve,s,StandardsPos,0
so,so,c,AbstractConcepts,0
",",",",s,AbstractConcepts,1
it,it,s,ProjectAhead,0
shall,shall,s,ProjectAhead,1
be,be,s,ProjectAhead,2
so,so,c,,0
;,;,s,,0
and,and,s,,0
I,i,s,FirstPer,0
Will,will,s,PredictedFuture,0
bestow,bestow,s,StandardsPos,0
the,the,s,,0
cost,cost,s,AbstractConcepts,0
in,in,s,,0
printing,printing,c,SenseObject,0
",",",",n,,0
and,and,s,,0
deal,deal,s,ReportingEvents,0
with,with,s,ReportingEvents,1
a,a,s,Positivity,0
friend,friend,s,Positivity,1
for,for,s,,0
their,their,s,PersonPronoun,0
allowance,allowance,s,CommonAuthorities,0
sub,sub,s,Substitution,0
pri^ilegio,pri^ilegio,nnn,UNRECOGNIZED,0
But,but,s,Resistance,0
first,first,s,Sequence,0
I,i,s,FirstPer,0
Will,will,s,PredictedFuture,0
account,account,s,ReportingEvents,0
to,to,s,ReportingEvents,1
thee,thee,s,DirectAddress,0
what,what,s,,0
accidents,accidents,s,Contingency,0
we,we,s,ProjectBack,0
had,had,s,ProjectBack,1
in,in,s,,0
travail,travail,c,Negativity,0
.,.,nnn,Resistance,0
But,but,s,Resistance,1
I,i,s,FirstPer,0
Will,will,s,PredictedFuture,0
hear,hear,s,SubjectivePercept,0
nothing,nothing,s,SubjectivePercept,1
till,till,s,TimeShift,0
I,i,s,TimeShift,1
hear,hear,s,SpaceRelation,0
them,them,c,,0
.,.,nnn,,0
No,no,c,DenyDisclaim,0
?,?,s,Question,0
what,what,s,Curiosity,0
if,if,s,Curiosity,1
I,i,s,Insist,0
should,should,s,Insist,1
first,first,s,Sequence,0
read,read,s,GenericEvents,0
a,a,s,GenericEvents,1
Sermon,sermon,s,GenericEvents,2
preached,preached,s,Citations,0
within,within,s,,0
these,these,s,Immediacy,0
seven,seven,s,Numbers,0
days,days,s,TimeDuration,0
at,at,n,,0
Amsterdam,amsterdam,s,,0
by,by,s,,0
a,a,s,PersonProperty,0
man,man,s,PersonProperty,1
of,of,s,Intensity,0
most,most,s,Intensity,1
pure,pure,s,StandardsPos,0
profession,profession,s,CommonAuthorities,0
and,and,s,,0
invention,invention,s,StandardsPos,0
not,not,s,DenyDisclaim,0
ordinary,ordinary,c,PriorKnowledge,0
",",",",s,,0
passing,passing,n,ReportingEvents,0
all,all,s,Generalization,0
that,that,s,Generalization,1
lived,lived,s,ReportingEvents,0
before,before,s,Sequence,0
or,or,s,,0
behind,behind,s,SpaceRelation,0
him,him,s,SpaceRelation,1
in,in,s,Citations,0
the,the,s,Citations,1
novel,novel,s,Citations,2
strain,strain,c,ReportingEvents,0
;,;,s,,0
himself,himself,s,PersonPronoun,0
of,of,s,,0
the,the,n,,0
right,right,s,,0
cut,cut,s,ReportingStates,0
of,of,s,ReportingStates,1
Carolstadius,carolstadius,c,UNRECOGNIZED,0
:,:,s,,0
in,in,s,Specifiers,0
which,which,s,Specifiers,1
Sermon,sermon,s,SenseObject,0
he,he,s,PersonPronoun,0
proves,proves,s,Confidence,0
most,most,s,Comparison,0
deucutly,deucutly,c,UNRECOGNIZED,0
",",",",s,,0
that,that,s,,0
it,it,n,,0
is,is,s,ReportingStates,0
Idolatry,idolatry,s,StandardsNeg,0
to,to,s,Resistance,0
fight,fight,s,Resistance,1
against,against,s,Resistance,0
the,the,s,Resistance,1
Turk,turk,c,PersonProperty,0
.,.,s,Future_Question,0
Would,would,s,Future_Question,1
thou,thou,s,DirectAddress,0
not,not,s,DenyDisclaim,0
hear,hear,s,PrivateThinking,0
that,that,s,PrivateThinking,1
first,first,nnn,Sequence,0
No,no,c,DenyDisclaim,0
.,.,s,Question,0
What,what,s,Question,1
tell,tell,s,,0
thou,thou,s,DirectAddress,0
me,me,s,FirstPer,0
of,of,s,,0
Sermons,sermons,c,SenseObject,0
?,?,s,Question,0
let,let,s,DirectAddress,0
us,us,s,DirectAddress,1
have,have,s,Updates,0
these,these,s,Updates,1
qualities,qualities,s,AbstractConcepts,0
without,without,s,Contingency,0
any,any,n,Contingency,1
more,more,s,Comparison,0
digressions,digressions,nnn,Aside,0
Well,well,c,OralCues,0
",",",",s,OralCues,1
since,since,s,,0
you,you,s,DirectAddress,0
are,are,s,DirectAddress,1
so,so,s,,0
desirous,desirous,c,Positivity,0
",",",",s,,0
you,you,s,Insist,0
shall,shall,s,Insist,1
have,have,s,Cause,0
them,them,s,Cause,1
by,by,s,,0
whole,whole,s,,0
sale,sale,c,AbstractConcepts,0
",",",",s,,0
retaile,retaile,n,UNRECOGNIZED,0
them,them,s,,0
at,at,s,GenericEvents,0
leisure,leisure,s,GenericEvents,1
when,when,s,DirectAddress,0
you,you,s,DirectAddress,1
come,come,s,SceneShift,0
home,home,nn,SceneShift,1
Imprimis,imprimis,c,Sequence,0
",",",",s,,0
when,when,s,TimeShift,0
he,he,s,TimeShift,1
lives,lives,s,Biographical_Time,0
in,in,s,Biographical_Time,1
a,a,s,Biographical_Time,2
great,great,s,Intensity,0
town,town,s,SpaceRelation,0
like,like,c,SubjectivePercept,0
",",",",s,,0
London,london,c,,0
",",",",s,,0
he,he,s,PersonPronoun,0
loves,loves,s,Positivity,0
to,to,s,Positivity,1
lie,lie,s,ReportingEvents,0
in,in,s,ReportingEvents,1
a,a,n,,0
corner,corner,s,SpaceRelation,0
over,over,s,SpaceRelation,0
the,the,s,SpaceRelation,1
Kitchen,kitchen,c,SenseObject,0
",",",",s,,0
because,because,s,ReasonBackward,0
the,the,s,ReasonBackward,1
Jack,jack,s,AbstractConcepts,0
shall,shall,s,ProjectAhead,0
not,not,s,ProjectAhead,1
whirle,whirle,s,UNRECOGNIZED,0
too,too,s,Negativity,0
often,often,c,Negativity,1
",",",",s,,0
to,to,s,,0
waken,waken,n,Motions,0
or,or,s,,0
distract,distract,s,SubjectivePercept,0
him,him,s,SubjectivePercept,1
in,in,s,CommonAuthorities,0
prayer,prayer,c,CommonAuthorities,1
.,.,s,,0
His,his,s,PersonPronoun,0
dinners,dinners,s,GenericEvents,0
are,are,s,ProjectAhead,0
for,for,s,ProjectAhead,1
the,the,s,ProjectAhead,2
most,most,s,Comparison,0
part,part,s,,0
ordinary,ordinary,c,PriorKnowledge,0
",",",",s,,0
except,except,n,Exceptions,0
four,four,s,Numbers,0
days,days,s,TimeDuration,0
in,in,s,TimeDuration,1
the,the,s,TimeDuration,0
week,week,s,TimeDuration,1
he,he,s,PersonPronoun,0
visit,visit,s,SceneShift,0
his,his,s,SceneShift,1
housekeeping,housekeeping,s,GenericEvents,0
friends,friends,c,StandardsPos,0
.,.,s,DirectAddress,0
And,and,s,DirectAddress,1
at,at,s,SpaceRelation,0
supper,supper,s,SpaceRelation,1
a,a,n,Positivity,0
couple,couple,s,Positivity,1
of,of,s,,0
eggs,eggs,c,SenseObject,0
",",",",s,,0
and,and,s,,0
a,a,s,SubjectivePercept,0
bit,bit,s,SubjectivePercept,1
of,of,s,SubjectivePercept,2
cheese,cheese,s,SenseObject,0
is,is,s,ReportingStates,0
a,a,s,ReportingStates,1
choice,choice,s,SubjectivePercept,0
diet,diet,s,AbstractConcepts,0
after,after,s,Sequence,0
a,a,s,Sequence,1
liberal,liberal,s,AbstractConcepts,0
dinner,dinner,c,AbstractConcepts,0
:,:,n,,0
besides,besides,s,Specifiers,0
it,it,s,,0
saues,saues,s,UNRECOGNIZED,0
fire,fire,s,SenseObject,0
and,and,s,,0
washing,washing,s,Motions,0
of,of,s,,0
dishes,dishes,nnn,SenseObject,0
But,but,s,Resistance,0
if,if,s,Contingency,0
I,i,s,Contingency,1
were,were,s,Contingency,2
his,his,s,PersonPronoun,0
man,man,c,PersonProperty,0
",",",",s,,0
if,if,s,Contingency,0
he,he,s,Contingency,1
kept,kept,s,TimeDuration,0
no,no,s,DenyDisclaim,0
better,better,s,DenyDisclaim,1
cheer,cheer,s,Positivity,0
at,at,s,,0
his,his,s,PersonPronoun,0
chamber,chamber,c,SenseObject,0
*,*,s,,0
I,i,s,SelfDisclosure,0
would,would,n,SelfDisclosure,1
make,make,s,ReportingEvents,0
the,the,s,,0
cheesefrye,cheesefrye,s,UNRECOGNIZED,0
until,until,s,TimeDuration,0
the,the,s,TimeDuration,1
butter,butter,s,SenseObject,0
were,were,s,ProjectBack,0
spent,spent,nnn,ReportingEvents,0
But,but,s,Resistance,0
your,your,s,DirectAddress,0
cunning,cunning,s,Negativity,0
would,would,s,ProjectBack,0
fail,fail,s,StandardsNeg,0
you,you,c,DirectAddress,0
",",",",s,ReasonForward,0
for,for,s,ReasonForward,1
he,he,s,ReasonForward,2
has,has,s,ReportingEvents,0
a,a,s,ReportingEvents,1
trick,trick,s,SubjectivePercept,0
beyond,beyond,s,Confront,0
your,your,s,Confront,1
reach,reach,s,Confront,2
for,for,n,,0
preserving,preserving,s,ProjectAhead,0
his,his,s,PersonPronoun,0
cheese,cheese,c,SenseObject,0
.,.,s,Resistance,0
But,but,s,Resistance,1
to,to,s,,0
the,the,s,Sequence,0
next,next,nn,Sequence,1
Secondly,secondly,c,Sequence,0
",",",",s,,0
he,he,s,PersonPronoun,0
so,so,s,,0
cauils,cauils,s,UNRECOGNIZED,0
and,and,s,,0
wrangles,wrangles,s,Negative_Relation,0
with,with,s,Negative_Relation,1
any,any,s,,0
man,man,s,PersonProperty,0
that,that,s,,0
he,he,s,PersonPronoun,0
deals,deals,s,,0
withal,withal,c,Metadiscourse,0
",",",",s,,0
that,that,n,,0
they,they,s,Biographical_Time,0
never,never,s,Biographical_Time,1
agree,agree,s,StandardsPos,0
or,or,s,,0
love,love,s,Positivity,0
after,after,c,Sequence,0
",",",",s,,0
and,and,s,Resistance,0
yet,yet,s,Resistance,1
every,every,s,RecurringEvents,0
Saturday,saturday,s,RecurringEvents,1
he,he,s,Neutral_Attribution,0
makes,makes,s,Neutral_Attribution,1
eauen,eauen,s,UNRECOGNIZED,0
with,with,s,Generalization,0
all,all,n,Generalization,1
the,the,s,,0
world,world,nnn,AbstractConcepts,0
Thou,thou,s,DirectAddress,0
tell,tell,s,Citations,0
me,me,s,Citations,1
a,a,s,,0
wonder,wonder,c,Curiosity,0
.,.,s,Question,0
How,how,s,Question,1
shall,shall,s,Future_Question,0
I,i,s,Future_Question,1
believe,believe,s,PrivateThinking,0
this,this,c,,0
?,?,nnn,Question,0
It,it,s,ReportingStates,0
is,is,s,ReportingStates,1
so,so,c,ReportingStates,2
:,:,s,,0
choose,choose,s,ReportingEvents,0
whether,whether,s,Contingency,0
thou,thou,s,DirectAddress,0
will,will,s,PredictedFuture,0
believe,believe,s,PrivateThinking,0
me,me,c,FirstPer,0
",",",",s,,0
or,or,s,,0
no,no,c,DenyDisclaim,0
.,.,nnn,DirectAddress,0
Let,let,s,DirectAddress,1
me,me,s,DirectAddress,2
see,see,s,DirectAddress,3
how,how,s,Curiosity,0
these,these,s,Curiosity,1
can,can,s,Contingency,0
be,be,s,Contingency,1
reconciled,reconciled,c,ReportingStates,0
.,.,nnn,ReportingStates,1
Can,can,s,Contingency,0
thou,thou,s,DirectAddress,0
not,not,s,DenyDisclaim,0
reconcile,reconcile,s,StandardsPos,0
them,them,c,,0
?,?,s,Question,0
I,i,s,FirstPer,0
see,see,s,,0
thou,thou,s,DirectAddress,0
art,art,s,AbstractConcepts,0
a,a,s,Intensity,0
very,very,s,Intensity,1
barren,barren,s,Negativity,0
fellow,fellow,c,PersonProperty,0
;,;,s,,0
thou,thou,s,DirectAddress,0
have,have,n,DenyDisclaim,0
not,not,s,DenyDisclaim,1
a,a,s,SenseObject,0
spoonful,spoonful,s,SenseObject,1
of,of,s,SenseObject,2
wit,wit,c,StandardsPos,0
.,.,s,,0
I,i,s,SelfReluctance,0
am,am,s,SelfReluctance,1
sorry,sorry,s,SelfReluctance,2
that,that,s,SelfReluctance,3
ever,ever,s,Biographical_Time,0
I,i,s,FirstPer,0
undertook,undertook,s,ProjectAhead,0
to,to,s,ProjectAhead,1
teach,teach,s,ReportingEvents,0
thee,thee,s,DirectAddress,0
these,these,n,Immediacy,0
incomparable,incomparable,s,StandardsPos,0
tricks,tricks,s,SubjectivePercept,0
of,of,s,,0
Don,don,s,PersonProperty,0
Antonto,antonto,c,UNRECOGNIZED,0
",",",",s,,0
labored,labored,s,ReportingEvents,0
for,for,s,ReportingEvents,1
so,so,s,,0
toughly,toughly,s,SenseProperty,0
in,in,s,,0
climing,climing,s,UNRECOGNIZED,0
the,the,n,,0
Alps,alps,c,SpaceRelation,0
",",",",s,ReasonForward,0
and,and,s,ReasonForward,1
so,so,s,ReasonForward,2
dangerously,dangerously,s,Fear,0
brought,brought,s,Negativity,0
down,down,c,Negativity,1
*,*,s,,0
Thou,thou,s,DirectAddress,0
look,look,s,ReportingEvents,0
too,too,s,,0
neerehand,neerehand,c,UNRECOGNIZED,0
",",",",s,,0
as,as,s,Resemblances,0
if,if,s,Resemblances,1
a,a,n,Resemblances,2
man,man,s,PersonProperty,0
would,would,s,ProjectBack,0
spy,spy,s,Negativity,0
for,for,s,,0
a,a,s,,0
Woodcocke,woodcocke,s,UNRECOGNIZED,0
in,in,s,,0
the,the,s,Sequence,0
next,next,s,Sequence,1
queath,queath,s,UNRECOGNIZED,0
of,of,s,,0
bushes,bushes,c,SenseObject,0
;,;,s,,0
whereas,whereas,s,Metadiscourse,0
thou,thou,n,DirectAddress,0
oughtst,oughtst,s,UNRECOGNIZED,0
to,to,s,,0
eleuate,eleuate,s,UNRECOGNIZED,0
thy,thy,s,DirectAddress,0
aspect,aspect,c,AbstractConcepts,0
^,^,s,UNRECOGNIZED,0
to,to,s,,0
thy,thy,s,DirectAddress,0
uttermost,uttermost,s,Intensity,0
kenning,kenning,c,PrivateThinking,0
",",",",s,,0
as,as,s,,0
those,those,s,,0
do,do,s,ReportingEvents,0
that,that,s,ReportingEvents,1
lie,lie,n,SpaceRelation,0
on,on,s,SpaceRelation,1
their,their,s,PersonPronoun,0
backs,backs,s,AbstractConcepts,0
to,to,s,TimeDuration,0
keep,keep,s,TimeDuration,1
sight,sight,s,SenseProperty,0
of,of,s,,0
hawks,hawks,s,SenseObject,0
which,which,s,,0
aspire,aspire,s,ProjectAhead,0
beyond,beyond,s,SpaceRelation,0
the,the,s,SpaceRelation,1
first,first,s,Sequence,0
region,region,c,AbstractConcepts,0
.,.,n,Imperative,0
Search,search,s,Imperative,1
me,me,s,FirstPer,0
the,the,s,,0
furthest,furthest,s,Intensity,0
corner,corner,s,SpaceRelation,0
of,of,s,SpaceRelation,1
thy,thy,s,DirectAddress,0
capacity,capacity,c,AbstractConcepts,0
",",",",s,,0
and,and,s,,0
there,there,s,,0
see,see,s,Contingency,0
if,if,s,Contingency,1
perhaps,perhaps,s,Uncertainty,0
do,do,s,Intensity,0
lie,lie,n,Motions,0
as,as,s,Specifiers,0
in,in,s,Specifiers,1
an,an,s,Specifiers,2
abstruse,abstruse,s,Negativity,0
angles,angles,c,,0
",",",",s,,0
some,some,s,Uncertainty,0
secret,secret,s,AbstractConcepts,0
pattern,pattern,s,AbstractConcepts,0
of,of,s,,0
these,these,s,Immediacy,0
proiects,proiects,c,UNRECOGNIZED,0
.,.,s,,0
Every,every,s,Generalization,0
B^zzard,b^zzard,n,UNRECOGNIZED,0
will,will,s,PredictedFuture,0
prye,prye,s,UNRECOGNIZED,0
if,if,s,Contingency,0
a,a,s,Contingency,1
mowle,mowle,s,UNRECOGNIZED,0
or,or,s,,0
a,a,s,,0
mouse,mouse,s,SenseObject,0
shall,shall,s,ProjectAhead,0
happen,happen,s,Contingency,0
in,in,s,TimeDuration,0
an,an,s,TimeDuration,1
hours,hours,s,TimeDuration,2
watching,watching,s,,0
to,to,s,,0
creep,creep,n,Fear,0
from,from,s,,0
a,a,s,,0
bushe,bushe,s,UNRECOGNIZED,0
right,right,s,SpaceRelation,0
under,under,s,SpaceRelation,1
her,her,s,PersonPronoun,0
stand,stand,c,AbstractConcepts,0
:,:,s,,0
give,give,s,ReportingEvents,0
me,me,s,ReportingEvents,1
the,the,s,ReportingEvents,2
Eagle,eagle,s,SenseObject,0
soaring,soaring,s,Motions,0
conceits,conceits,c,SubjectivePercept,0
",",",",s,,0
to,to,n,,0
spy,spy,s,Negativity,0
what,what,s,,0
springs,springs,s,Motions,0
before,before,s,Sequence,0
the,the,s,,0
furthest,furthest,s,Intensity,0
ranger,ranger,s,PersonProperty,0
a,a,s,SpaceRelation,0
mile,mile,s,SpaceRelation,1
off,off,nnn,SpaceRelation,2
I,i,s,FirstPer,0
know,know,s,Uncertainty,0
not,not,s,Uncertainty,1
how,how,s,Uncertainty,2
to,to,s,,0
diue,diue,s,UNRECOGNIZED,0
into,into,s,,0
this,this,s,,0
bottomless,bottomless,s,Intensity,0
secret,secret,c,AbstractConcepts,0
*,*,s,,0
It,it,s,,0
is,is,s,ReportingStates,0
sure,sure,s,Confidence,0
some,some,s,Uncertainty,0
riddle,riddle,c,Curiosity,0
.,.,s,,0
I,i,n,FirstPer,0
pre,pre,s,UNRECOGNIZED,0
thee,thee,s,DirectAddress,0
suspend,suspend,s,ReportingEvents,0
me,me,s,FirstPer,0
no,no,s,Updates,0
longer,longer,c,Updates,1
:,:,s,,0
for,for,s,Contingency,0
if,if,s,Contingency,1
I,i,s,Insist,0
should,should,s,Insist,1
beat,beat,s,Negativity,0
my,my,s,FirstPer,0
brains,brains,s,SenseObject,0
with,with,s,Specifiers,0
an,an,s,Specifiers,1
Iron,iron,n,SenseObject,0
pestle,pestle,c,SenseObject,0
",",",",s,,0
not,not,s,DenyDisclaim,0
a,a,s,DenyDisclaim,1
sprinkle,sprinkle,s,SenseObject,0
of,of,s,,0
them,them,s,,0
will,will,s,PredictedFuture,0
light,light,s,SceneShift,0
upon,upon,s,SceneShift,1
the,the,s,SpaceRelation,0
outside,outside,s,SpaceRelation,1
of,of,s,SpaceRelation,2
this,this,s,,0
enigmaticall,enigmaticall,n,UNRECOGNIZED,0
proposition,proposition,c,LangRef,0
.,.,s,,0
Nay,nay,c,OralCues,0
",",",",s,,0
good,good,s,Immediacy,0
now,now,s,Immediacy,1
tell,tell,s,Citations,0
me,me,c,Citations,1
",",",",s,,0
how,how,s,,0
he,he,s,CommonAuthorities,0
that,that,s,CommonAuthorities,1
palters,palters,s,Negativity,0
with,with,s,RecurringEvents,0
every,every,s,RecurringEvents,1
body,body,c,SenseObject,0
",",",",s,Future_Question,0
should,should,n,Future_Question,1
be,be,s,ReportingStates,0
eauen,eauen,s,UNRECOGNIZED,0
at,at,s,,0
weeks,weeks,s,TimeDuration,0
end,end,nnn,Sequence,0
Well,well,c,OralCues,0
",",",",s,OralCues,1
I,i,s,FirstPer,0
will,will,s,PredictedFuture,0
not,not,s,PredictedFuture,1
stick,stick,s,SubjectiveTime,0
with,with,s,SubjectiveTime,1
thee,thee,s,DirectAddress,0
for,for,s,,0
this,this,s,,0
once,once,c,TimeShift,0
",",",",s,Resistance,0
but,but,s,Resistance,1
look,look,s,ReportingEvents,0
not,not,s,DenyDisclaim,0
for,for,s,,0
it,it,s,,0
often,often,c,RecurringEvents,0
;,;,n,,0
for,for,s,,0
I,i,s,FirstPer,0
Will,will,s,PredictedFuture,0
not,not,s,PredictedFuture,1
use,use,s,ReportingEvents,0
you,you,s,DirectAddress,0
to,to,s,,0
it,it,c,,0
.,.,s,Imperative,0
Find,find,s,Imperative,1
them,them,s,,0
out,out,s,,0
by,by,s,DirectAddress,0
your,your,s,DirectAddress,1
own,own,s,ReportingEvents,0
study,study,s,ProjectAhead,0
for,for,s,ProjectAhead,1
me,me,n,FirstPer,0
hereafter,hereafter,c,ProjectAhead,0
.,.,s,,0
You,you,s,DirectAddress,0
are,are,s,DirectAddress,1
of,of,s,Biographical_Time,0
age,age,s,Biographical_Time,1
one,one,s,ReceivedPOV,0
would,would,s,ReceivedPOV,1
think,think,c,ReceivedPOV,2
.,.,s,,0
Thus,thus,s,ReasonForward,0
it,it,s,,0
is,is,c,ReportingStates,0
:,:,s,,0
hearken,hearken,s,Immediacy,0
well,well,s,SenseObject,0
what,what,s,Citations,0
I,i,n,Citations,1
say,say,s,Citations,2
at,at,s,Sequence,0
first,first,c,Sequence,1
.,.,s,,0
for,for,s,,0
I,i,s,FirstPer,0
Will,will,s,PredictedFuture,0
not,not,s,PredictedFuture,1
repeat,repeat,s,RecurringEvents,0
it,it,s,,0
again,again,s,RecurringEvents,0
for,for,s,,0
losing,losing,s,Negativity,0
of,of,s,SubjectiveTime,0
time,time,c,SubjectiveTime,1
.,.,s,,0
He,he,s,PersonPronoun,0
i,i,c,FirstPer,0
^,^,s,UNRECOGNIZED,0
^,^,c,UNRECOGNIZED,0
a^en,a^en,n,UNRECOGNIZED,0
with,with,s,Generalization,0
all,all,s,Generalization,1
the,the,s,,0
world,world,s,AbstractConcepts,0
every,every,s,RecurringEvents,0
Saturday,saturday,c,RecurringEvents,1
.,.,s,,0
Those,those,s,,0
were,were,s,ProjectBack,0
my,my,s,FirstPer,0
words,words,c,LangRef,0
",",",",s,,0
and,and,s,,0
I,i,s,FirstPer,0
Will,will,s,PredictedFuture,0
make,make,s,ReportingEvents,0
them,them,n,,0
good,good,c,,0
;,;,s,,0
mark,mark,s,AbstractConcepts,0
diligently,diligently,nnn,StandardsPos,0
Nay,nay,c,OralCues,0
",",",",s,,0
pre,pre,s,UNRECOGNIZED,0
thee,thee,s,DirectAddress,0
dispatch,dispatch,c,ReportingEvents,0
",",",",s,,0
or,or,s,Contingency,0
else,else,s,Contingency,1
I,i,s,Insist,0
cannot,cannot,s,Insist,1
mark,mark,s,AbstractConcepts,0
as,as,s,SelfDisclosure,0
I,i,s,SelfDisclosure,1
was,was,s,ProjectBack,0
wont,wont,s,SubjectivePercept,0
to,to,s,,0
do,do,c,GenericEvents,0
.,.,s,GenericEvents,1
The,the,s,,0
mark,mark,n,AbstractConcepts,0
will,will,s,PredictedFuture,0
be,be,s,PredictedFuture,1
out,out,s,,0
of,of,s,,0
my,my,s,FirstPer,0
mouth,mouth,s,SenseObject,0
if,if,s,Contingency,0
you,you,s,DirectAddress,0
come,come,s,ReportingEvents,0
not,not,s,DenyDisclaim,0
quickly,quickly,s,SubjectiveTime,0
out,out,s,SpaceRelation,0
with,with,s,SpaceRelation,1
it,it,nnn,SpaceRelation,2
Well,well,c,OralCues,0
",",",",s,OralCues,1
every,every,s,RecurringEvents,0
Saturday,saturday,s,RecurringEvents,1
night,night,s,RecurringEvents,2
he,he,s,Neutral_Attribution,0
makes,makes,s,Neutral_Attribution,1
eauen,eauen,s,UNRECOGNIZED,0
with,with,s,Generalization,0
all,all,s,Generalization,1
the,the,s,,0
world,world,c,AbstractConcepts,0
",",",",s,,0
because,because,s,ReasonBackward,0
he,he,n,PersonPronoun,0
will,will,s,PredictedFuture,0
be,be,s,PredictedFuture,1
the,the,s,PredictedFuture,2
better,better,s,Comparison,0
disposed,disposed,s,SubjectivePercept,0
against,against,s,,0
sunday,sunday,c,,0
.,.,s,,0
Hem,hem,s,SenseObject,0
Ha,ha,nnn,OralCues,0
Alas,alas,c,Negativity,0
!,!,s,,0
not,not,s,Updates,0
yet,yet,c,Updates,1
*,*,s,,0
I,i,s,SelfDisclosure,0
am,am,s,SelfDisclosure,1
not,not,s,StandardsNeg,0
able,able,s,StandardsNeg,1
to,to,s,StandardsNeg,2
endure,endure,s,Resistance,0
it,it,c,,0
",",",",s,,0
I,i,s,FirstPer,0
faint,faint,c,SenseProperty,0
.,.,nnn,,0
He,he,s,Updates,0
is,is,s,Updates,1
even,even,s,SubjectivePercept,0
that,that,s,Specifiers,0
is,is,s,Specifiers,1
to,to,s,Specifiers,2
say,say,c,Specifiers,3
.,.,s,,0
Ha,ha,c,OralCues,0
.,.,s,,0
Ha,ha,c,OralCues,0
.,.,s,,0
Hae,hae,c,ReportingEvents,0
.,.,nnn,,0
O,o,s,LangRef,0
my,my,s,SelfDisclosure,0
heart,heart,c,SelfDisclosure,1
:,:,s,,0
not,not,s,Updates,0
yet,yet,c,Updates,1
.,.,s,,0
A,a,s,,0
penieworth,penieworth,s,UNRECOGNIZED,0
of,of,s,,0
Aquauit,aquauit,c,UNRECOGNIZED,0
^,^,c,UNRECOGNIZED,0
",",",",s,,0
if,if,s,Contingency,0
I,i,s,Metadiscourse,0
shall,shall,s,Metadiscourse,1
live,live,c,,0
.,.,nnn,Imperative,0
Hold,hold,c,Imperative,1
",",",",s,,0
hold,hold,c,,0
:,:,s,,0
thou,thou,s,DirectAddress,0
shall,shall,s,ProjectAhead,0
have,have,s,Cause,0
it,it,s,Cause,1
presently,presently,c,TimeShift,0
:,:,s,,0
it,it,s,SpaceRelation,0
is,is,s,SpaceRelation,1
at,at,s,SpaceRelation,2
my,my,s,FirstPer,0
tongues,tongues,s,SenseObject,0
end,end,c,Sequence,0
.,.,nnn,OralCues,0
Well,well,c,OralCues,1
",",",",s,OralCues,2
say,say,s,Citations,0
on,on,c,AbstractConcepts,0
.,.,s,AbstractConcepts,1
If,if,s,Contingency,0
my,my,s,FirstPer,0
senses,senses,s,AbstractConcepts,0
fail,fail,s,StandardsNeg,0
not,not,c,DenyDisclaim,0
",",",",s,,0
I,i,s,FirstPer,0
Will,will,s,PredictedFuture,0
hear,hear,s,SpaceRelation,0
you,you,c,DirectAddress,0
.,.,nnn,,0
He,he,s,PersonPronoun,0
loves,loves,s,Positivity,0
no,no,s,DenyDisclaim,0
body,body,s,SenseObject,0
then,then,c,TimeShift,0
",",",",s,TimeShift,1
and,and,s,,0
no,no,s,DenyDisclaim,0
body,body,s,SenseObject,0
loves,loves,s,Positivity,0
him,him,c,PersonPronoun,0
.,.,s,DirectAddress,0
And,and,s,DirectAddress,1
thus,thus,s,ReasonForward,0
thou,thou,s,DirectAddress,0
see,see,s,,0
there,there,s,DenyDisclaim,0
is,is,s,DenyDisclaim,1
no,no,n,DenyDisclaim,2
odds,odds,c,Contingency,0
",",",",s,Resistance,0
but,but,s,Resistance,1
all,all,s,,0
eauen,eauen,nnn,UNRECOGNIZED,0
What,what,s,,0
a,a,s,,0
jest,jest,s,Positivity,0
is,is,s,ReportingStates,0
this,this,c,,0
?,?,s,Question,0
there,there,s,ReportingStates,0
is,is,s,ReportingStates,1
an,an,s,ReportingStates,2
eauen,eauen,s,UNRECOGNIZED,0
reckoning,reckoning,s,PrivateThinking,0
with,with,s,PrivateThinking,1
the,the,s,,0
devils,devils,s,AbstractConcepts,0
name,name,c,LangRef,0
.,.,s,,0
You,you,n,Insist,0
shall,shall,s,Insist,1
be,be,s,ReportingStates,0
hanged,hanged,s,SpaceRelation,0
before,before,s,Sequence,0
I,i,s,FirstPer,0
Will,will,s,Fear,0
torment,torment,s,Fear,1
my,my,s,FirstPer,0
self,self,s,SubjectivePercept,0
with,with,s,,0
desire,desire,s,Positivity,0
to,to,s,Positivity,1
hear,hear,s,SpaceRelation,0
any,any,s,Updates,0
more,more,s,Updates,1
of,of,n,DirectAddress,0
your,your,s,DirectAddress,1
knauish,knauish,s,UNRECOGNIZED,0
tricks,tricks,c,SubjectivePercept,0
.,.,s,,0
I,i,s,FirstPer,0
Will,will,s,PredictedFuture,0
besworne,besworne,s,UNRECOGNIZED,0
I,i,s,Autobio,0
had,had,s,Autobio,1
like,like,s,SubjectivePercept,0
to,to,s,SubjectivePercept,1
marred,marred,s,Negativity,0
all,all,c,Inclusive,0
.,.,s,Inclusive,1
It,it,s,,0
wrought,wrought,s,ReportingEvents,0
with,with,s,,0
me,me,n,FirstPer,0
like,like,s,Resemblances,0
a,a,s,Resemblances,1
purgation,purgation,c,AbstractConcepts,0
.,.,s,,0
It,it,s,Updates,0
has,has,s,Updates,1
given,given,s,ReportingStates,0
me,me,s,FirstPer,0
a,a,s,,0
treble,treble,s,SenseProperty,0
stool,stool,s,SenseObject,0
at,at,s,Immediacy,0
once,once,c,Immediacy,1
",",",",s,Concessive,0
though,though,s,Concessive,1
I,i,s,Metadiscourse,0
find,find,s,Metadiscourse,1
no,no,n,DenyDisclaim,0
fault,fault,c,StandardsNeg,0
.,.,s,,0
I,i,s,SelfDisclosure,0
have,have,s,SelfDisclosure,1
it,it,s,,0
hot,hot,c,SenseProperty,0
*,*,s,,0
and,and,s,,0
worse,worse,s,Negativity,0
then,then,s,,0
any,any,s,,0
perfuming,perfuming,s,,0
pan,pan,s,SenseObject,0
in,in,s,Intensity,0
the,the,s,Intensity,1
world,world,c,Intensity,2
.,.,s,Intensity,3
You,you,s,DirectAddress,0
scuruy,scuruy,n,UNRECOGNIZED,0
fellow,fellow,c,PersonProperty,0
",",",",s,,0
an,an,s,,0
twere,twere,s,UNRECOGNIZED,0
no,no,s,DenyDisclaim,0
for,for,s,,0
loosing,loosing,s,ReportingEvents,0
land,land,s,AbstractConcepts,0
I,i,s,SelfDisclosure,0
have,have,s,SelfDisclosure,1
salua,salua,s,UNRECOGNIZED,0
conscientia,conscientia,c,UNRECOGNIZED,0
",",",",s,,0
taken,taken,s,ProjectBack,0
out,out,s,,0
of,of,n,,0
Scotus,scotus,c,UNRECOGNIZED,0
",",",",s,,0
and,and,s,,0
Thomas,thomas,s,,0
Aquinas,aquinas,c,UNRECOGNIZED,0
",",",",s,,0
fully,fully,s,MatureProcess,0
resolved,resolved,s,ReportingEvents,0
by,by,s,,0
them,them,c,,0
;,;,s,Resistance,0
but,but,s,Resistance,1
still,still,s,Updates,0
I,i,s,FirstPer,0
doubted,doubted,s,Uncertainty,0
I,i,n,Insist,0
should,should,s,Insist,1
fall,fall,s,Negativity,0
short,short,c,Negativity,1
:,:,s,,0
therefore,therefore,s,ReasonForward,0
I,i,s,SelfDisclosure,0
thought,thought,s,SelfDisclosure,1
better,better,s,Comparison,0
to,to,s,ProjectAhead,0
conceal,conceal,s,ProjectAhead,1
them,them,c,,0
:,:,s,,0
and,and,s,Immediacy,0
now,now,s,Immediacy,1
do,do,n,Intensity,0
thou,thou,s,DirectAddress,0
gull,gull,s,Negative_Relation,0
me,me,s,FirstPer,0
thus,thus,s,ReasonForward,0
grossly,grossly,nnn,Negativity,0
Ha,ha,c,OralCues,0
.,.,s,,0
Ha,ha,c,OralCues,0
.,.,s,,0
Hae,hae,c,ReportingEvents,0
.,.,s,,0
An,an,s,,0
thou,thou,s,DirectAddress,0
be,be,s,ReportingStates,0
a,a,s,ReportingStates,1
good,good,s,StandardsPos,0
fellow,fellow,s,StandardsPos,1
rehears,rehears,c,RecurringEvents,0
^,^,s,UNRECOGNIZED,0
thre,thre,c,UNRECOGNIZED,0
^,^,s,UNRECOGNIZED,0
or,or,s,,0
four,four,s,Numbers,0
of,of,s,,0
these,these,s,Immediacy,0
cases,cases,n,AbstractConcepts,0
thou,thou,s,DirectAddress,0
had,had,s,ProjectBack,0
like,like,s,SubjectivePercept,0
to,to,s,SubjectivePercept,1
have,have,s,SubjectivePercept,2
produced,produced,c,ReportingStates,0
;,;,s,ReportingStates,1
and,and,s,,0
let,let,s,DirectAddress,0
us,us,s,DirectAddress,1
judge,judge,s,PrivateThinking,0
how,how,s,,0
fitly,fitly,s,StandardsPos,0
they,they,s,ProjectBack,0
had,had,s,ProjectBack,1
been,been,n,ProjectBack,0
applied,applied,s,ReportingEvents,0
if,if,s,Contingency,0
need,need,s,Insist,0
had,had,s,ProjectBack,0
been,been,nnn,ProjectBack,1
To,to,s,AbstractConcepts,0
what,what,s,AbstractConcepts,1
end,end,c,Sequence,0
?,?,s,Question,0
for,for,s,,0
thee,thee,s,DirectAddress,0
to,to,s,,0
mock,mock,s,Negativity,0
me,me,s,FirstPer,0
more,more,c,Comparison,0
?,?,s,Question,0
you,you,s,DirectAddress,0
may,may,s,DirectAddress,1
command,command,c,CommonAuthorities,0
:,:,s,,0
but,but,s,Resistance,0
if,if,s,Contingency,0
I,i,s,Contingency,1
were,were,n,Contingency,2
willing,willing,c,SubjectivePercept,0
",",",",s,,0
thou,thou,s,DirectAddress,0
have,have,s,Updates,0
now,now,s,Updates,1
put,put,s,Narrative_Verbs,0
them,them,s,Narrative_Verbs,1
quite,quite,s,Intensity,0
out,out,s,SelfDisclosure,0
of,of,s,SelfDisclosure,1
my,my,s,SelfDisclosure,2
mind,mind,c,SelfDisclosure,3
",",",",s,,0
I,i,s,FirstPer,0
know,know,s,Uncertainty,0
not,not,s,Uncertainty,1
where,where,s,Curiosity,0
to,to,n,Curiosity,1
begin,begin,nnn,Sequence,0
I,i,s,SelfDisclosure,0
think,think,s,SelfDisclosure,1
so,so,c,Intensity,0
.,.,s,Intensity,1
Thou,thou,s,DirectAddress,0
were,were,s,ProjectBack,0
pockily,pockily,s,UNRECOGNIZED,0
distempered,distempered,c,Negativity,0
.,.,nnn,Future_Question,0
Will,will,s,Future_Question,1
It,it,s,Future_Question,2
please,please,s,Positivity,0
you,you,s,DirectAddress,0
to,to,s,,0
proceed,proceed,c,Sequence,0
?,?,s,Question,0
let,let,s,DirectAddress,0
us,us,s,DirectAddress,1
hear,hear,s,SpaceRelation,0
some,some,s,Comparison,0
more,more,s,Comparison,1
of,of,s,DirectAddress,0
your,your,s,DirectAddress,1
goodly,goodly,s,StandardsPos,0
squires,squires,n,PersonProperty,0
conditions,conditions,nnn,AbstractConcepts,0
Thirdly,thirdly,c,Sequence,0
.,.,s,TimeDuration,0
When,when,s,TimeDuration,1
he,he,s,TimeDuration,2
means,means,s,ProjectAhead,0
to,to,s,ProjectAhead,1
ride,ride,s,SceneShift,0
to,to,s,SceneShift,1
his,his,s,PersonPronoun,0
countteyhouse,countteyhouse,c,UNRECOGNIZED,0
",",",",s,,0
he,he,s,PersonPronoun,0
goes,goes,s,ReportingEvents,0
three,three,s,Numbers,0
days,days,n,TimeDuration,0
before,before,s,TimeDuration,1
to,to,s,,0
some,some,s,Uncertainty,0
grooms,grooms,s,PersonProperty,0
at,at,s,,0
court,court,c,AbstractConcepts,0
.,.,s,DirectAddress,0
And,and,s,DirectAddress,1
if,if,s,Contingency,0
from,from,s,,0
them,them,s,,0
he,he,s,PersonPronoun,0
leatne,leatne,s,UNRECOGNIZED,0
any,any,s,,0
news,news,s,Updates,0
(,(,c,,0
if,if,s,Contingency,0
it,it,s,Contingency,1
be,be,n,ReportingStates,0
but,but,s,Resistance,0
of,of,s,,0
a,a,s,,0
posy,posy,s,,0
given,given,s,ReportingStates,0
the,the,s,SenseObject,0
king,king,s,SenseObject,1
of,of,s,,0
France,france,s,,0
by,by,s,,0
his,his,s,PersonPronoun,0
nurse,nurse,c,PersonProperty,0
",",",",s,,0
or,or,s,,0
that,that,s,,0
a,a,s,,0
fisher,fisher,s,SenseObject,0
man,man,n,PersonProperty,0
sailing,sailing,s,Motions,0
by,by,s,,0
the,the,s,,0
Barmoothes,barmoothes,s,UNRECOGNIZED,0
saw,saw,s,,0
a,a,s,SenseObject,0
fire,fire,s,SenseObject,1
at,at,s,GenericEvents,0
singing,singing,s,GenericEvents,1
of,of,s,,0
a,a,s,,0
hog,hog,c,SenseObject,0
),),s,,0
this,this,s,,0
carries,carries,s,Motions,0
him,him,n,PersonPronoun,0
scot-free,scot-free,s,SubjectivePercept,0
to,to,s,Generalization,0
all,all,s,Generalization,1
the,the,s,,0
^,^,s,UNRECOGNIZED,0
gentlemen's,gentlemen's,s,,0
houses,houses,s,SenseObject,0
of,of,s,,0
his,his,s,PersonPronoun,0
acquaintance,acquaintance,s,PersonProperty,0
situate,situate,c,ReportingEvents,0
",",",",s,,0
set,set,c,ReportingStates,0
",",",",n,ReportingStates,1
lying,lying,c,Negativity,0
",",",",s,,0
and,and,s,,0
being,being,s,ReportingStates,0
within,within,s,SpaceRelation,0
seven,seven,s,SpaceRelation,1
miles,miles,s,SpaceRelation,2
of,of,s,SpaceRelation,3
the,the,s,,0
high,high,s,,0
way,way,s,Specifiers,0
of,of,s,Specifiers,1
any,any,s,,0
side,side,s,,0
until,until,s,TimeDuration,0
at,at,n,SubjectiveTime,0
length,length,s,SubjectiveTime,1
he,he,s,Neutral_Attribution,0
set,set,s,Neutral_Attribution,1
foot,foot,s,SpaceRelation,0
at,at,s,SpaceRelation,1
his,his,s,SubjectivePercept,0
own,own,s,SubjectivePercept,1
stable,stable,s,SenseObject,0
door,door,s,SenseObject,1
pecunijs,pecunijs,s,UNRECOGNIZED,0
numeratis,numeratis,s,UNRECOGNIZED,0
remaining,remaining,s,TimeDuration,0
entire,entire,n,Intensity,0
in,in,s,Specifiers,0
his,his,s,Specifiers,1
right,right,s,,0
pocket,pocket,c,SenseObject,0
.,.,s,DirectAddress,0
And,and,s,DirectAddress,1
the,the,s,Resemblances,0
like,like,s,Resemblances,1
he,he,s,Contingency,0
can,can,s,Contingency,1
do,do,s,Intensity,0
retrogrado,retrogrado,s,UNRECOGNIZED,0
to,to,s,,0
London,london,c,,0
",",",",s,Resistance,0
but,but,s,Resistance,1
by,by,n,,0
variety,variety,s,AbstractConcepts,0
of,of,s,,0
friends,friends,s,StandardsPos,0
because,because,s,ReasonBackward,0
the,the,s,ReasonBackward,1
same,same,s,Comparison,0
news,news,s,Updates,0
may,may,s,Contingency,0
be,be,s,Contingency,1
news,news,s,Updates,0
forward,forward,s,AbstractConcepts,0
and,and,s,,0
backward,backward,nnn,SpaceRelation,0
This,this,s,ReportingStates,0
is,is,s,ReportingStates,1
a,a,s,Intensity,0
very,very,s,Intensity,1
plain,plain,s,SenseProperty,0
trick,trick,c,SubjectivePercept,0
",",",",s,,0
and,and,s,ReportingEvents,0
needs,needs,s,ReportingEvents,1
no,no,s,DenyDisclaim,0
such,such,s,Intensity,0
encomions,encomions,c,UNRECOGNIZED,0
",",",",s,,0
and,and,s,,0
Epithets,epithets,s,SenseObject,0
of,of,n,,0
commendation,commendation,s,StandardsPos,0
as,as,s,DirectAddress,0
you,you,s,DirectAddress,1
bestow,bestow,s,StandardsPos,0
on,on,s,StandardsPos,1
it,it,nnn,,0
Is,is,s,Question,0
it,it,s,Question,1
so,so,s,,0
Sir,sir,c,PersonProperty,0
?,?,s,Question,0
there,there,s,ReportingStates,0
is,is,s,ReportingStates,1
your,your,s,DirectAddress,0
judgment,judgment,c,PrivateThinking,0
",",",",s,,0
and,and,s,,0
bolt,bolt,s,Motions,0
soon,soon,s,ProjectAhead,0
shot,shot,c,ReportingStates,0
.,.,s,ReportingStates,1
But,but,s,Resistance,0
if,if,s,Contingency,0
I,i,s,Metadiscourse,0
show,show,s,Metadiscourse,1
that,that,n,Metadiscourse,2
it,it,s,,0
is,is,s,Intensity,0
a,a,s,Intensity,1
very,very,s,Intensity,2
difficill,difficill,c,UNRECOGNIZED,0
",",",",s,,0
ambiguous,ambiguous,c,Uncertainty,0
",",",",s,,0
perilous,perilous,c,Negativity,0
",",",",s,,0
perplexed,perplexed,s,Uncertainty,0
and,and,s,,0
involved,involved,s,ReportingEvents,0
stratagem,stratagem,c,AbstractConcepts,0
",",",",n,Future_Question,0
what,what,s,Future_Question,1
will,will,s,Future_Question,2
become,become,s,Transformation,0
of,of,s,Transformation,1
your,your,s,DirectAddress,0
opinion,opinion,s,SubjectivePercept,0
hereafter,hereafter,nnn,ProjectAhead,0
Who,who,c,Question,0
?,?,s,Question,1
here,here,s,DirectAddress,0
is,is,s,DirectAddress,1
a,a,s,DirectAddress,2
business,business,s,AbstractConcepts,0
about,about,s,,0
riding,riding,s,Motions,0
a,a,s,Exceptions,0
few,few,s,Exceptions,1
miles,miles,s,SpaceRelation,0
by,by,s,,0
many,many,s,,0
gentlemen's,gentlemen's,s,,0
houses,houses,c,SenseObject,0
",",",",s,,0
as,as,n,SubjectivePercept,0
though,though,s,SubjectivePercept,1
it,it,s,,0
requires,requires,s,CommonAuthorities,0
such,such,s,Intensity,0
ingenious,ingenious,s,Innovations,0
circumstances,circumstances,nnn,Contingency,0
I,i,c,FirstPer,0
",",",",s,,0
that,that,s,,0
it,it,s,,0
does,does,s,ReportingEvents,0
Sir,sir,c,PersonProperty,0
.,.,s,DirectAddress,0
And,and,s,DirectAddress,1
I,i,s,FirstPer,0
undertake,undertake,s,ProjectAhead,0
to,to,s,ProjectAhead,1
make,make,s,ReportingEvents,0
it,it,s,ReportingEvents,1
appear,appear,s,SubjectivePercept,0
though,though,s,Concessive,0
perhaps,perhaps,s,Uncertainty,0
you,you,n,DirectAddress,0
have,have,s,DirectAddress,1
nere,nere,s,UNRECOGNIZED,0
a,a,s,,0
capcase,capcase,s,UNRECOGNIZED,0
to,to,s,,0
put,put,s,SpaceRelation,0
it,it,s,SpaceRelation,1
in,in,nn,SpaceRelation,2
First,first,s,Sequence,0
Segnior,segnior,s,UNRECOGNIZED,0
Anthony,anthony,s,UNRECOGNIZED,0
so,so,s,SubjectiveTime,0
soon,soon,s,SubjectiveTime,1
as,as,s,TimeDuration,0
he,he,s,TimeDuration,1
puts,puts,s,,0
foot,foot,s,SenseObject,0
in,in,s,,0
the,the,s,,0
stirrup,stirrup,c,SenseObject,0
",",",",s,,0
is,is,s,ProjectAhead,0
to,to,s,ProjectAhead,1
fear,fear,n,Fear,0
least,least,s,Comparison,0
the,the,s,CommonAuthorities,0
Master,master,s,CommonAuthorities,1
and,and,s,,0
Mistres,mistres,s,UNRECOGNIZED,0
should,should,s,Insist,0
not,not,s,Insist,1
be,be,s,Insist,2
at,at,s,SpaceRelation,0
home,home,s,SpaceRelation,1
and,and,s,,0
his,his,s,PersonPronoun,0
perplexity,perplexity,s,Uncertainty,0
in,in,s,Contingency,0
that,that,n,Contingency,1
case,case,s,Contingency,2
is,is,s,Intensity,0
very,very,s,Intensity,1
hardly,hardly,s,DenyDisclaim,0
dissolved,dissolved,nn,ReportingEvents,0
Secondly,secondly,s,Sequence,0
how,how,s,Curiosity,0
to,to,s,Curiosity,1
carry,carry,s,Motions,0
his,his,s,PersonPronoun,0
tales,tales,s,LangRef,0
and,and,s,,0
discourses,discourses,s,AbstractConcepts,0
methodically,methodically,c,StandardsPos,0
.,.,nn,,0
Thirdly,thirdly,s,Sequence,0
to,to,s,,0
take,take,s,SubjectivePercept,0
heed,heed,s,SubjectivePercept,1
he,he,s,PersonPronoun,0
discover,discover,s,Curiosity,0
no,no,s,DenyDisclaim,0
familiarity,familiarity,s,PriorKnowledge,0
with,with,s,PriorKnowledge,1
the,the,s,PersonProperty,0
gentleman's,gentleman's,s,PersonProperty,1
adversary,adversary,c,Resistance,0
.,.,nn,,0
Lastly,lastly,s,Sequence,0
what,what,s,OpenQuery,0
kind,kind,s,OpenQuery,1
of,of,s,OpenQuery,2
farewell,farewell,s,SceneShift,0
he,he,s,PersonPronoun,0
were,were,s,ProjectBack,0
best,best,s,StandardsPos,0
to,to,s,StandardsPos,1
take,take,s,ReportingEvents,0
at,at,s,,0
parting,parting,c,SceneShift,0
.,.,s,,0
These,these,s,Immediacy,0
be,be,n,ReportingStates,0
matters,matters,s,Specifiers,0
of,of,s,Specifiers,1
mighty,mighty,s,Intensity,0
moment,moment,s,Immediacy,0
(,(,c,Aside,0
as,as,s,Aside,1
thou,thou,s,DirectAddress,0
see,see,c,,0
),),s,,0
which,which,s,,0
he,he,s,Neutral_Attribution,0
has,has,s,Neutral_Attribution,1
to,to,s,,0
cast,cast,c,ReportingEvents,0
",",",",s,,0
and,and,s,,0
recast,recast,c,RecurringEvents,0
;,;,s,,0
to,to,n,,0
meditate,meditate,c,PrivateThinking,0
",",",",s,,0
and,and,s,,0
ponder,ponder,c,Curiosity,0
;,;,s,,0
to,to,s,,0
toss,toss,c,Motions,0
",",",",s,,0
and,and,s,,0
tumble,tumble,c,Motions,0
;,;,s,,0
to,to,s,,0
revolue,revolue,c,UNRECOGNIZED,0
",",",",s,,0
and,and,s,,0
refolue,refolue,c,UNRECOGNIZED,0
;,;,s,,0
to,to,s,,0
put,put,n,ReportingEvents,0
forward,forward,s,ReportingEvents,1
with,with,s,,0
Pro,pro,c,AbstractConcepts,0
",",",",s,,0
and,and,s,,0
pull,pull,s,Motions,0
back,back,s,Motions,1
with,with,s,,0
contra,contra,c,Negativity,0
",",",",s,,0
to,to,s,,0
object,object,c,AbstractConcepts,0
",",",",s,,0
and,and,s,,0
confute,confute,c,Resistance,0
;,;,s,,0
to,to,s,,0
throw,throw,n,Motions,0
doubts,doubts,s,Uncertainty,0
and,and,s,,0
mishaps,mishaps,s,StandardsNeg,0
like,like,s,SubjectivePercept,0
snow-bals,snow-bals,c,UNRECOGNIZED,0
",",",",s,,0
and,and,s,,0
against,against,s,Resistance,0
them,them,s,Resistance,1
erect,erect,s,ReportingEvents,0
bulwarks,bulwarks,s,SenseObject,0
and,and,n,,0
defenses,defenses,c,AbstractConcepts,0
",",",",s,,0
to,to,s,Resistance,0
admit,admit,s,Resistance,1
wounds,wounds,s,Negativity,0
and,and,s,,0
scars,scars,c,SenseObject,0
",",",",s,,0
and,and,s,,0
to,to,s,,0
apply,apply,s,ReportingEvents,0
salues,salues,c,UNRECOGNIZED,0
;,;,s,,0
to,to,s,Metadiscourse,0
conclude,conclude,c,Metadiscourse,1
",",",",s,Metadiscourse,2
come,come,n,ReportingEvents,0
what,what,s,DirectAddress,0
come,come,s,DirectAddress,1
will,will,s,PredictedFuture,0
to,to,s,PredictedFuture,1
have,have,s,,0
cordials,cordials,s,Positivity,0
in,in,s,ProjectAhead,0
store,store,c,ProjectAhead,1
",",",",s,,0
and,and,s,Generalization,0
all,all,s,Generalization,1
little,little,s,SenseProperty,0
enough,enough,s,SubjectivePercept,0
to,to,s,SubjectivePercept,1
save,save,s,StandardsPos,0
his,his,n,PersonPronoun,0
best,best,s,Comparison,0
beloved,beloved,s,StandardsPos,0
in,in,s,Specifiers,0
his,his,s,Specifiers,1
purse,purse,c,SenseObject,0
.,.,s,DirectAddress,0
And,and,s,DirectAddress,1
yet,yet,s,Resistance,0
thou,thou,s,DirectAddress,0
Dunstable,dunstable,s,UNRECOGNIZED,0
breed,breed,s,AbstractConcepts,0
thoughtst,thoughtst,s,UNRECOGNIZED,0
it,it,s,,0
as,as,s,Confidence,0
easy,easy,s,Confidence,1
a,a,n,,0
matter,matter,s,Disclosure,0
to,to,s,Disclosure,1
perform,perform,s,ReportingEvents,0
them,them,s,,0
handsomely,handsomely,s,Positivity,0
as,as,s,Specifiers,0
to,to,s,Specifiers,1
make,make,s,Positivity,0
a,a,s,Positivity,1
good,good,s,Positivity,2
posset,posset,s,SenseProperty,0
with,with,s,Specifiers,0
a,a,s,Specifiers,1
quart,quart,s,AbstractConcepts,0
of,of,s,,0
new,new,n,,0
like,like,s,SubjectivePercept,0
and,and,s,,0
a,a,s,,0
quantity,quantity,s,AbstractConcepts,0
of,of,s,,0
clear,clear,s,,0
chamberly,chamberly,nnn,UNRECOGNIZED,0
Sir,sir,s,PersonProperty,0
I,i,s,SelfDisclosure,0
confess,confess,s,SelfDisclosure,1
all,all,s,Generalization,0
these,these,s,Generalization,1
be,be,s,ReportingStates,0
far,far,s,SpaceRelation,0
above,above,s,SelfDisclosure,0
my,my,s,SelfDisclosure,1
element,element,c,AbstractConcepts,0
:,:,s,,0
and,and,s,,0
that,that,s,,0
in,in,s,TimeDuration,0
many,many,s,TimeDuration,1
years,years,n,TimeDuration,2
study,study,s,Curiosity,0
I,i,s,Insist,0
cannot,cannot,s,Insist,1
comprehend,comprehend,s,PrivateThinking,0
one,one,s,Specifiers,0
of,of,s,Specifiers,1
them,them,c,Specifiers,2
",",",",s,,0
therefore,therefore,c,ReasonForward,0
",",",",s,,0
I,i,s,SceneShift,0
leave,leave,s,SceneShift,1
the,the,s,SceneShift,2
to,to,s,DirectAddress,0
your,your,s,DirectAddress,1
cavaglyer,cavaglyer,n,UNRECOGNIZED,0
without,without,s,Innovations,0
Peer,peer,s,Innovations,1
in,in,s,,0
mine,mine,s,FirstPer,0
opinion,opinion,c,SubjectivePercept,0
.,.,s,Question,0
Has,has,s,Question,1
he,he,s,PersonPronoun,0
any,any,s,Updates,0
more,more,s,Updates,1
qualities,qualities,s,AbstractConcepts,0
of,of,s,Specifiers,0
this,this,s,Specifiers,1
nature,nature,c,AbstractConcepts,0
?,?,s,Question,0
Lets,lets,n,SubjectivePercept,0
have,have,s,SubjectivePercept,1
them,them,c,,0
",",",",s,ReasonForward,0
for,for,s,ReasonForward,1
at,at,s,Aside,0
least,least,s,Aside,1
I,i,s,Aside,2
shall,shall,s,ProjectAhead,0
learn,learn,s,,0
some,some,s,Uncertainty,0
wit,wit,s,StandardsPos,0
out,out,s,,0
of,of,s,,0
them,them,nnn,,0
Thou,thou,s,DirectAddress,0
learn,learn,s,,0
wit,wit,s,StandardsPos,0
out,out,s,,0
of,of,s,,0
them,them,c,,0
?,?,s,Question,0
never,never,s,DenyDisclaim,0
while,while,s,TimeDuration,0
thou,thou,s,DirectAddress,0
^,^,c,UNRECOGNIZED,0
vest,vest,c,SenseObject,0
:,:,s,,0
not,not,s,DenyDisclaim,0
honestly,honestly,s,Intensity,0
neither,neither,c,DenyDisclaim,0
.,.,n,,0
They,they,s,,0
will,will,s,PredictedFuture,0
rather,rather,s,Resistance,0
rob,rob,s,Negative_Relation,0
thee,thee,s,DirectAddress,0
of,of,s,,0
those,those,s,,0
wits,wits,s,StandardsPos,0
thou,thou,s,DirectAddress,0
have,have,c,,0
",",",",s,,0
he,he,s,Neutral_Attribution,0
has,has,s,Neutral_Attribution,1
infinite,infinite,s,AbstractConcepts,0
such,such,s,Specifiers,0
as,as,n,Specifiers,1
these,these,c,Immediacy,0
",",",",s,Immediacy,1
which,which,s,,0
in,in,s,,0
very,very,s,Intensity,0
pity,pity,s,Sad,0
to,to,s,,0
thee,thee,s,DirectAddress,0
I,i,s,FirstPer,0
forbear,forbear,s,UNRECOGNIZED,0
to,to,s,,0
relate,relate,s,ReportingEvents,0
at,at,s,Immediacy,0
this,this,s,Immediacy,1
time,time,c,Immediacy,2
*,*,s,,0
These,these,n,ReportingStates,0
are,are,s,ReportingStates,1
enough,enough,s,SubjectivePercept,0
to,to,s,SubjectivePercept,1
conceive,conceive,s,PrivateThinking,0
at,at,s,Immediacy,0
once,once,c,Immediacy,1
.,.,s,,0
For,for,s,Contingency,0
if,if,s,Contingency,1
I,i,s,Insist,0
should,should,s,Insist,1
drive,drive,s,ReportingEvents,0
them,them,s,,0
all,all,s,,0
into,into,s,,0
thy,thy,s,DirectAddress,0
brains,brains,n,SenseObject,0
together,together,c,Inclusive,0
",",",",s,Concessive,0
though,though,s,Concessive,1
it,it,s,,0
were,were,s,ProjectBack,0
with,with,s,ProjectBack,1
a,a,s,ProjectBack,2
tenne-pennynaile,tenne-pennynaile,c,UNRECOGNIZED,0
",",",",s,,0
thou,thou,s,DirectAddress,0
could,could,s,DenyDisclaim,0
not,not,s,DenyDisclaim,1
carry,carry,s,SceneShift,0
them,them,n,SceneShift,1
away,away,c,SceneShift,2
:,:,s,,0
but,but,s,Resistance,0
rather,rather,s,Resistance,1
they,they,s,Biographical_Time,0
would,would,s,Biographical_Time,1
make,make,s,ReportingEvents,0
thee,thee,s,DirectAddress,0
mad,mad,s,Negativity,0
in,in,s,,0
the,the,s,,0
case,case,s,AbstractConcepts,0
thou,thou,s,DirectAddress,0
art,art,s,AbstractConcepts,0
now,now,nnn,Immediacy,0
Why,why,c,Question,0
?,?,s,Question,0
what,what,s,,0
case,case,s,AbstractConcepts,0
am,am,s,Question,0
I,i,s,Question,1
in,in,s,,0
think,think,s,PrivateThinking,0
thou,thou,c,DirectAddress,0
?,?,nnn,Question,0
Not,not,s,DenyDisclaim,0
sit,sit,s,SenseProperty,0
I,i,s,Autobio,0
was,was,s,Autobio,1
to,to,s,,0
receive,receive,s,ReportingEvents,0
such,such,s,Intensity,0
potions,potions,s,SenseObject,0
without,without,s,Contingency,0
due,due,s,AbstractConcepts,0
preparation,preparation,c,ProjectAhead,0
.,.,nnn,Question,0
What,what,s,Question,1
shall,shall,s,Future_Question,0
I,i,s,Future_Question,1
do,do,s,Intensity,0
to,to,s,CommonAuthorities,0
be,be,s,CommonAuthorities,1
made,made,s,CommonAuthorities,2
fit,fit,s,StandardsPos,0
for,for,s,StandardsPos,1
their,their,s,StandardsPos,2
operation,operation,c,AbstractConcepts,0
?,?,s,Question,0
I,i,s,FirstPer,0
Will,will,s,PredictedFuture,0
take,take,s,ReportingEvents,0
any,any,s,,0
course,course,s,AbstractConcepts,0
thou,thou,s,DirectAddress,0
will,will,s,PredictedFuture,0
prescribe,prescribe,s,Insist,0
me,me,s,FirstPer,0
to,to,s,ProjectAhead,0
get,get,s,ProjectAhead,1
perfection,perfection,c,StandardsPos,0
.,.,s,DirectAddress,0
And,and,s,DirectAddress,1
I,i,s,Contingency,0
can,can,s,Contingency,1
imitate,imitate,s,ReportingEvents,0
like,like,s,Resemblances,0
an,an,s,Resemblances,1
Ape,ape,nnn,SenseObject,0
Thou,thou,s,DirectAddress,0
makst,makst,s,UNRECOGNIZED,0
a,a,s,,0
large,large,s,SenseProperty,0
offer,offer,c,ReportingEvents,0
",",",",s,,0
and,and,s,,0
a,a,s,,0
rash,rash,c,Negativity,0
",",",",s,Aside,0
which,which,s,Aside,1
full,full,s,,0
soon,soon,s,ProjectAhead,0
(,(,c,,0
I,i,s,FirstPer,0
doubt,doubt,c,Uncertainty,0
),),s,,0
thou,thou,s,DirectAddress,0
will,will,n,PredictedFuture,0
revoke,revoke,c,StandardsNeg,0
:,:,s,,0
but,but,s,Resistance,0
i,i,s,Metadiscourse,0
will,will,s,Metadiscourse,1
try,try,s,Metadiscourse,2
thee,thee,c,DirectAddress,0
.,.,s,,0
Before,before,s,Sequence,0
thou,thou,s,DirectAddress,0
begin,begin,s,Sequence,0
to,to,s,Sequence,1
profess,profess,s,Citations,0
this,this,s,,0
art,art,c,AbstractConcepts,0
",",",",s,,0
thou,thou,s,DirectAddress,0
m,m,c,LangRef,0
^^,^^,c,UNRECOGNIZED,0
t,t,n,AbstractConcepts,0
forget,forget,s,Negativity,0
all,all,s,,0
rules,rules,s,CommonAuthorities,0
and,and,s,,0
instructions,instructions,s,AbstractConcepts,0
of,of,s,,0
manners,manners,s,StandardsPos,0
taught,taught,s,ReportingEvents,0
thee,thee,s,DirectAddress,0
by,by,s,,0
thy,thy,s,DirectAddress,0
fathers,fathers,c,PersonProperty,0
",",",",n,,0
godfathers,godfathers,c,PersonProperty,0
",",",",s,,0
or,or,s,,0
schoolemasters,schoolemasters,c,UNRECOGNIZED,0
",",",",s,,0
and,and,s,,0
renounce,renounce,s,Resistance,0
all,all,s,Positivity,0
good,good,s,Positivity,1
counsel,counsel,s,PersonProperty,0
given,given,s,ReportingStates,0
thee,thee,s,DirectAddress,0
from,from,n,Sequence,0
the,the,s,Sequence,1
beginning,beginning,s,Sequence,2
of,of,s,,0
the,the,s,,0
world,world,s,AbstractConcepts,0
to,to,s,Immediacy,0
this,this,s,Immediacy,1
day,day,c,Immediacy,2
:,:,s,,0
that,that,s,,0
so,so,s,,0
being,being,s,ReportingStates,0
an,an,s,ReportingStates,1
empty,empty,s,SenseProperty,0
and,and,s,,0
void,void,n,StandardsNeg,0
vessel,vessel,s,SenseObject,0
thou,thou,s,DirectAddress,0
may,may,s,Contingency,0
be,be,s,Contingency,1
the,the,s,Contingency,2
more,more,s,Comparison,0
apt,apt,s,ProjectAhead,0
to,to,s,ProjectAhead,1
receive,receive,s,ReportingEvents,0
the,the,s,,0
tincture,tincture,s,SenseProperty,0
and,and,s,,0
impression,impression,n,AbstractConcepts,0
applied,applied,c,ReportingStates,0
.,.,s,ReportingStates,1
And,and,s,,0
thus,thus,s,ReasonForward,0
begin,begin,s,Sequence,0
thy,thy,s,DirectAddress,0
A.B.C,a.b.c,c,UNRECOGNIZED,0
.,.,s,,0
in,in,s,,0
matchevillaines,matchevillaines,s,UNRECOGNIZED,0
school,school,c,,0
.,.,s,,0
Otherwise,otherwise,c,Contingency,0
;,;,s,,0
if,if,n,Contingency,0
tho,tho,c,LangRef,0
^,^,s,UNRECOGNIZED,0
should,should,s,Insist,0
reserve,reserve,s,ReportingEvents,0
but,but,s,Resistance,0
so,so,s,Resistance,1
much,much,s,Resemblances,0
as,as,s,Resemblances,1
a,a,s,Disclosure,0
secret,secret,s,Disclosure,1
intention,intention,s,ProjectAhead,0
to,to,s,ProjectAhead,1
keep,keep,s,TimeDuration,0
thine,thine,s,UNRECOGNIZED,0
old,old,n,SenseProperty,0
honesty,honesty,s,StandardsPos,0
on,on,s,,0
the,the,s,Specifiers,0
one,one,s,Specifiers,1
side,side,s,SpaceRelation,0
of,of,s,SpaceRelation,1
thy,thy,s,DirectAddress,0
head,head,c,SenseObject,0
",",",",s,,0
and,and,s,,0
lay,lay,s,SpaceRelation,0
open,open,s,SpaceRelation,1
the,the,s,,0
the,the,s,Specifiers,0
other,other,s,Specifiers,1
side,side,s,Specifiers,2
to,to,s,,0
entertain,entertain,n,Positivity,0
these,these,s,Immediacy,0
restless,restless,s,Negativity,0
and,and,s,Updates,0
still,still,s,Updates,1
stirring,stirring,s,Motions,0
cratchets,cratchets,c,UNRECOGNIZED,0
",",",",s,,0
there,there,s,Contingency,0
would,would,s,Contingency,1
be,be,s,Contingency,2
such,such,s,Intensity,0
hurly,hurly,s,SenseProperty,0
burly,burly,n,SenseProperty,1
in,in,s,,0
thy,thy,s,DirectAddress,0
brain,brain,c,SenseObject,0
",",",",s,,0
that,that,s,Generalization,0
all,all,s,Generalization,1
the,the,s,,0
wit,wit,s,StandardsPos,0
thou,thou,s,DirectAddress,0
have,have,s,,0
will,will,s,PredictedFuture,0
not,not,s,PredictedFuture,1
keep,keep,s,TimeDuration,0
them,them,s,,0
in,in,s,StandardsPos,0
order,order,c,StandardsPos,1
.,.,n,StandardsPos,2
Therefore,therefore,c,ReasonForward,0
",",",",s,,0
if,if,s,Contingency,0
thou,thou,s,DirectAddress,0
desire,desire,s,Positivity,0
to,to,s,Positivity,1
be,be,s,ReportingStates,0
of,of,s,,0
the,the,s,Negativity,0
cunning,cunning,s,Negativity,1
cure,cure,c,Positivity,0
*,*,s,,0
and,and,s,,0
withal,withal,s,Metadiscourse,0
love,love,s,Positivity,0
thine,thine,n,UNRECOGNIZED,0
own,own,s,ReportingEvents,0
peace,peace,c,StandardsPos,0
*,*,s,,0
come,come,s,ReportingEvents,0
clear,clear,s,,0
without,without,s,Contingency,0
wit,wit,s,StandardsPos,0
or,or,s,,0
honesty,honesty,c,StandardsPos,0
",",",",s,,0
we,we,s,,0
will,will,s,PredictedFuture,0
teach,teach,s,ReportingEvents,0
enough,enough,s,SubjectivePercept,0
in,in,s,TimeDuration,0
a,a,s,TimeDuration,1
week,week,s,TimeDuration,2
to,to,n,,0
serve,serve,s,ReportingEvents,0
thee,thee,s,DirectAddress,0
all,all,s,,0
thy,thy,s,DirectAddress,0
life,life,s,AbstractConcepts,0
time,time,c,,0
.,.,s,,0
Il,il,c,,0
^,^,s,UNRECOGNIZED,0
bring,bring,s,,0
thee,thee,s,DirectAddress,0
acquainted,acquainted,c,ReportingStates,0
",",",",s,ReportingStates,1
and,and,s,Sequence,0
then,then,s,Sequence,1
i,i,s,FirstPer,0
will,will,s,PredictedFuture,0
turn,turn,s,,0
him,him,n,PersonPronoun,0
loose,loose,s,AbstractConcepts,0
to,to,s,,0
teach,teach,s,ReportingEvents,0
and,and,s,,0
furni^h,furni^h,s,UNRECOGNIZED,0
thee,thee,s,DirectAddress,0
with,with,s,,0
destructions,destructions,s,,0
enough,enough,s,SubjectivePercept,0
for,for,s,,0
a,a,s,Specifiers,0
whole,whole,s,Specifiers,1
country,country,nnn,AbstractConcepts,0
Destructions,destructions,c,,0
.,.,s,Future_Question,0
What,what,s,Future_Question,1
should,should,s,Future_Question,2
I,i,s,FirstPer,0
do,do,s,ReportingEvents,0
with,with,s,ReportingEvents,1
them,them,s,,0
except,except,s,Exceptions,0
it,it,s,,0
were,were,s,ProjectBack,0
to,to,s,,0
destroy,destroy,s,Negativity,0
others,others,c,Uncertainty,0
.,.,n,Resistance,0
But,but,s,Resistance,1
I,i,s,FirstPer,0
doubt,doubt,s,Uncertainty,0
I,i,s,Metadiscourse,0
shall,shall,s,Metadiscourse,1
pay,pay,s,ReportingEvents,0
dear,dear,s,Positivity,0
for,for,s,,0
my,my,s,FirstPer,0
schooling,schooling,c,GenericEvents,0
",",",",s,,0
and,and,s,,0
that,that,s,,0
I,i,s,SelfDisclosure,0
like,like,s,SelfDisclosure,1
not,not,c,DenyDisclaim,0
.,.,s,Exceptions,0
But,but,s,Exceptions,1
for,for,n,Exceptions,2
the,the,s,Exceptions,3
other,other,s,Specifiers,0
point,point,s,AbstractConcepts,0
of,of,s,,0
parting,parting,s,SceneShift,0
with,with,s,SceneShift,1
my,my,s,FirstPer,0
former,former,s,ProjectBack,0
good,good,s,,0
lessons,lessons,c,CommonAuthorities,0
",",",",s,,0
faith,faith,c,StandardsPos,0
",",",",s,,0
I,i,s,Contingency,0
can,can,s,Contingency,1
quickly,quickly,n,SubjectiveTime,0
do,do,s,ProjectAhead,0
that,that,s,ProjectAhead,1
for,for,s,ProjectAhead,2
I,i,s,Autobio,0
never,never,s,Autobio,1
gained,gained,s,ReportingEvents,0
any,any,s,Specifiers,0
thing,thing,s,Specifiers,1
by,by,s,,0
them,them,c,,0
",",",",s,,0
therefore,therefore,s,ReasonForward,0
I,i,s,Contingency,0
can,can,s,Contingency,1
be,be,s,Contingency,2
content,content,s,Positivity,0
to,to,n,Positivity,1
come,come,s,ReportingEvents,0
to,to,s,PersonPronoun,0
him,him,s,PersonPronoun,1
as,as,s,,0
naked,naked,s,Resemblances,0
as,as,s,Resemblances,1
ever,ever,s,Biographical_Time,0
I,i,s,Autobio,0
was,was,s,Autobio,1
born,born,nnn,Autobio,2
That,that,s,Specifiers,0
Is,is,s,Specifiers,1
great,great,s,Intensity,0
step,step,s,Sequence,0
to,to,s,DirectAddress,0
your,your,s,DirectAddress,1
well,well,s,SenseObject,0
profiting,profiting,s,Positivity,0
I,i,s,ReceivedPOV,0
may,may,s,ReceivedPOV,1
say,say,s,ReceivedPOV,2
to,to,s,DirectAddress,0
you,you,c,DirectAddress,1
;,;,s,,0
and,and,s,ReportingStates,0
it,it,s,ReportingStates,1
is,is,s,ReportingStates,2
a,a,s,Intensity,0
great,great,n,Intensity,1
sign,sign,s,Support,0
of,of,s,Support,1
grace,grace,s,StandardsPos,0
to,to,s,GenericEvents,0
be,be,s,GenericEvents,1
obedient,obedient,c,CommonAuthorities,0
",",",",s,,0
and,and,s,,0
wholly,wholly,s,Intensity,0
to,to,s,,0
resign,resign,s,ReportingEvents,0
your,your,s,DirectAddress,0
self,self,s,SubjectivePercept,0
to,to,s,StandardsPos,0
good,good,n,StandardsPos,1
inspirations,inspirations,c,StandardsPos,0
:,:,s,,0
but,but,s,Resistance,0
can,can,s,Contingency,0
thou,thou,s,DirectAddress,0
tell,tell,s,,0
when,when,s,,0
thou,thou,s,DirectAddress,0
have,have,s,,0
good,good,s,StandardsPos,0
counsel,counsel,s,StandardsPos,1
given,given,s,ReportingStates,0
thee,thee,nnn,DirectAddress,0
Not,not,s,DenyDisclaim,0
I,i,c,FirstPer,0
;,;,s,,0
more,more,s,Comparison,0
then,then,s,,0
a,a,s,PersonProperty,0
child,child,c,PersonProperty,1
:,:,s,,0
For,for,s,,0
now,now,s,Immediacy,0
you,you,s,DirectAddress,0
haumade,haumade,s,UNRECOGNIZED,0
me,me,s,FirstPer,0
put,put,s,SubjectivePercept,0
off,off,s,SubjectivePercept,1
all,all,s,Generalization,0
my,my,s,Generalization,1
old,old,s,SenseProperty,0
learning,learning,s,Curiosity,0
I,i,n,SelfDisclosure,0
am,am,s,SelfDisclosure,1
become,become,s,Transformation,0
a,a,s,Transformation,1
very,very,s,Intensity,0
innocent,innocent,c,Disclosure,0
",",",",s,,0
as,as,s,Resemblances,0
if,if,s,Resemblances,1
I,i,s,FirstPer,0
were,were,s,ProjectBack,0
this,this,s,Immediacy,0
day,day,s,Immediacy,1
taken,taken,s,ProjectBack,0
from,from,s,ProjectBack,1
my,my,s,FirstPer,0
mammee,mammee,c,SenseObject,0
:,:,s,,0
but,but,s,Resistance,0
I,i,n,FirstPer,0
trust,trust,s,Confidence,0
you,you,s,Confidence,1
because,because,s,ReasonBackward,0
you,you,s,DirectAddress,0
are,are,s,DirectAddress,1
my,my,s,FirstPer,0
friend,friend,c,StandardsPos,0
.,.,s,,0
I,i,s,SelfDisclosure,0
hope,hope,s,SelfDisclosure,1
y^ule,y^ule,s,UNRECOGNIZED,0
put,put,s,ReportingEvents,0
me,me,s,FirstPer,0
to,to,s,,0
none,none,c,DenyDisclaim,0
",",",",s,Resistance,0
but,but,s,Resistance,1
such,such,s,Specifiers,0
as,as,n,Specifiers,1
shall,shall,s,ProjectAhead,0
teach,teach,s,ReportingEvents,0
me,me,s,FirstPer,0
enough,enough,s,SubjectivePercept,0
for,for,s,SelfDisclosure,0
my,my,s,SelfDisclosure,1
money,money,c,SelfDisclosure,2
.,.,s,DirectAddress,0
And,and,s,DirectAddress,1
you,you,s,DirectAddress,0
say,say,s,DirectAddress,1
he,he,s,Updates,0
is,is,s,Updates,1
wise,wise,s,StandardsPos,0
and,and,s,,0
will,will,s,PredictedFuture,0
give,give,s,ReportingEvents,0
me,me,n,ReportingEvents,1
samples,samples,s,AbstractConcepts,0
enough,enough,c,SubjectivePercept,0
",",",",s,,0
and,and,s,Sequence,0
then,then,s,Sequence,1
I,i,s,FirstPer,0
warrant,warrant,s,CommonAuthorities,0
you,you,s,DirectAddress,0
I,i,s,FirstPer,0
Will,will,s,PredictedFuture,0
take,take,s,ReportingEvents,0
um,um,s,OralCues,0
like,like,s,Resemblances,0
a,a,s,Resemblances,1
sponge,sponge,s,SenseObject,0
till,till,s,TimeShift,0
I,i,s,TimeShift,1
be,be,n,ReportingStates,0
twice,twice,s,RecurringEvents,0
so,so,s,Intensity,0
big,big,s,Intensity,1
as,as,s,SelfDisclosure,0
I,i,s,SelfDisclosure,1
am,am,nnn,FirstPer,0
Well,well,c,OralCues,0
",",",",s,OralCues,1
then,then,s,,0
thus,thus,s,Updates,0
far,far,s,Updates,1
we,we,s,ReportingStates,0
are,are,s,ReportingStates,1
agreed,agreed,c,ReportingStates,0
.,.,s,ReportingStates,1
And,and,s,,0
I,i,s,FirstPer,0
wish,wish,s,SubjectivePercept,0
you,you,s,DirectAddress,0
not,not,s,DenyDisclaim,0
to,to,s,DenyDisclaim,1
stand,stand,s,Confidence,0
upon,upon,s,Confidence,1
his,his,n,PersonPronoun,0
getti^g,getti^g,s,UNRECOGNIZED,0
by,by,s,DirectAddress,0
you,you,c,DirectAddress,1
",",",",s,,0
least,least,s,Comparison,0
you,you,s,DirectAddress,0
be,be,s,DirectAddress,1
pennywise,pennywise,c,PersonProperty,0
",",",",s,,0
and,and,s,,0
pound,pound,s,Negativity,0
foolish,foolish,nnn,Negativity,1
How,how,s,,0
learned,learned,s,ReportingEvents,0
you,you,s,DirectAddress,0
his,his,s,PersonPronoun,0
cunning,cunning,s,Negativity,0
so,so,s,,0
perfectly,perfectly,c,PosFeedback,0
?,?,s,Question,0
hau,hau,c,UNRECOGNIZED,0
^,^,s,UNRECOGNIZED,0
you,you,s,DirectAddress,0
known,known,s,DirectAddress,1
him,him,s,PersonPronoun,0
long,long,c,SenseProperty,0
.,.,nnn,,0
O,o,c,LangRef,0
",",",",s,,0
I,i,c,FirstPer,0
^,^,s,UNRECOGNIZED,0
why,why,s,Curiosity,0
I,i,s,Curiosity,1
have,have,s,Updates,0
known,known,s,Updates,1
him,him,s,PersonPronoun,0
these,these,s,Immediacy,0
30,30,s,TimeDuration,0
years,years,s,TimeDuration,1
at,at,s,SubjectivePercept,0
least,least,c,SubjectivePercept,1
",",",",s,,0
and,and,s,,0
conversed,conversed,s,SpaceRelation,0
with,with,s,SpaceRelation,1
him,him,n,PersonPronoun,0
in,in,s,Specifiers,0
his,his,s,Specifiers,1
best,best,s,Comparison,0
times,times,c,AbstractConcepts,0
;,;,s,,0
somewhat,somewhat,s,Uncertainty,0
(,(,c,,0
...,...,c,UNRECOGNIZED,0
),),s,,0
cost,cost,s,AbstractConcepts,0
me,me,s,FirstPer,0
you,you,s,Insist,0
must,must,s,Insist,1
think,think,c,PrivateThinking,0
",",",",s,Resistance,0
but,but,s,Resistance,1
that,that,s,Resistance,2
is,is,s,ReportingStates,0
past,past,c,AbstractConcepts,0
.,.,s,,0
I,i,n,SelfDisclosure,0
would,would,s,SelfDisclosure,1
not,not,s,DenyDisclaim,0
for,for,s,Specifiers,0
any,any,s,Specifiers,1
thing,thing,s,Uncertainty,0
but,but,s,Resistance,0
that,that,s,Resistance,1
I,i,s,FirstPer,0
did,did,s,ReportingEvents,0
known,known,s,CommonAuthorities,0
thoroughly,thoroughly,nnn,Intensity,0
Has,has,s,,0
he,he,s,PersonPronoun,0
been,been,s,ProjectBack,0
in,in,s,,0
Italy,italy,s,,0
then,then,s,,0
as,as,s,DirectAddress,0
you,you,s,DirectAddress,1
said,said,s,Citations,0
before,before,c,Sequence,0
?,?,nnn,Question,0
I,i,s,FirstPer,0
that,that,s,Updates,0
he,he,s,Updates,1
has,has,c,Updates,2
",",",",s,,0
and,and,s,,0
carried,carried,s,SenseProperty,0
from,from,s,SenseProperty,1
thence,thence,s,ProjectAhead,0
more,more,s,Comparison,0
th^n,th^n,s,UNRECOGNIZED,0
all,all,s,Generalization,0
the,the,s,Generalization,1
towns,towns,s,SpaceRelation,0
in,in,s,,0
Italy,italy,s,,0
could,could,n,Contingency,0
spare,spare,nnn,SenseProperty,0
what,what,s,Question,0
is,is,s,Question,1
that,that,c,,0
?,?,nnn,Question,0
I,i,s,FirstPer,0
will,will,s,PredictedFuture,0
not,not,s,PredictedFuture,1
tell,tell,s,,0
thee,thee,c,DirectAddress,0
",",",",s,,0
thou,thou,s,DirectAddress,0
have,have,s,Updates,0
already,already,s,Updates,1
more,more,s,Comparison,0
then,then,s,,0
thou,thou,s,DirectAddress,0
can,can,s,Contingency,0
well,well,s,Contingency,1
bear,bear,c,SenseObject,0
:,:,s,,0
thou,thou,n,DirectAddress,0
art,art,s,AbstractConcepts,0
almost,almost,s,SubjectivePercept,0
drunk,drunk,s,PersonProperty,0
with,with,s,Specifiers,0
the,the,s,Specifiers,1
very,very,s,Intensity,0
smell,smell,s,SenseProperty,0
of,of,s,SenseProperty,1
his,his,s,PersonPronoun,0
wit,wit,c,StandardsPos,0
",",",",s,,0
or,or,s,Contingency,0
else,else,s,Contingency,1
thou,thou,s,DirectAddress,0
would,would,s,Biographical_Time,0
never,never,s,Biographical_Time,1
so,so,n,,0
idly,idly,s,Negativity,0
ask,ask,s,Request,0
me,me,s,FirstPer,0
a,a,s,Curiosity,0
question,question,s,Curiosity,1
which,which,s,,0
I,i,s,FirstPer,0
told,told,s,ReportingEvents,0
thee,thee,s,DirectAddress,0
twenty,twenty,s,Numbers,0
times,times,nnn,AbstractConcepts,0
Mounsieur,mounsieur,s,UNRECOGNIZED,0
Proberi,proberi,c,UNRECOGNIZED,0
^,^,c,UNRECOGNIZED,0
",",",",s,,0
I,i,s,SelfDisclosure,0
have,have,s,SelfDisclosure,1
heard,heard,s,Updates,0
all,all,s,Generalization,0
the,the,s,Generalization,1
conference,conference,s,GenericEvents,0
between,between,s,,0
you,you,s,DirectAddress,0
and,and,s,,0
Simplo,simplo,c,UNRECOGNIZED,0
:,:,n,,0
and,and,s,,0
I,i,s,FirstPer,0
do,do,s,Intensity,0
so,so,s,Intensity,1
much,much,s,Intensity,0
mislike,mislike,s,Negativity,0
your,your,s,DirectAddress,0
discourse,discourse,s,AbstractConcepts,0
that,that,s,,0
I,i,s,Insist,0
cannot,cannot,s,Insist,1
choose,choose,s,ReportingEvents,0
but,but,s,Resistance,0
oppose,oppose,s,Resistance,0
my,my,n,FirstPer,0
self,self,s,SubjectivePercept,0
in,in,s,,0
my,my,s,FirstPer,0
friends,friends,s,StandardsPos,0
behalf,behalf,s,Positivity,0
whom,whom,s,PersonPronoun,0
I,i,s,FirstPer,0
hear,hear,s,SpaceRelation,0
egregiously,egregiously,s,Anger,0
to,to,s,GenericEvents,0
be,be,s,GenericEvents,1
wronged,wronged,s,StandardsNeg,0
by,by,s,DirectAddress,0
you,you,n,DirectAddress,1
Pr^beri,pr^beri,c,UNRECOGNIZED,0
^,^,nnn,UNRECOGNIZED,0
In,in,s,,0
what,what,s,,0
Noverindo,noverindo,c,UNRECOGNIZED,0
",",",",s,,0
have,have,s,Question,0
I,i,s,Question,1
done,done,s,ReportingStates,0
him,him,s,PersonPronoun,0
injury,injury,c,StandardsNeg,0
?,?,nnn,Question,0
In,in,s,Generalization,0
all,all,s,Generalization,1
your,your,s,DirectAddress,0
speech,speech,s,DirectAddress,1
generally,generally,c,RecurringEvents,0
:,:,s,,0
and,and,s,,0
in,in,s,Specifiers,0
many,many,s,Specifiers,1
particulars,particulars,c,Specifiers,0
.,.,nnn,,0
O,o,s,LangRef,0
vinversall,vinversall,s,UNRECOGNIZED,0
Noverindo,noverindo,s,UNRECOGNIZED,0
in,in,s,,0
what,what,s,,0
particulers,particulers,c,UNRECOGNIZED,0
?,?,nnn,Question,0
It,it,s,,0
Is,is,s,DenyDisclaim,0
no,no,s,DenyDisclaim,1
matter,matter,c,AbstractConcepts,0
.,.,s,,0
I,i,s,FirstPer,0
Will,will,s,PredictedFuture,0
tell,tell,s,,0
him,him,s,PersonPronoun,0
all,all,s,,0
when,when,s,,0
we,we,s,,0
meet,meet,s,ReportingEvents,0
next,next,c,Sequence,0
*,*,nnn,,0
That,that,s,Specifiers,0
Is,is,s,Specifiers,1
not,not,s,DenyDisclaim,0
matter,matter,c,DenyDisclaim,1
.,.,s,Resistance,0
but,but,s,Resistance,1
can,can,s,Contingency,0
thou,thou,s,DirectAddress,0
disprove,disprove,s,Resistance,0
me,me,s,FirstPer,0
in,in,s,,0
a^y,a^y,s,UNRECOGNIZED,0
thing,thing,s,Uncertainty,0
I,i,s,FirstPer,0
said,said,c,Citations,0
?,?,s,Question,0
or,or,s,,0
do,do,n,Intensity,0
thou,thou,s,DirectAddress,0
know,know,s,Confidence,0
any,any,s,,0
good,good,s,,0
by,by,s,,0
him,him,s,PersonPronoun,0
that,that,s,,0
I,i,s,SelfDisclosure,0
have,have,s,SelfDisclosure,1
not,not,s,DenyDisclaim,0
spoken,spoken,s,Specifiers,0
of,of,nnn,Specifiers,1
Faith,faith,c,StandardsPos,0
",",",",s,,0
or,or,s,Contingency,0
else,else,s,Contingency,1
I,i,s,FirstPer,0
know,know,s,Confidence,0
but,but,s,Resistance,0
little,little,c,SenseProperty,0
:,:,s,,0
for,for,s,Contingency,0
if,if,s,Contingency,1
you,you,s,DirectAddress,0
praise,praise,s,StandardsPos,0
^,^,s,UNRECOGNIZED,0
friend,friend,s,StandardsPos,0
on,on,s,,0
this,this,s,,0
fa^hion,fa^hion,s,UNRECOGNIZED,0
I,i,n,FirstPer,0
prithee,prithee,s,DirectAddress,0
speak,speak,s,ReportingEvents,0
the,the,s,Negativity,0
worst,worst,s,Negativity,1
^^,^^,c,UNRECOGNIZED,0
ou,ou,s,UNRECOGNIZED,0
can,can,s,Contingency,0
by,by,s,Cause,0
me,me,nnn,Cause,1
Sir,sir,c,PersonProperty,0
",",",",s,,0
it,it,s,Contingency,0
may,may,s,Contingency,1
be,be,c,Contingency,2
^,^,s,UNRECOGNIZED,0
I,i,s,FirstPer,0
Will,will,s,PredictedFuture,0
pleasure,pleasure,s,Positivity,0
you,you,s,DirectAddress,0
so,so,s,DirectAddress,1
much,much,c,Intensity,0
:,:,s,,0
but,but,s,Resistance,0
to,to,s,Resistance,1
the,the,s,,0
mat^er,mat^er,c,UNRECOGNIZED,0
*,*,s,,0
can,can,s,Contingency,0
thou,thou,n,DirectAddress,0
disprove,disprove,s,Resistance,0
me,me,s,FirstPer,0
in,in,s,,0
any,any,s,Specifiers,0
thing,thing,s,Specifiers,1
I,i,s,FirstPer,0
faid,faid,nnn,UNRECOGNIZED,0
Yes,yes,c,OralCues,0
",",",",s,OralCues,1
that,that,s,,0
I,i,s,Contingency,0
can,can,c,Contingency,1
",",",",s,,0
and,and,s,,0
that,that,s,PredictedFuture,0
I,i,s,PredictedFuture,1
will,will,c,PredictedFuture,2
.,.,s,,0
I,i,s,Contingency,0
can,can,s,Contingency,1
disprove,disprove,s,Resistance,0
thee,thee,s,DirectAddress,0
in,in,s,Specifiers,0
that,that,s,Specifiers,1
thou,thou,s,DirectAddress,0
^,^,c,UNRECOGNIZED,0
aidst,aidst,s,UNRECOGNIZED,0
he,he,n,Biographical_Time,0
never,never,s,Biographical_Time,1
deale,deale,c,UNRECOGNIZED,0
^,^,c,UNRECOGNIZED,0
*,*,s,,0
with,with,s,,0
any,any,s,,0
man,man,s,PersonProperty,0
but,but,s,Resistance,0
he,he,s,PersonPronoun,0
cavills,cavills,c,UNRECOGNIZED,0
",",",",s,,0
and,and,s,,0
wrangles,wrangles,s,Negative_Relation,0
with,with,s,Negative_Relation,1
him,him,c,PersonPronoun,0
*,*,s,,0
which,which,s,,0
is,is,n,ReportingStates,0
untrue,untrue,c,StandardsNeg,0
.,.,s,DirectAddress,0
And,and,s,DirectAddress,1
I,i,s,Autobio,0
had,had,s,Autobio,1
much,much,s,Negativity,0
ado,ado,s,Negativity,1
to,to,s,TimeDuration,0
keep,keep,s,TimeDuration,1
in,in,s,,0
my,my,s,Autobio,0
mother,mother,s,Autobio,1
tongue,tongue,c,SenseObject,0
",",",",s,Resistance,0
but,but,s,Resistance,1
could,could,s,Contingency,0
have,have,s,Contingency,1
found,found,n,SpaceRelation,0
in,in,s,SpaceRelation,1
my,my,s,SelfDisclosure,0
heart,heart,s,SelfDisclosure,1
presently,presently,s,TimeShift,0
to,to,s,,0
have,have,s,,0
put,put,s,Narrative_Verbs,0
the,the,s,Narrative_Verbs,1
lie,lie,s,SpaceRelation,0
down,down,s,SpaceRelation,1
thy,thy,s,DirectAddress,0
throat,throat,c,SenseObject,0
",",",",s,Resistance,0
but,but,s,Resistance,1
I,i,s,FirstPer,0
did,did,s,ReportingEvents,0
bridle,bridle,s,SenseObject,0
my,my,n,FirstPer,0
nature,nature,s,AbstractConcepts,0
to,to,s,,0
hear,hear,s,SpaceRelation,0
all,all,s,,0
thou,thou,s,DirectAddress,0
would,would,s,ProjectBack,0
speak,speak,c,ReportingEvents,0
.,.,s,DirectAddress,0
And,and,s,DirectAddress,1
now,now,s,Immediacy,0
to,to,s,,0
demonstrat,demonstrat,s,UNRECOGNIZED,0
thy,thy,s,DirectAddress,0
falsehood,falsehood,c,StandardsNeg,0
",",",",s,,0
I,i,n,FirstPer,0
say,say,c,Citations,0
",",",",s,,0
and,and,s,,0
will,will,s,PredictedFuture,0
i^stifie,i^stifie,s,UNRECOGNIZED,0
that,that,s,,0
he,he,s,Updates,0
is,is,s,Updates,1
as,as,s,,0
good,good,s,,0
a,a,s,,0
10,10,s,Numbers,0
ith,ith,s,UNRECOGNIZED,0
100,100,s,Numbers,0
man,man,s,PersonProperty,0
either,either,s,ReasonForward,0
to,to,s,ReasonForward,1
give,give,s,Uncertainty,0
or,or,n,Uncertainty,1
take,take,s,Uncertainty,2
as,as,s,Comparison,0
any,any,s,Comparison,1
is,is,s,ReportingStates,0
in,in,s,,0
London,london,c,,0
*,*,s,,0
and,and,s,,0
that,that,s,,0
he,he,s,Neutral_Attribution,0
keeps,keeps,s,Neutral_Attribution,1
his,his,s,TimeDuration,0
days,days,s,TimeDuration,1
(,(,c,,0
especially,especially,s,Specifiers,0
of,of,s,,0
receipt,receipt,c,SenseObject,0
),),s,,0
as,as,n,,0
strictly,strictly,s,CommonAuthorities,0
to,to,s,,0
an,an,s,TimeDuration,0
hour,hour,s,TimeDuration,1
as,as,s,Comparison,0
any,any,s,Comparison,1
man,man,c,PersonProperty,0
.,.,s,DirectAddress,0
And,and,s,DirectAddress,1
further,further,c,Metadiscourse,0
",",",",s,Metadiscourse,1
that,that,s,,0
he,he,s,PersonPronoun,0
cavelleth,cavelleth,s,UNRECOGNIZED,0
or,or,s,,0
wrangleth,wrangleth,n,UNRECOGNIZED,0
not,not,s,DenyDisclaim,0
with,with,s,,0
any,any,s,,0
in,in,s,,0
this,this,s,,0
Kind,kind,c,Positivity,0
:,:,s,,0
therefore,therefore,s,ReasonForward,0
you,you,s,DirectAddress,0
are,are,s,DirectAddress,1
a,a,s,DirectAddress,2
lying,lying,s,Negativity,0
fellow,fellow,nnn,PersonProperty,0
Not,not,s,DenyDisclaim,0
to,to,s,DenyDisclaim,1
forward,forward,s,AbstractConcepts,0
with,with,s,DirectAddress,0
your,your,s,DirectAddress,1
lies,lies,s,,0
Noverindo,noverindo,s,UNRECOGNIZED,0
if,if,s,Contingency,0
you,you,s,DirectAddress,0
love,love,s,Positivity,0
your,your,s,DirectAddress,0
self,self,c,SubjectivePercept,0
:,:,s,,0
for,for,s,,0
though,though,s,Concessive,0
I,i,n,FirstPer,0
will,will,s,PredictedFuture,0
not,not,s,PredictedFuture,1
fight,fight,s,Resistance,0
for,for,s,Resistance,1
fear,fear,s,Fear,0
of,of,s,Fear,1
the,the,s,,0
proclamation,proclamation,s,CommonAuthorities,0
yet,yet,s,Resistance,0
know,know,s,Confidence,0
I,i,s,Contingency,0
can,can,s,Contingency,1
make,make,s,DirectAddress,0
you,you,s,DirectAddress,1
give,give,s,ReportingEvents,0
me,me,n,ReportingEvents,1
satisfaction,satisfaction,s,StandardsPos,0
upon,upon,s,DirectAddress,0
your,your,s,DirectAddress,1
knee,knee,s,SenseObject,0
if,if,s,Contingency,0
I,i,s,SelfDisclosure,0
would,would,s,SelfDisclosure,1
complain,complain,c,Negative_Relation,0
:,:,s,,0
but,but,s,Resistance,0
I,i,s,FirstPer,0
will,will,s,PredictedFuture,0
seek,seek,s,ProjectAhead,0
no,no,s,DenyDisclaim,0
such,such,n,Intensity,0
advantage,advantage,c,StandardsPos,0
;,;,s,,0
for,for,s,,0
the,the,s,,0
cause,cause,s,Cause,0
it,it,s,,0
self,self,s,SubjectivePercept,0
give,give,s,ReportingEvents,0
me,me,s,ReportingEvents,1
victory,victory,s,Positivity,0
enough,enough,s,SubjectivePercept,0
over,over,s,,0
thee,thee,c,DirectAddress,0
",",",",s,,0
and,and,n,,0
returns,returns,s,ReportingEvents,0
the,the,s,ReportingEvents,1
lie,lie,s,Motions,0
most,most,s,Comparison,0
bra^ely,bra^ely,s,UNRECOGNIZED,0
into,into,s,,0
thy,thy,s,DirectAddress,0
gullet,gullet,c,SenseObject,0
.,.,s,,0
I,i,s,Contingency,0
can,can,s,Contingency,1
prove,prove,s,Confidence,0
Nody,nody,s,UNRECOGNIZED,0
Noverindo,noverindo,c,UNRECOGNIZED,0
",",",",s,,0
that,that,n,,0
in,in,s,,0
thy,thy,s,DirectAddress,0
own,own,s,ReportingEvents,0
trade,trade,s,AbstractConcepts,0
and,and,s,,0
his,his,s,PersonPronoun,0
of,of,s,,0
decemper,decemper,s,UNRECOGNIZED,0
cent,cent,c,AbstractConcepts,0
.,.,s,AbstractConcepts,1
when,when,s,TimeShift,0
he,he,s,TimeShift,1
lost,lost,s,Negativity,0
100l,100l,s,UNRECOGNIZED,0
which,which,s,,0
the,the,n,,0
scriuener,scriuener,s,UNRECOGNIZED,0
delivered,delivered,s,Narrative_Verbs,0
his,his,s,Narrative_Verbs,1
own,own,s,ReportingEvents,0
messenger,messenger,s,PersonProperty,0
after,after,s,Sequence,0
the,the,s,Sequence,1
bond,bond,s,AbstractConcepts,0
sealed,sealed,c,ReportingStates,0
",",",",s,ReportingStates,1
(,(,c,,0
who,who,s,,0
ran,ran,s,SceneShift,0
away,away,n,SceneShift,1
with,with,s,SceneShift,2
the,the,s,SenseObject,0
money,money,c,SenseObject,1
),),s,,0
he,he,s,PersonPronoun,0
brake,brake,s,SenseObject,0
his,his,s,PersonPronoun,0
day,day,c,TimeDuration,0
",",",",s,,0
and,and,s,,0
sued,sued,s,Narrative_Verbs,0
the,the,s,Narrative_Verbs,1
scriuener,scriuener,s,UNRECOGNIZED,0
striving,striving,s,ProjectAhead,0
to,to,s,ProjectAhead,1
recover,recover,s,ReportingEvents,0
the,the,n,Specifiers,0
whole,whole,c,Specifiers,1
",",",",s,,0
or,or,s,,0
some,some,s,Uncertainty,0
composition,composition,s,AbstractConcepts,0
by,by,s,,0
that,that,s,ReasonForward,0
means,means,nnn,ReasonForward,1
But,but,s,Resistance,0
did,did,s,Question,0
he,he,s,Question,1
recover,recover,s,ReportingEvents,0
any,any,c,,0
?,?,s,Question,0
or,or,s,,0
did,did,s,Narrative_Verbs,0
the,the,s,Narrative_Verbs,1
scriuener,scriuener,s,UNRECOGNIZED,0
give,give,s,,0
him,him,s,PersonPronoun,0
any,any,s,,0
thing?000,thing?000,c,UNRECOGNIZED,0
?,?,nnn,Question,0
He,he,s,PersonPronoun,0
re^ouer'd,re^ouer'd,s,UNRECOGNIZED,0
not,not,c,DenyDisclaim,0
;,;,s,Specifiers,0
nor,nor,s,Specifiers,1
got,got,s,ReportingEvents,0
any,any,s,Specifiers,0
thing,thing,s,Specifiers,1
from,from,s,,0
the,the,s,,0
scriuener,scriuener,c,UNRECOGNIZED,0
.,.,s,Resistance,0
But,but,s,Resistance,1
was,was,s,ProjectBack,0
not,not,s,DenyDisclaim,0
this,this,s,,0
a,a,n,,0
wrangle,wrangle,c,Negative_Relation,0
",",",",s,,0
and,and,s,,0
a,a,s,,0
shameful,shameful,s,Anger,0
cavil,cavil,c,Negative_Relation,0
?,?,s,Question,0
yea,yea,s,OralCues,0
and,and,s,,0
with,with,s,Specifiers,0
a,a,s,Specifiers,1
Noverint,noverint,s,UNRECOGNIZED,0
man,man,s,PersonProperty,0
himself,himself,s,PersonPronoun,0
which,which,n,,0
thou,thou,s,DirectAddress,0
deniest,deniest,c,UNRECOGNIZED,0
?,?,s,Question,0
000,000,s,UNRECOGNIZED,0
now,now,s,Immediacy,0
thou,thou,s,DirectAddress,0
lie,lie,s,ReportingEvents,0
in,in,s,ReportingEvents,1
thy,thy,s,DirectAddress,0
swallowing,swallowing,s,Motions,0
place,place,s,SpaceRelation,0
Noverindo,noverindo,nnn,UNRECOGNIZED,0
Segnieur,segnieur,s,UNRECOGNIZED,0
Simpl,simpl,c,UNRECOGNIZED,0
^,^,c,UNRECOGNIZED,0
",",",",s,,0
Help,help,s,SelfDisclosure,0
me,me,s,SelfDisclosure,1
a,a,s,SubjectivePercept,0
little,little,c,SubjectivePercept,1
.,.,s,SubjectivePercept,2
Can,can,s,Contingency,0
thou,thou,s,DirectAddress,0
say,say,s,Resistance,0
no,no,s,Resistance,1
good,good,s,,0
of,of,s,Specifiers,0
this,this,s,Specifiers,1
gentleman,gentleman,c,Positivity,0
*,*,n,,0
it,it,s,,0
frets,frets,s,Negativity,0
me,me,s,FirstPer,0
to,to,s,,0
the,the,s,SenseObject,0
heart,heart,s,SenseObject,1
to,to,s,,0
hear,hear,s,SenseProperty,0
a,a,s,SenseProperty,1
man,man,s,PersonProperty,0
of,of,s,PersonProperty,1
our,our,s,Inclusive,0
own,own,s,Inclusive,1
making,making,s,ReportingEvents,0
to,to,s,ReportingEvents,1
be,be,s,ReasonForward,0
thus,thus,s,ReasonForward,1
misused,misused,nnn,StandardsNeg,0
Faith,faith,s,StandardsPos,0
not,not,s,DenyDisclaim,0
I,i,c,FirstPer,0
",",",",s,,0
not,not,s,DenyDisclaim,0
much,much,c,DenyDisclaim,1
",",",",s,,0
saving,saving,s,StandardsPos,0
that,that,s,,0
I,i,s,SelfDisclosure,0
have,have,s,SelfDisclosure,1
heard,heard,s,Updates,0
many,many,s,ProjectBack,0
years,years,s,ProjectBack,1
ago,ago,c,ProjectBack,2
^,^,s,UNRECOGNIZED,0
that,that,s,,0
he,he,s,Biographical_Time,0
was,was,s,Biographical_Time,1
a,a,n,Biographical_Time,2
reasonable,reasonable,s,StandardsPos,0
honest,honest,s,StandardsPos,0
man,man,s,StandardsPos,1
but,but,s,Resistance,0
for's,for's,s,UNRECOGNIZED,0
religion,religion,c,AbstractConcepts,0
",",",",s,,0
and,and,s,,0
they,they,s,Citations,0
say,say,s,Citations,1
still,still,s,Updates,0
he,he,s,Neutral_Attribution,0
is,is,s,Neutral_Attribution,1
a,a,s,Neutral_Attribution,2
kind,kind,s,Uncertainty,0
of,of,s,Uncertainty,1
a,a,n,Uncertainty,2
Papist,papist,nnn,Negativity,0
What,what,s,,0
a,a,s,Negativity,0
rascal,rascal,s,Negativity,1
stis,stis,c,UNRECOGNIZED,0
?,?,s,Question,0
do,do,s,Question,0
I,i,s,Question,1
call,call,s,ReportingEvents,0
thee,thee,s,DirectAddress,0
to,to,s,,0
speak,speak,s,ReportingEvents,0
in,in,s,Positivity,0
his,his,s,Positivity,1
behalf,behalf,c,Positivity,2
",",",",s,,0
and,and,s,,0
do,do,s,Intensity,0
thou,thou,n,DirectAddress,0
prate,prate,s,Negativity,0
of,of,s,,0
religion,religion,c,AbstractConcepts,0
?,?,s,Question,0
what,what,s,Question,0
has,has,s,Question,1
he,he,s,Question,2
or,or,s,,0
I,i,s,FirstPer,0
to,to,s,,0
do,do,s,ReportingEvents,0
with,with,s,ReportingEvents,1
religion,religion,c,AbstractConcepts,0
?,?,s,Question,0
I,i,s,FirstPer,0
dare,dare,s,SubjectivePercept,0
swear,swear,s,Intensity,0
that,that,n,,0
he,he,s,Updates,0
is,is,s,Updates,1
an,an,s,,0
honest,honest,s,StandardsPos,0
man,man,s,StandardsPos,1
of,of,s,,0
no,no,s,DenyDisclaim,0
religion,religion,c,AbstractConcepts,0
.,.,nnn,Question,0
What,what,c,Question,1
?,?,s,Question,0
do,do,s,Intensity,0
thou,thou,s,DirectAddress,0
find,find,s,Negativity,0
fault,fault,s,Negativity,1
with,with,s,Negativity,2
housekeepers,housekeepers,c,PersonProperty,0
:,:,s,,0
you,you,s,DirectAddress,0
will,will,s,PredictedFuture,0
please,please,s,Positivity,0
him,him,s,PersonPronoun,0
never,never,s,DenyDisclaim,0
a,a,s,,0
whit,whit,n,AbstractConcepts,0
with,with,s,Specifiers,0
that,that,c,Specifiers,1
",",",",s,ReasonForward,0
for,for,s,ReasonForward,1
ant,ant,s,SenseObject,0
were,were,s,ProjectBack,0
not,not,s,DenyDisclaim,0
for,for,s,SubjectiveTime,0
good,good,s,SubjectiveTime,1
housekeepers,housekeepers,s,PersonProperty,0
he,he,s,Biographical_Time,0
would,would,s,Biographical_Time,1
have,have,s,,0
many,many,s,,0
hungry,hungry,n,SenseProperty,0
meals,meals,nnn,GenericEvents,0
I,i,s,SelfDisclosure,0
find,find,s,SelfDisclosure,1
fault,fault,s,SelfDisclosure,2
with,with,s,SelfDisclosure,3
such,such,s,Intensity,0
housekeepers,housekeepers,s,PersonProperty,0
as,as,s,,0
dare,dare,s,SubjectivePercept,0
not,not,s,DenyDisclaim,0
show,show,s,SpaceRelation,0
their,their,s,SpaceRelation,1
faces,faces,s,SpaceRelation,2
without,without,n,Contingency,0
their,their,s,Contingency,1
own,own,s,ReportingEvents,0
doors,doors,c,SenseObject,0
.,.,s,,0
I,i,s,Insist,0
cannot,cannot,s,Insist,1
endure,endure,s,Resistance,0
this,this,c,Immediacy,0
.,.,s,Immediacy,1
I,i,s,FirstPer,0
Will,will,s,PredictedFuture,0
complain,complain,s,Negative_Relation,0
to,to,s,Negative_Relation,1
him,him,s,PersonPronoun,0
on,on,s,DirectAddress,0
you,you,s,DirectAddress,1
both,both,c,,0
",",",",s,,0
if,if,n,Contingency,0
ever,ever,s,Contingency,1
he,he,s,PersonPronoun,0
light,light,s,SpaceRelation,0
on,on,s,SpaceRelation,1
you,you,s,DirectAddress,0
within,within,s,,0
the,the,s,SenseObject,0
lash,lash,s,SenseObject,1
of,of,s,CommonAuthorities,0
the,the,s,CommonAuthorities,1
law,law,c,CommonAuthorities,2
",",",",s,,0
there,there,s,DenyDisclaim,0
is,is,s,DenyDisclaim,1
no,no,s,DenyDisclaim,2
^^,^^,c,UNRECOGNIZED,0
rcy,rcy,c,UNRECOGNIZED,0
:,:,s,,0
and,and,s,ReportingStates,0
it,it,s,ReportingStates,1
is,is,s,ReportingStates,2
no,no,n,DenyDisclaim,0
matter,matter,c,DenyDisclaim,1
",",",",s,,0
teach,teach,s,ReportingEvents,0
you,you,s,DirectAddress,0
to,to,s,,0
speak,speak,s,ReportingEvents,0
so,so,s,Negativity,0
evil,evil,s,Negativity,1
of,of,s,,0
him,him,s,PersonPronoun,0
behind,behind,s,Negativity,0
his,his,s,Negativity,1
back,back,nnn,Negativity,2
Why,why,s,Question,0
cockscombe,cockscombe,c,UNRECOGNIZED,0
;,;,s,,0
how,how,s,Curiosity,0
can,can,s,Curiosity,1
thou,thou,s,DirectAddress,0
tell,tell,s,,0
his,his,s,PersonPronoun,0
back,back,s,,0
was,was,s,ProjectBack,0
toward,toward,s,Inclusive,0
us,us,c,Inclusive,1
.,.,nnn,OralCues,0
Well,well,c,OralCues,1
",",",",s,OralCues,2
mock,mock,s,Negativity,0
on,on,c,,0
",",",",s,,0
it,it,s,ProjectBack,0
was,was,s,ProjectBack,1
in,in,s,Specifiers,0
his,his,s,Specifiers,1
abs^nce,abs^nce,c,UNRECOGNIZED,0
",",",",s,,0
that's,that's,s,Sequence,0
all,all,s,Sequence,1
one,one,c,Numbers,0
:,:,s,,0
I,i,s,FirstPer,0
Will,will,s,PredictedFuture,0
tell,tell,s,,0
him,him,s,PersonPronoun,0
if,if,s,Contingency,0
you,you,s,DirectAddress,0
will,will,s,PredictedFuture,0
give,give,n,ReportingEvents,0
me,me,s,ReportingEvents,1
nothing,nothing,nnn,DenyDisclaim,0
Give,give,s,,0
thee,thee,c,DirectAddress,0
",",",",s,,0
yes,yes,s,DirectAddress,0
a,a,s,SenseObject,0
rope,rope,s,SenseObject,1
I^das,i^das,c,UNRECOGNIZED,0
*,*,nnn,,0
Bonu,bonu,c,UNRECOGNIZED,0
^,^,s,UNRECOGNIZED,0
dies,dies,c,,0
*,*,s,,0
Segni^ur,segni^ur,s,UNRECOGNIZED,0
Antonio,antonio,c,UNRECOGNIZED,0
",",",",s,,0
Magnifi,magnifi,c,UNRECOGNIZED,0
^^,^^,c,UNRECOGNIZED,0
;,;,s,,0
the,the,s,,0
worthiest,worthiest,s,StandardsPos,0
gentleman,gentleman,s,Positivity,0
that,that,s,,0
ever,ever,n,Biographical_Time,0
consorted,consorted,s,Negativity,0
with,with,s,Negativity,1
the,the,s,,0
bankers,bankers,s,PersonProperty,0
of,of,s,Specifiers,0
this,this,s,Specifiers,1
city,city,c,CommonAuthorities,0
.,.,s,,0
Sir,sir,s,PersonProperty,0
I,i,s,DirectAddress,0
hope,hope,s,DirectAddress,1
you,you,s,DirectAddress,2
make,make,s,Confidence,0
no,no,s,Confidence,1
doubt,doubt,s,Confidence,2
^,^,c,UNRECOGNIZED,0
o,o,c,LangRef,0
^,^,n,UNRECOGNIZED,0
teneri,teneri,s,UNRECOGNIZED,0
and,and,s,,0
firmiter,firmiter,s,UNRECOGNIZED,0
obligari^ibi,obligari^ibi,s,UNRECOGNIZED,0
aut,aut,s,,0
t^o,t^o,s,UNRECOGNIZED,0
certo,certo,s,UNRECOGNIZED,0
attnrnato,attnrnato,c,UNRECOGNIZED,0
",",",",s,,0
etc,etc,c,AbstractConcepts,0
.,.,s,AbstractConcepts,1
And,and,s,,0
further,further,n,AbstractConcepts,0
obligamus,obligamus,s,UNRECOGNIZED,0
nos,nos,c,Inclusive,0
",",",",s,,0
and,and,s,,0
quemlibet,quemlibet,s,UNRECOGNIZED,0
nostrum,nostrum,c,Negativity,0
",",",",s,,0
heredes,heredes,c,Immediacy,0
",",",",s,,0
and,and,s,,0
exec,exec,c,PersonProperty,0
^^,^^,c,UNRECOGNIZED,0
ores,ores,s,SenseObject,0
nostros,nostros,s,UNRECOGNIZED,0
etc,etc,c,AbstractConcepts,0
.,.,s,AbstractConcepts,1
The,the,n,Contingency,0
condition,condition,s,Contingency,1
is,is,s,ProjectAhead,0
to,to,s,ProjectAhead,1
be,be,s,ReportingStates,0
ever,ever,s,Biographical_Time,0
ready,ready,s,ProjectAhead,0
at,at,s,SpaceRelation,0
your,your,s,SpaceRelation,1
lowest,lowest,s,Comparison,0
service,service,nnn,StandardsPos,0
What,what,s,,0
a,a,s,,0
rogue,rogue,s,Negativity,0
stis,stis,c,UNRECOGNIZED,0
?,?,s,Question,0
he,he,s,Contingency,0
can,can,s,Contingency,1
speak,speak,s,ReportingEvents,0
nothing,nothing,s,Intensity,0
but,but,s,Intensity,1
obligations,obligations,s,Responsibility,0
as,as,s,,0
Ovid,ovid,s,UNRECOGNIZED,0
did,did,s,ReportingEvents,0
verses,verses,c,SenseProperty,0
.,.,c,,0
^,^,nnn,UNRECOGNIZED,0
Gramarcees,gramarcees,s,UNRECOGNIZED,0
gentle,gentle,s,Positivity,0
Noverindo,noverindo,c,UNRECOGNIZED,0
:,:,s,Question,0
how,how,s,Question,1
go,go,s,ReportingEvents,0
the,the,s,,0
rates,rates,s,AbstractConcepts,0
now,now,c,Immediacy,0
?,?,nnn,Question,0
Sir,sir,s,PersonProperty,0
you,you,s,DirectAddress,0
may,may,s,DirectAddress,1
have,have,s,ReportingStates,0
as,as,s,ReportingStates,1
much,much,s,Resemblances,0
as,as,s,Resemblances,1
you,you,s,DirectAddress,0
will,will,s,PredictedFuture,0
at,at,s,,0
eight,eight,s,Numbers,0
in,in,s,,0
the,the,s,,0
hundred,hundred,c,Numbers,0
",",",",s,,0
others,others,s,Uncertainty,0
pay,pay,s,ReportingEvents,0
ten,ten,c,Numbers,0
.,.,nnn,,0
I,i,s,Acknowledge,0
thank,thank,s,Acknowledge,1
you,you,c,Acknowledge,2
:,:,s,,0
then,then,s,Sequence,0
I,i,s,Sequence,1
have,have,s,ReportingEvents,0
a,a,s,ReportingEvents,1
match,match,s,SenseObject,0
already,already,c,Updates,0
:,:,s,,0
a,a,s,Positivity,0
friend,friend,s,Positivity,1
of,of,s,Positivity,2
mine,mine,s,FirstPer,0
must,must,s,Insist,0
use,use,s,ReportingEvents,0
a,a,s,ReportingEvents,1
thousand,thousand,n,Numbers,0
pound,pound,s,Motions,0
and,and,s,,0
entreats,entreats,s,Request,0
my,my,s,FirstPer,0
band,band,c,SenseObject,0
;,;,s,,0
I,i,s,FirstPer,0
Will,will,s,PredictedFuture,0
^,^,c,UNRECOGNIZED,0
ay,ay,s,OralCues,0
he,he,s,PersonPronoun,0
shall,shall,s,ProjectAhead,0
have,have,s,Cause,0
it,it,s,Cause,1
by,by,s,,0
my,my,s,FirstPer,0
means,means,c,AbstractConcepts,0
.,.,s,,0
Thou,thou,s,DirectAddress,0
^,^,c,UNRECOGNIZED,0
halt,halt,n,Motions,0
have,have,s,,0
forty,forty,s,AbstractConcepts,0
shillings,shillings,s,AbstractConcepts,0
in,in,s,,0
the,the,s,,0
hundred,hundred,s,Numbers,0
for,for,s,,0
brocage,brocage,c,UNRECOGNIZED,0
*,*,s,,0
and,and,s,,0
I,i,s,FirstPer,0
will,will,s,PredictedFuture,0
gain,gain,s,,0
other,other,s,Specifiers,0
forty,forty,n,AbstractConcepts,0
shillings,shillings,c,AbstractConcepts,0
",",",",s,,0
this,this,s,ReportingStates,0
is,is,s,ReportingStates,1
but,but,s,Resistance,0
twelve,twelve,s,Numbers,0
in,in,s,,0
the,the,s,,0
hundred,hundred,s,Numbers,0
that,that,s,Specifiers,0
is,is,s,Specifiers,1
dog,dog,s,SenseObject,0
cheap,cheap,c,SubjectivePercept,0
",",",",s,,0
I,i,s,FirstPer,0
know,know,s,Confidence,0
some,some,n,Uncertainty,0
pay,pay,s,ReportingEvents,0
a,a,s,Intensity,0
great,great,s,Intensity,1
deal,deal,s,Intensity,2
more,more,c,Comparison,0
:,:,s,,0
And,and,s,,0
I,i,s,Metadiscourse,0
Will,will,s,Metadiscourse,1
have,have,s,Metadiscourse,2
good,good,s,,0
land,land,s,AbstractConcepts,0
twice,twice,s,RecurringEvents,0
the,the,s,,0
worth,worth,s,AbstractConcepts,0
for,for,s,,0
my,my,s,FirstPer,0
counter,counter,n,AbstractConcepts,0
security,security,c,StandardsPos,0
.,.,s,DirectAddress,0
Let,let,s,DirectAddress,1
me,me,s,DirectAddress,2
alone,alone,s,SpaceRelation,0
to,to,s,,0
hamper,hamper,s,Negativity,0
them,them,nnn,Negativity,1
You,you,s,DirectAddress,0
are,are,s,DirectAddress,1
wiser,wiser,s,StandardsPos,0
sir,sir,c,PersonProperty,0
",",",",s,,0
fast,fast,s,SubjectiveTime,0
bind,bind,s,AbstractConcepts,0
fast,fast,s,SubjectiveTime,0
find,find,c,,0
.,.,s,DirectAddress,0
And,and,s,DirectAddress,1
if,if,s,Contingency,0
they,they,s,Contingency,1
fail,fail,s,StandardsNeg,0
yeull,yeull,s,UNRECOGNIZED,0
trice,trice,s,TimeDuration,0
them,them,c,,0
.,.,s,,0
I,i,n,FirstPer,0
trow,trow,s,SenseObject,0
upon,upon,s,,0
the,the,s,,0
mortgage,mortgage,nnn,AbstractConcepts,0
Ah,ah,s,OralCues,0
ha,ha,c,OralCues,0
",",",",s,,0
art,art,s,AbstractConcepts,0
avis'd,avis'd,s,UNRECOGNIZED,0
of,of,s,Specifiers,0
that,that,c,Specifiers,1
?,?,s,Question,0
surely,surely,s,Confidence,0
I,i,s,Metadiscourse,0
shall,shall,s,Metadiscourse,1
do,do,s,StandardsPos,0
them,them,s,StandardsPos,1
good,good,s,StandardsPos,2
to,to,s,,0
make,make,s,ReportingEvents,0
the,the,s,,0
fools,fools,n,Negativity,0
take,take,s,SubjectivePercept,0
heed,heed,s,SubjectivePercept,1
of,of,s,SubjectivePercept,2
others,others,c,Uncertainty,0
.,.,s,DirectAddress,0
And,and,s,DirectAddress,1
what,what,s,,0
falt,falt,s,UNRECOGNIZED,0
is,is,s,ReportingStates,0
in,in,s,,0
me,me,c,FirstPer,0
",",",",s,,0
a,a,s,,0
bargain,bargain,s,AbstractConcepts,0
is,is,s,ReportingStates,0
a,a,s,ReportingStates,1
bargain,bargain,c,AbstractConcepts,0
:,:,s,,0
and,and,s,,0
if,if,s,Contingency,0
I,i,n,FirstPer,0
give,give,s,,0
them,them,s,,0
a,a,s,SubjectivePercept,0
little,little,s,SubjectivePercept,1
more,more,s,Comparison,0
for,for,s,Comparison,1
their,their,s,PersonPronoun,0
land,land,s,AbstractConcepts,0
when,when,s,Curiosity,0
it,it,s,Curiosity,1
is,is,s,Curiosity,2
forfeited,forfeited,c,,0
",",",",s,,0
they,they,s,,0
may,may,s,Contingency,0
thank,thank,s,Acknowledge,0
me,me,n,FirstPer,0
but,but,s,Resistance,0
no,no,s,DenyDisclaim,0
parting,parting,s,SceneShift,0
with,with,s,SceneShift,1
the,the,s,SenseObject,0
land,land,c,SenseObject,1
",",",",s,ReasonForward,0
for,for,s,ReasonForward,1
it,it,s,ReasonForward,2
is,is,s,ReasonForward,3
so,so,s,,0
deep,deep,s,AbstractConcepts,0
if,if,s,Contingency,0
a,a,s,Contingency,1
man,man,s,PersonProperty,0
would,would,s,ProjectBack,0
dig,dig,s,Positivity,0
it,it,s,Positivity,1
that,that,s,,0
it,it,n,,0
reaches,reaches,s,SpaceRelation,0
to,to,s,SpaceRelation,1
hell,hell,c,OralCues,0
",",",",s,OralCues,1
and,and,s,,0
there,there,s,DenyDisclaim,0
is,is,s,DenyDisclaim,1
no,no,s,DenyDisclaim,2
redemption,redemption,nnn,StandardsPos,0
Well,well,c,OralCues,0
",",",",s,OralCues,1
this,this,s,ReportingStates,0
is,is,s,ReportingStates,1
agreed,agreed,c,,0
:,:,s,,0
and,and,s,,0
if,if,s,Contingency,0
you,you,s,DirectAddress,0
will,will,s,PredictedFuture,0
have,have,s,PredictedFuture,1
3000l,3000l,s,UNRECOGNIZED,0
^,^,c,UNRECOGNIZED,0
peak,peak,c,SpaceRelation,0
^,^,s,UNRECOGNIZED,0
but,but,s,Resistance,0
the,the,s,LangRef,0
word,word,c,LangRef,1
",",",",s,,0
and,and,s,,0
give,give,n,,0
three,three,s,Numbers,0
days,days,s,TimeDuration,0
warning,warning,c,Negative_Relation,0
",",",",s,,0
we,we,s,,0
will,will,s,PredictedFuture,0
come,come,s,PredictedFuture,1
at,at,s,SpaceRelation,0
your,your,s,SpaceRelation,1
whistle,whistle,s,Motions,0
as,as,s,DirectAddress,0
your,your,s,DirectAddress,1
wife,wife,s,PersonProperty,0
was,was,s,ProjectBack,0
wont,wont,s,SubjectivePercept,0
to,to,s,,0
do,do,c,Intensity,0
:,:,n,,0
but,but,s,Resistance,0
there,there,s,Resistance,1
is,is,s,Resistance,2
a,a,s,Specifiers,0
thing,thing,s,Specifiers,1
I,i,s,Insist,0
must,must,s,Insist,1
impart,impart,s,ReportingEvents,0
to,to,s,DirectAddress,0
you,you,s,DirectAddress,1
which,which,s,,0
(,(,c,,0
I,i,s,SelfDisclosure,0
hope,hope,c,SelfDisclosure,1
),),s,,0
you,you,s,DirectAddress,0
will,will,s,PredictedFuture,0
take,take,s,ReportingEvents,0
well,well,s,SenseObject,0
at,at,s,,0
my,my,n,FirstPer,0
hands,hands,c,SenseObject,0
",",",",s,,0
being,being,s,ReportingStates,0
but,but,s,Resistance,0
the,the,s,,0
relator,relator,nnn,PersonProperty,0
What,what,c,Question,0
?,?,s,Question,1
is,is,s,ReportingStates,0
any,any,s,,0
Backrupt,backrupt,s,UNRECOGNIZED,0
that,that,s,,0
has,has,s,,0
my,my,s,FirstPer,0
sums,sums,s,AbstractConcepts,0
put,put,s,ReportingEvents,0
forth,forth,c,ReportingEvents,1
*,*,nnn,,0
Not,not,s,DenyDisclaim,0
one,one,c,DenyDisclaim,1
",",",",s,,0
they,they,s,ReportingStates,0
are,are,s,ReportingStates,1
as,as,s,Resemblances,0
safe,safe,s,Resemblances,1
as,as,s,Resemblances,2
in,in,s,DirectAddress,0
your,your,s,DirectAddress,1
chest,chest,c,DirectAddress,2
.,.,nnn,Imperative,0
Let,let,s,Imperative,1
it,it,s,Contingency,0
be,be,s,Contingency,1
what,what,s,Question,0
it,it,s,Question,1
will,will,s,PredictedFuture,0
then,then,c,PredictedFuture,1
",",",",s,,0
I,i,s,FirstPer,0
care,care,s,Negativity,0
not,not,s,Negativity,1
a,a,s,SubjectiveTime,0
rush,rush,c,SubjectiveTime,1
.,.,nnn,,0
Sir,sir,s,PersonProperty,0
it,it,s,,0
is,is,s,ReportingStates,0
some,some,s,Uncertainty,0
discredit,discredit,s,Negative_Relation,0
to,to,s,DirectAddress,0
you,you,s,DirectAddress,1
if,if,s,Contingency,0
it,it,s,Contingency,1
be,be,s,ReportingStates,0
true,true,c,StandardsPos,0
.,.,nnn,,0
If,if,s,Contingency,0
it,it,s,Contingency,1
be,be,s,ReportingStates,0
true,true,c,Concessive,0
",",",",s,Concessive,1
and,and,s,,0
discredit,discredit,s,Negative_Relation,0
I,i,s,FirstPer,0
weigh,weigh,s,ReportingEvents,0
it,it,s,,0
not,not,c,DenyDisclaim,0
.,.,nnn,,0
Ah,ah,s,OralCues,0
noble,noble,s,StandardsPos,0
Antony,antony,nnn,UNRECOGNIZED,0
All,all,s,Generalization,0
this,this,s,Generalization,1
is,is,s,DenyDisclaim,0
nothing,nothing,c,DenyDisclaim,1
",",",",s,,0
I,i,s,SelfDisclosure,0
have,have,s,SelfDisclosure,1
heard,heard,s,Updates,0
twenty,twenty,s,Numbers,0
times,times,s,AbstractConcepts,0
so,so,s,Intensity,0
much,much,s,Intensity,1
with,with,s,SelfDisclosure,0
my,my,s,SelfDisclosure,1
own,own,s,SelfDisclosure,2
ears,ears,c,SelfDisclosure,3
",",",",n,,0
and,and,s,,0
smile,smile,s,Positivity,0
at,at,s,Positivity,1
the,the,s,StandardsNeg,0
poor,poor,s,StandardsNeg,1
fellows,fellows,s,PersonProperty,0
that,that,s,,0
they,they,s,,0
spend,spend,s,SubjectiveTime,0
their,their,s,SubjectiveTime,1
time,time,s,SubjectiveTime,2
with,with,s,,0
talking,talking,s,Citations,0
of,of,s,Citations,1
me,me,c,FirstPer,0
.,.,n,Resistance,0
But,but,s,Resistance,1
did,did,s,ReportingEvents,0
thou,thou,s,DirectAddress,0
ever,ever,s,Biographical_Time,0
hear,hear,s,SpaceRelation,0
but,but,s,Resistance,0
I,i,s,FirstPer,0
gained,gained,s,StandardsPos,0
by,by,s,StandardsPos,1
them,them,s,,0
all,all,nnn,,0
Nay,nay,c,OralCues,0
",",",",s,,0
that,that,s,Specifiers,0
is,is,s,Specifiers,1
certain,certain,c,Confidence,0
:,:,s,,0
they,they,s,Inclusive,0
all,all,s,Inclusive,1
agree,agree,s,CommonAuthorities,0
on,on,s,CommonAuthorities,1
that,that,s,,0
as,as,s,,0
a,a,s,,0
verdict,verdict,c,CommonAuthorities,0
.,.,nnn,Question,0
Why,why,c,Question,1
",",",",s,Question,2
there,there,s,ReportingStates,0
is,is,s,ReportingStates,1
it,it,s,Sequence,0
then,then,c,Sequence,1
.,.,s,,0
Now,now,s,Immediacy,0
thou,thou,s,DirectAddress,0
seeft,seeft,s,UNRECOGNIZED,0
where,where,s,,0
wit,wit,s,StandardsPos,0
lodges,lodges,c,Motions,0
",",",",s,,0
with,with,s,,0
me,me,c,FirstPer,0
",",",",s,,0
or,or,s,,0
with,with,s,,0
them,them,c,,0
.,.,nnn,,0
Faith,faith,s,StandardsPos,0
it,it,s,ConfirmedThght,0
is,is,s,ConfirmedThght,1
true,true,c,ConfirmedThght,2
.,.,s,DirectAddress,0
And,and,s,DirectAddress,1
they,they,s,,0
have,have,s,,0
nothing,nothing,s,DenyDisclaim,0
to,to,s,DenyDisclaim,1
charge,charge,s,ReportingEvents,0
a,a,s,ReportingEvents,1
man,man,s,PersonProperty,0
withal,withal,s,Metadiscourse,0
but,but,s,Resistance,0
Conscience,conscience,n,StandardsPos,0
and,and,s,,0
Religion,religion,c,AbstractConcepts,0
",",",",s,,0
and,and,s,,0
such,such,s,Intensity,0
impertinent,impertinent,s,StandardsNeg,0
stuff,stuff,c,Uncertainty,0
.,.,s,Resistance,0
But,but,s,Resistance,1
I,i,s,SelfDisclosure,0
think,think,s,SelfDisclosure,1
I,i,s,SelfDisclosure,0
have,have,s,SelfDisclosure,1
taken,taken,s,ProjectBack,0
down,down,s,,0
some,some,n,Specifiers,0
of,of,s,Specifiers,1
the,the,c,Specifiers,2
^,^,s,UNRECOGNIZED,0
about,about,s,,0
the,the,s,LangRef,0
word,word,s,LangRef,1
Religion,religion,s,AbstractConcepts,0
of,of,s,,0
the,the,s,,0
oldest,oldest,s,Comparison,0
stamp,stamp,c,SenseObject,0
",",",",s,,0
that,that,s,DirectAddress,0
you,you,s,DirectAddress,1
should,should,s,Insist,0
be,be,n,ReportingStates,0
tainted,tainted,s,StandardsNeg,0
withal,withal,c,Metadiscourse,0
",",",",s,,0
and,and,s,,0
I,i,s,FirstPer,0
trow,trow,s,SenseObject,0
I,i,s,SelfDisclosure,0
have,have,s,SelfDisclosure,1
so,so,s,,0
silenced,silenced,s,Resistance,0
them,them,s,Resistance,1
that,that,s,DirectAddress,0
you,you,s,DirectAddress,1
shall,shall,s,ProjectAhead,0
not,not,s,ProjectAhead,1
need,need,s,Insist,0
to,to,n,Insist,1
trouble,trouble,s,Negativity,0
your,your,s,Negativity,1
self,self,s,SubjectivePercept,0
with,with,s,,0
studying,studying,s,ProjectAhead,0
to,to,s,ProjectAhead,1
reveng,reveng,c,UNRECOGNIZED,0
^,^,s,UNRECOGNIZED,0
it,it,nnn,,0
I,i,c,FirstPer,0
",",",",s,,0
they,they,s,,0
talk,talk,s,ReportingEvents,0
their,their,s,PersonPronoun,0
pleasure,pleasure,s,Positivity,0
behind,behind,s,Negativity,0
my,my,s,Negativity,1
back,back,c,Negativity,2
",",",",s,Resistance,0
but,but,s,Resistance,1
I,i,s,FirstPer,0
wish,wish,s,SubjectivePercept,0
they,they,s,Biographical_Time,0
would,would,s,Biographical_Time,1
speak,speak,s,ReportingEvents,0
one,one,n,Numbers,0
word,word,s,LangRef,0
to,to,s,,0
ground,ground,s,ReportingEvents,0
an,an,s,ReportingEvents,1
action,action,s,GenericEvents,0
upon,upon,c,,0
*,*,s,,0
Did,did,s,ReportingEvents,0
thou,thou,s,DirectAddress,0
hear,hear,s,SpaceRelation,0
him,him,s,PersonPronoun,0
(,(,c,,0
whosoever,whosoever,s,Intensity,0
he,he,s,PersonPronoun,0
was,was,c,ProjectBack,0
),),s,,0
say,say,c,Citations,0
",",",",s,,0
I,i,n,SelfDisclosure,0
am,am,s,SelfDisclosure,1
a,a,s,SelfDisclosure,2
Papist,papist,nnn,Negativity,0
O,o,c,LangRef,0
",",",",s,,0
no,no,s,OralCues,0
Sir,sir,c,OralCues,1
",",",",s,,0
I,i,s,FirstPer,0
warrant,warrant,s,CommonAuthorities,0
you,you,c,DirectAddress,0
",",",",s,,0
they,they,s,,0
dare,dare,s,SubjectivePercept,0
not,not,s,DenyDisclaim,0
for,for,s,,0
forty,forty,s,Numbers,0
pound,pound,s,Numbers,1
say,say,s,Citations,0
so,so,c,Intensity,0
.,.,s,Intensity,1
But,but,s,Resistance,0
that,that,s,Resistance,1
you,you,n,DirectAddress,0
were,were,s,ProjectBack,0
one,one,c,Numbers,0
",",",",s,,0
that,that,s,DirectAddress,0
you,you,s,DirectAddress,1
look,look,s,Resemblances,0
like,like,s,Resemblances,1
one,one,c,Numbers,0
",",",",s,,0
that,that,s,DirectAddress,0
your,your,s,DirectAddress,1
heart,heart,s,SenseObject,0
is,is,s,Intensity,0
so,so,s,Intensity,1
still,still,c,Updates,0
",",",",s,,0
if,if,s,Contingency,0
you,you,s,DirectAddress,0
durst,durst,n,SubjectivePercept,0
for,for,s,,0
losing,losing,s,Negativity,0
some,some,s,Specifiers,0
of,of,s,Specifiers,1
your,your,s,DirectAddress,0
goods,goods,c,AbstractConcepts,0
",",",",s,,0
that,that,s,DirectAddress,0
you,you,s,DirectAddress,1
were,were,s,ProjectBack,0
honester,honester,s,UNRECOGNIZED,0
when,when,s,DirectAddress,0
you,you,s,DirectAddress,1
stuck,stuck,s,Intensity,0
to,to,s,Intensity,1
it,it,c,Intensity,2
.,.,n,,0
That,that,s,Immediacy,0
now,now,s,Immediacy,1
you,you,s,DirectAddress,0
dissemble,dissemble,c,Negativity,0
.,.,s,DirectAddress,0
And,and,s,DirectAddress,1
such,such,s,Resemblances,0
like,like,s,Resemblances,1
words,words,s,LangRef,0
full,full,s,Specifiers,0
of,of,s,Specifiers,1
suspicion,suspicion,c,Negativity,0
",",",",s,Resistance,0
but,but,s,Resistance,1
not,not,s,DenyDisclaim,0
to,to,s,DenyDisclaim,1
bear,bear,n,SenseObject,0
an,an,s,,0
action,action,c,GenericEvents,0
.,.,s,,0
They,they,s,ReportingStates,0
are,are,s,ReportingStates,1
crafty,crafty,s,StandardsPos,0
enough,enough,s,SubjectivePercept,0
for,for,s,Specifiers,0
that,that,c,Specifiers,1
.,.,s,Resistance,0
But,but,s,Resistance,1
I,i,s,FirstPer,0
trow,trow,c,SenseObject,0
.,.,s,,0
Sir,sir,c,PersonProperty,0
",",",",s,,0
you,you,s,DirectAddress,0
are,are,s,DirectAddress,1
too,too,s,Negativity,0
wise,wise,c,Negativity,1
",",",",n,ReasonForward,0
and,and,s,ReasonForward,1
so,so,s,ReasonForward,2
I,i,s,FirstPer,0
answered,answered,s,ReportingEvents,0
for,for,s,ReportingEvents,1
you,you,nnn,DirectAddress,0
Thou,thou,s,DirectAddress,0
did,did,s,StandardsPos,0
well,well,c,StandardsPos,1
.,.,s,,0
I,i,s,FirstPer,0
know,know,s,Confidence,0
some,some,s,Specifiers,0
of,of,s,Specifiers,1
them,them,s,Specifiers,2
would,would,s,ProjectBack,0
gladly,gladly,s,Positivity,0
catch,catch,s,ReportingEvents,0
me,me,s,FirstPer,0
in,in,s,,0
a,a,s,GenericEvents,0
trip,trip,c,GenericEvents,1
.,.,s,Resistance,0
But,but,s,Resistance,1
I,i,s,FirstPer,0
Will,will,n,PredictedFuture,0
watch,watch,s,,0
them,them,s,,0
well,well,s,SubjectivePercept,0
enough,enough,nnn,SubjectivePercept,1
No,no,s,DenyDisclaim,0
man,man,s,DenyDisclaim,1
better,better,s,Comparison,0
met,met,s,ReportingEvents,0
here,here,s,SpaceRelation,0
then,then,s,,0
your,your,s,DirectAddress,0
self,self,c,SubjectivePercept,0
.,.,s,,0
I,i,s,Autobio,0
was,was,s,Autobio,1
in,in,s,,0
great,great,s,StandardsPos,0
care,care,s,StandardsPos,1
for,for,s,,0
an,an,s,,0
Associat,associat,n,UNRECOGNIZED,0
in,in,s,,0
the,the,s,,0
affair,affair,s,GenericEvents,0
with,with,s,Specifiers,0
this,this,s,Specifiers,1
day,day,c,TimeDuration,0
",",",",s,,0
and,and,s,,0
almost,almost,s,SubjectivePercept,0
every,every,s,RecurringEvents,0
day,day,s,RecurringEvents,1
I,i,s,FirstPer,0
undertake,undertake,nnn,ProjectAhead,0
Sir,sir,s,PersonProperty,0
my,my,s,FirstPer,0
society,society,s,AbstractConcepts,0
will,will,s,PredictedFuture,0
afford,afford,s,Positivity,0
you,you,s,DirectAddress,0
small,small,s,SenseProperty,0
contentment,contentment,c,Positivity,0
",",",",s,,0
if,if,s,Contingency,0
my,my,s,FirstPer,0
daily,daily,s,RecurringEvents,0
taskes,taskes,s,UNRECOGNIZED,0
required,required,n,CommonAuthorities,0
not,not,s,DenyDisclaim,0
my,my,s,FirstPer,0
attendance,attendance,c,GenericEvents,0
",",",",s,SpaceRelation,0
where,where,s,SpaceRelation,1
by,by,s,,0
perpetual,perpetual,s,SubjectiveTime,0
vow,vow,s,Intensity,0
I,i,s,SelfDisclosure,0
have,have,s,SelfDisclosure,1
engaged,engaged,s,ReportingEvents,0
all,all,s,Generalization,0
my,my,s,Generalization,1
hours,hours,s,TimeDuration,0
until,until,s,TimeDuration,0
my,my,n,FirstPer,0
death,death,c,Negativity,0
.,.,s,,0
For,for,s,ReasonForward,0
I,i,s,ReasonForward,1
am,am,s,ReasonForward,2
fit,fit,s,StandardsPos,0
for,for,s,StandardsPos,1
no,no,s,Exceptions,0
other,other,s,Exceptions,1
employment,employment,s,AbstractConcepts,0
but,but,s,Resistance,0
my,my,s,FirstPer,0
beads,beads,c,SenseObject,0
*,*,s,,0
Nevertheless,nevertheless,s,Resistance,0
if,if,s,Contingency,0
it,it,n,Contingency,1
please,please,s,Positivity,0
you,you,s,DirectAddress,0
briefly,briefly,s,SubjectiveTime,0
to,to,s,ProjectAhead,0
let,let,s,ProjectAhead,1
me,me,s,FirstPer,0
know,know,s,Confidence,0
your,your,s,Disclosure,0
desire,desire,c,Disclosure,1
",",",",s,,0
I,i,s,FirstPer,0
will,will,s,PredictedFuture,0
by,by,s,,0
my,my,s,FirstPer,0
answer,answer,s,Specifiers,0
you,you,n,DirectAddress,0
reasonable,reasonable,s,StandardsPos,0
satisfaction,satisfaction,nnn,StandardsPos,0
When,when,s,Autobio,0
I,i,s,Autobio,1
do,do,s,Autobio,2
seriously,seriously,s,SubjectivePercept,0
consider,consider,s,DirectReasoning,0
the,the,s,DirectReasoning,1
worlds,worlds,s,AbstractConcepts,0
present,present,s,,0
condition,condition,c,AbstractConcepts,0
:,:,s,,0
And,and,s,,0
that,that,s,Inclusive,0
we,we,s,Inclusive,1
which,which,n,,0
converse,converse,s,AbstractConcepts,0
abroad,abroad,s,SceneShift,0
with,with,s,Generalization,0
all,all,s,Generalization,1
sorts,sorts,s,AbstractConcepts,0
of,of,s,AbstractConcepts,1
people,people,s,PersonProperty,0
are,are,s,Contingency,0
subject,subject,s,Contingency,1
to,to,s,Contingency,2
so,so,s,Intensity,0
many,many,s,Intensity,1
mistaking,mistaking,c,StandardsNeg,0
",",",",n,,0
censures,censures,c,UNRECOGNIZED,0
",",",",s,,0
and,and,s,,0
vn^ure,vn^ure,s,UNRECOGNIZED,0
reports,reports,c,LangRef,0
",",",",s,,0
that,that,s,,0
it,it,s,,0
passes,passes,s,ReportingEvents,0
the,the,s,StandardsPos,0
skill,skill,s,StandardsPos,1
of,of,s,StandardsPos,2
any,any,s,,0
man,man,s,PersonProperty,0
to,to,s,,0
ca^y,ca^y,n,UNRECOGNIZED,0
himself,himself,s,PersonPronoun,0
uprightly,uprightly,c,StandardsPos,0
",",",",s,,0
and,and,s,,0
without,without,s,Contingency,0
blame,blame,c,Anger,0
",",",",s,,0
I,i,s,FirstPer,0
begin,begin,s,Sequence,0
to,to,s,Sequence,1
judge,judge,s,PrivateThinking,0
you,you,c,DirectAddress,0
",",",",s,,0
and,and,s,,0
your,your,s,DirectAddress,0
like,like,n,DirectAddress,1
only,only,s,SubjectivePercept,0
happy,happy,c,Positivity,0
",",",",s,,0
who,who,s,,0
chuising,chuising,s,UNRECOGNIZED,0
to,to,s,,0
leave,leave,s,Biographical_Time,0
the,the,s,Biographical_Time,1
world,world,c,Biographical_Time,2
",",",",s,,0
have,have,s,Updates,0
procured,procured,s,Updates,1
quietness,quietness,s,SubjectivePercept,0
to,to,s,DirectAddress,0
your,your,n,DirectAddress,1
life,life,c,AbstractConcepts,0
.,.,s,Resistance,0
But,but,s,Resistance,1
Sir,sir,s,PersonProperty,0
Hermito,hermito,c,UNRECOGNIZED,0
",",",",s,,0
I,i,s,FirstPer,0
marvel,marvel,s,Positivity,0
what,what,s,Question,0
has,has,s,Question,1
removed,removed,s,ReportingEvents,0
you,you,s,DirectAddress,0
from,from,s,DirectAddress,0
your,your,s,DirectAddress,1
cave,cave,s,SenseObject,0
to,to,s,SceneShift,0
the,the,n,SceneShift,1
country,country,c,SceneShift,2
.,.,s,,0
Are,are,s,DirectAddress,0
you,you,s,DirectAddress,1
as,as,s,,0
weary,weary,s,Negativity,0
of,of,s,Negativity,1
private,private,s,AbstractConcepts,0
living,living,c,,0
",",",",s,,0
as,as,s,SelfDisclosure,0
I,i,s,SelfDisclosure,1
am,am,s,FirstPer,0
of,of,s,,0
too,too,s,Negativity,0
much,much,s,Negativity,1
company,company,c,AbstractConcepts,0
?,?,s,Question,0
The,the,n,Updates,0
news,news,s,Updates,1
must,must,s,Insist,0
needs,needs,s,Insist,0
be,be,s,Insist,1
great,great,c,Intensity,0
",",",",s,,0
and,and,s,,0
strange,strange,s,SubjectivePercept,0
which,which,s,,0
brings,brings,s,DirectAddress,0
you,you,s,DirectAddress,1
hither,hither,nnn,SpaceRelation,0
No,no,s,DenyDisclaim,0
such,such,s,Intensity,0
matter,matter,c,AbstractConcepts,0
",",",",s,,0
as,as,s,Comparison,0
that,that,s,Comparison,1
my,my,s,FirstPer,0
intended,intended,s,ProjectAhead,0
course,course,s,Sequence,0
of,of,s,Sequence,1
dwelling,dwelling,s,SenseObject,0
with,with,s,,0
my,my,s,FirstPer,0
self,self,n,SubjectivePercept,0
sequestered,sequestered,s,ReportingEvents,0
from,from,s,Generalization,0
all,all,s,Generalization,1
resort,resort,c,SenseObject,0
",",",",s,Future_Question,0
should,should,s,Future_Question,1
have,have,s,ReportingEvents,0
an,an,s,ReportingEvents,1
end,end,s,Sequence,0
so,so,s,SubjectiveTime,0
long,long,s,SubjectiveTime,1
as,as,s,SubjectiveTime,2
my,my,s,FirstPer,0
abode,abode,s,SenseObject,0
in,in,s,,0
this,this,n,Immediacy,0
world,world,s,Immediacy,1
endures,endures,c,TimeDuration,0
.,.,s,TimeDuration,1
Far,far,s,Resistance,0
be,be,s,Resistance,1
it,it,s,Resistance,2
from,from,s,Resistance,3
my,my,s,FirstPer,0
thought,thought,s,PrivateThinking,0
ever,ever,s,Biographical_Time,0
to,to,s,Biographical_Time,1
wish,wish,s,SubjectivePercept,0
the,the,s,Transformation,0
change,change,s,Transformation,1
of,of,s,,0
my,my,n,FirstPer,0
estate,estate,c,AbstractConcepts,0
.,.,s,,0
As,as,s,Immediacy,0
now,now,s,Immediacy,1
I,i,s,SelfDisclosure,0
am,am,s,SelfDisclosure,1
I,i,s,FirstPer,0
trouble,trouble,s,Negativity,0
not,not,s,DenyDisclaim,0
others,others,c,Uncertainty,0
",",",",s,,0
nor,nor,s,DenyDisclaim,0
any,any,s,,0
man,man,s,PersonProperty,0
offends,offends,s,Anger,0
me,me,c,Anger,1
.,.,s,DirectAddress,0
And,and,s,DirectAddress,1
where,where,n,,0
no,no,s,DenyDisclaim,0
mistake,mistake,s,Negativity,0
is,is,c,ReportingStates,0
",",",",s,,0
who,who,s,,0
can,can,s,Contingency,0
think,think,s,PrivateThinking,0
of,of,s,PrivateThinking,1
alteration,alteration,c,Specifiers,0
?,?,s,Question,0
my,my,s,FirstPer,0
resolution,resolution,s,StandardsPos,0
has,has,s,,0
bred,bred,s,ReportingEvents,0
my,my,n,FirstPer,0
contentment,contentment,c,Positivity,0
:,:,s,,0
the,the,s,,0
peace,peace,s,StandardsPos,0
which,which,s,,0
I,i,s,FirstPer,0
enjoy,enjoy,c,Positivity,0
",",",",s,,0
counter-valueth,counter-valueth,s,UNRECOGNIZED,0
all,all,s,Specifiers,0
manner,manner,s,Specifiers,1
of,of,s,Specifiers,2
wants,wants,c,PrivateThinking,0
.,.,s,DirectAddress,0
And,and,n,DirectAddress,1
my,my,s,FirstPer,0
spiritual,spiritual,s,SenseProperty,0
excercises,excercises,s,UNRECOGNIZED,0
take,take,s,ReportingEvents,0
away,away,s,ReportingEvents,1
tediousnes,tediousnes,c,UNRECOGNIZED,0
.,.,s,,0
The,the,s,ReasonBackward,0
cause,cause,s,ReasonBackward,1
of,of,s,ReasonBackward,2
my,my,s,FirstPer,0
coming,coming,s,GenericEvents,0
hither,hither,n,SpaceRelation,0
(,(,c,,0
Sir,sir,s,PersonProperty,0
Securus,securus,c,UNRECOGNIZED,0
),),s,,0
is,is,s,ReportingStates,0
a,a,s,ReportingStates,1
Proclamation,proclamation,s,CommonAuthorities,0
lately,lately,s,Updates,0
set,set,s,Citations,0
forth,forth,s,Citations,1
by,by,s,,0
the,the,s,SenseObject,0
king,king,c,SenseObject,1
",",",",s,,0
that,that,s,Generalization,0
all,all,s,Generalization,1
his,his,n,PersonPronoun,0
subject,subject,s,LangRef,0
being,being,s,ReportingStates,0
men,men,s,PersonProperty,0
of,of,s,PersonProperty,1
21,21,s,TimeDuration,0
years,years,c,TimeDuration,1
",",",",s,,0
and,and,s,,0
upwards,upwards,c,AbstractConcepts,0
",",",",s,,0
living,living,s,,0
within,within,s,SpaceRelation,0
50,50,s,SpaceRelation,1
miles,miles,s,SpaceRelation,2
of,of,s,SpaceRelation,3
the,the,n,CommonAuthorities,0
Court,court,c,CommonAuthorities,1
",",",",s,,0
shall,shall,s,ProjectAhead,0
appear,appear,s,SubjectivePercept,0
there,there,s,,0
within,within,s,,0
14,14,s,TimeDuration,0
days,days,s,TimeDuration,1
after,after,s,TimeDuration,2
notice,notice,s,PrivateThinking,0
given,given,s,ReportingStates,0
them,them,c,,0
.,.,s,DirectAddress,0
And,and,s,DirectAddress,1
about,about,n,Uncertainty,0
three,three,s,Uncertainty,1
days,days,s,TimeDuration,0
past,past,c,AbstractConcepts,0
",",",",s,,0
a,a,s,,0
pilgrim,pilgrim,s,PersonProperty,0
passing,passing,s,Motions,0
by,by,s,Motions,1
my,my,s,FirstPer,0
cell,cell,c,SenseObject,0
",",",",s,,0
told,told,s,Citations,0
me,me,s,Citations,1
of,of,s,Specifiers,0
this,this,s,Specifiers,1
Edict,edict,c,CommonAuthorities,0
",",",",s,,0
and,and,s,,0
that,that,n,,0
it,it,s,ProjectBack,0
was,was,s,ProjectBack,1
upon,upon,s,,0
allegiance,allegiance,c,StandardsPos,0
.,.,s,ReasonForward,0
So,so,s,ReasonForward,1
I,i,s,FirstPer,0
being,being,s,ReportingStates,0
his,his,s,ReportingStates,1
subject,subject,s,LangRef,0
(,(,c,,0
though,though,s,Concessive,0
serving,serving,s,ReportingEvents,0
him,him,s,PersonPronoun,0
to,to,s,DenyDisclaim,0
no,no,s,DenyDisclaim,1
other,other,n,Specifiers,0
purpose,purpose,c,ProjectAhead,0
",",",",s,Resistance,0
but,but,s,Resistance,1
praying,praying,s,Intensity,0
for,for,s,Intensity,1
him,him,c,PersonPronoun,0
),),s,,0
thought,thought,s,PrivateThinking,0
it,it,s,PrivateThinking,1
my,my,s,Responsibility,0
duty,duty,s,Responsibility,1
to,to,s,,0
make,make,s,SceneShift,0
my,my,s,SceneShift,1
appearance,appearance,c,SceneShift,2
.,.,s,DirectAddress,0
and,and,s,DirectAddress,1
to,to,n,,0
depart,depart,s,SceneShift,0
without,without,s,SubjectiveTime,0
delay,delay,nnn,SubjectiveTime,1
Sir,sir,c,PersonProperty,0
",",",",s,,0
I,i,s,SelfDisclosure,0
am,am,s,SelfDisclosure,1
right,right,s,SceneShift,0
to,to,s,SceneShift,1
have,have,s,,0
intercepted,intercepted,s,ReportingEvents,0
you,you,s,DirectAddress,0
(,(,c,,0
whether,whether,s,Contingency,0
you,you,s,DirectAddress,0
be,be,s,DirectAddress,1
travailing,travailing,s,Negativity,0
to,to,s,,0
or,or,s,,0
fro,fro,n,SpaceRelation,0
the,the,s,CommonAuthorities,0
Court,court,c,CommonAuthorities,1
),),s,,0
because,because,s,ReasonBackward,0
this,this,s,Immediacy,0
day,day,s,Immediacy,1
is,is,s,ReportingStates,0
appointed,appointed,s,CommonAuthorities,0
for,for,s,,0
hearing,hearing,s,SpaceRelation,0
and,and,s,,0
determining,determining,s,Confidence,0
many,many,n,,0
controversies,controversies,c,Resistance,0
",",",",s,,0
and,and,s,,0
censuring,censuring,s,UNRECOGNIZED,0
sundry,sundry,s,AbstractConcepts,0
sorts,sorts,s,AbstractConcepts,0
of,of,s,AbstractConcepts,1
people,people,c,PersonProperty,0
:,:,s,,0
And,and,s,,0
some,some,s,Specifiers,0
of,of,s,Specifiers,1
these,these,n,Immediacy,0
differences,differences,s,Comparison,0
beyond,beyond,s,,0
my,my,s,FirstPer,0
learning,learning,c,StandardsPos,0
.,.,s,StandardsPos,1
You,you,s,DirectAddress,0
therefore,therefore,s,ReasonForward,0
come,come,s,ReportingEvents,0
very,very,s,Intensity,0
fitly,fitly,s,StandardsPos,0
to,to,s,,0
aid,aid,s,Positivity,0
me,me,c,FirstPer,0
.,.,s,DirectAddress,0
And,and,n,DirectAddress,1
this,this,s,Intensity,0
whole,whole,s,Intensity,1
affair,affair,s,GenericEvents,0
being,being,s,ReportingStates,0
principally,principally,s,Specifiers,0
for,for,s,StandardsPos,0
peace,peace,s,StandardsPos,1
making,making,c,ReportingEvents,0
",",",",s,,0
and,and,s,,0
ending,ending,s,Sequence,0
debates,debates,n,Resistance,0
without,without,s,Contingency,0
suite,suite,s,SpaceRelation,0
of,of,s,SpaceRelation,1
Law,law,c,AbstractConcepts,0
*,*,s,,0
you,you,s,DirectAddress,0
may,may,s,DirectAddress,1
not,not,s,DenyDisclaim,0
refuse,refuse,s,DenyDisclaim,1
to,to,s,,0
join,join,s,Inclusive,0
with,with,s,Inclusive,1
me,me,s,FirstPer,0
in,in,s,,0
a,a,s,GenericEvents,0
work,work,s,GenericEvents,1
of,of,s,,0
so,so,n,Positivity,0
great,great,s,Positivity,1
charity,charity,nnn,StandardsPos,0
In,in,s,,0
very,very,s,Intensity,0
deed,deed,s,AbstractConcepts,0
Sir,sir,c,PersonProperty,0
",",",",s,,0
every,every,s,Generalization,0
ought,ought,s,Insist,0
to,to,s,Insist,1
yield,yield,s,ReportingEvents,0
his,his,s,PersonPronoun,0
best,best,s,Comparison,0
help,help,s,StandardsPos,0
to,to,s,StandardsPos,1
such,such,s,Intensity,0
works,works,c,ReportingEvents,0
.,.,s,DirectAddress,0
And,and,n,DirectAddress,1
although,although,s,Concessive,0
I,i,s,SelfDisclosure,0
have,have,s,SelfDisclosure,1
already,already,s,Updates,0
recorded,recorded,s,ReportingEvents,0
my,my,s,FirstPer,0
appearance,appearance,s,SubjectivePercept,0
at,at,s,,0
Court,court,c,AbstractConcepts,0
",",",",s,,0
and,and,s,,0
licenced,licenced,s,UNRECOGNIZED,0
to,to,n,ProjectAhead,0
return,return,s,ProjectAhead,1
to,to,s,ProjectAhead,2
my,my,s,FirstPer,0
poor,poor,s,Negativity,0
home,home,c,SpaceRelation,0
*,*,s,,0
and,and,s,,0
would,would,s,ProjectBack,0
willingly,willingly,s,SubjectivePercept,0
spend,spend,s,ReportingEvents,0
some,some,s,TimeDuration,0
hours,hours,s,TimeDuration,1
with,with,s,DirectAddress,0
you,you,s,DirectAddress,1
to,to,s,,0
so,so,n,Positivity,0
good,good,s,Positivity,1
a,a,s,,0
purpose,purpose,c,ProjectAhead,0
;,;,s,Resistance,0
yet,yet,s,Resistance,1
(,(,s,,0
Alas,alas,s,Negativity,0
Sir,sir,c,PersonProperty,0
),),s,,0
I,i,s,SelfDisclosure,0
am,am,s,SelfDisclosure,1
like,like,s,SubjectivePercept,0
to,to,s,SubjectivePercept,1
prevail,prevail,s,ReportingEvents,0
very,very,s,SubjectivePercept,0
little,little,s,SubjectivePercept,1
with,with,s,,0
any,any,n,,0
body,body,c,SenseObject,0
",",",",s,,0
wanting,wanting,s,PrivateThinking,0
both,both,s,,0
acquiantance,acquiantance,s,UNRECOGNIZED,0
and,and,s,,0
authority,authority,s,CommonAuthorities,0
among,among,s,,0
them,them,s,,0
whosoever,whosoever,s,Intensity,0
they,they,s,,0
be,be,c,ReportingStates,0
:,:,n,,0
therefore,therefore,s,ReasonForward,0
I,i,s,FirstPer,0
entreat,entreat,s,Request,0
my,my,s,FirstPer,0
fruitless,fruitless,s,StandardsNeg,0
presence,presence,s,AbstractConcepts,0
may,may,s,Contingency,0
be,be,s,Contingency,1
spared,spared,c,Positivity,0
;,;,s,Resistance,0
but,but,s,Resistance,1
I,i,s,FirstPer,0
will,will,s,PredictedFuture,0
not,not,s,PredictedFuture,1
be,be,n,PredictedFuture,2
wanting,wanting,s,ProjectAhead,0
to,to,s,ProjectAhead,1
you,you,s,DirectAddress,0
with,with,s,,0
my,my,s,FirstPer,0
prayers,prayers,s,CommonAuthorities,0
for,for,s,DirectAddress,0
your,your,s,DirectAddress,1
success,success,nnn,StandardsPos,0
Sir,sir,c,PersonProperty,0
",",",",s,ReasonForward,0
for,for,s,ReasonForward,1
your,your,s,DirectAddress,0
authority,authority,s,CommonAuthorities,0
and,and,s,,0
acquaintance,acquaintance,s,PersonProperty,0
it,it,s,ProjectAhead,0
shall,shall,s,ProjectAhead,1
not,not,s,DenyDisclaim,0
skill,skill,c,StandardsPos,0
.,.,s,,0
All,all,s,SubjectivePercept,0
that,that,s,SubjectivePercept,1
I,i,s,SubjectivePercept,2
have,have,n,,0
both,both,s,,0
those,those,s,,0
ways,ways,c,AbstractConcepts,0
",",",",s,,0
s^albe,s^albe,s,UNRECOGNIZED,0
conferred,conferred,s,ReportingEvents,0
upon,upon,s,DirectAddress,0
you,you,s,DirectAddress,1
equally,equally,s,Comparison,0
with,with,s,,0
my,my,s,FirstPer,0
self,self,c,SubjectivePercept,0
.,.,s,,0
If,if,s,Contingency,0
they,they,n,Contingency,1
despise,despise,s,Negative_Relation,0
you,you,c,DirectAddress,0
",",",",s,,0
they,they,s,,0
shall,shall,s,ProjectAhead,0
contemn,contemn,s,Negativity,0
me,me,s,FirstPer,0
also,also,c,,0
.,.,s,,0
Only,only,s,SubjectivePercept,0
I,i,s,FirstPer,0
entreat,entreat,s,Request,0
your,your,s,DirectAddress,0
company,company,s,DirectAddress,1
panie,panie,n,UNRECOGNIZED,0
this,this,s,Immediacy,0
day,day,c,Immediacy,1
",",",",s,,0
and,and,s,Sequence,0
then,then,s,Sequence,1
I,i,s,FirstPer,0
cease,cease,s,ReportingEvents,0
troubling,troubling,s,Negativity,0
you,you,s,Negativity,1
further,further,s,AbstractConcepts,0
whatsoever,whatsoever,s,Intensity,0
need,need,s,Insist,0
require,require,n,CommonAuthorities,0
hereafter,hereafter,nnn,ProjectAhead,0
Sir,sir,s,PersonProperty,0
I,i,s,SelfDisclosure,0
expect,expect,s,SelfDisclosure,1
no,no,s,DenyDisclaim,0
entreaty,entreaty,c,Request,0
",",",",s,,0
neither,neither,s,DenyDisclaim,0
will,will,s,PredictedFuture,0
I,i,s,FirstPer,0
wrong,wrong,s,StandardsNeg,0
you,you,s,DirectAddress,0
so,so,s,DirectAddress,1
much,much,s,Resemblances,0
as,as,s,Resemblances,1
to,to,s,,0
make,make,s,ReportingEvents,0
further,further,n,AbstractConcepts,0
request,request,s,ProjectAhead,0
to,to,s,ProjectAhead,1
my,my,s,FirstPer,0
poor,poor,s,Negativity,0
self,self,c,SubjectivePercept,0
.,.,s,,0
I,i,s,FirstPer,0
stay,stay,s,TimeDuration,0
willingly,willingly,s,SubjectivePercept,0
and,and,s,,0
am,am,s,FirstPer,0
at,at,s,SpaceRelation,0
you,you,c,SpaceRelation,1
^,^,s,UNRECOGNIZED,0
service,service,s,StandardsPos,0
in,in,s,Generalization,0
all,all,n,Generalization,1
things,things,nnn,Uncertainty,0
No,no,s,DenyDisclaim,0
servant,servant,s,PersonProperty,0
of,of,s,,0
mine,mine,s,FirstPer,0
Sir,sir,c,PersonProperty,0
",",",",s,Resistance,0
but,but,s,Resistance,1
my,my,s,FirstPer,0
friend,friend,s,StandardsPos,0
upon,upon,s,,0
equal,equal,s,Comparison,0
^,^,c,UNRECOGNIZED,0
earmes,earmes,c,UNRECOGNIZED,0
.,.,nnn,,0
Neighbor,neighbor,s,PersonProperty,0
Hortano,hortano,c,UNRECOGNIZED,0
",",",",s,,0
I,i,s,SelfDisclosure,0
have,have,s,SelfDisclosure,1
considered,considered,s,Curiosity,0
of,of,s,,0
the,the,s,Intensity,0
great,great,s,Intensity,1
coile,coile,s,UNRECOGNIZED,0
we,we,s,ProjectBack,0
had,had,s,ProjectBack,1
the,the,s,,0
last,last,n,Sequence,0
Sabouth,sabouth,s,UNRECOGNIZED,0
after,after,s,Sequence,0
evening,evening,s,RecurringEvents,0
prayer,prayer,s,RecurringEvents,1
in,in,s,,0
the,the,s,,0
verstrie,verstrie,s,UNRECOGNIZED,0
about,about,s,,0
putting,putting,s,Motions,0
down,down,s,Motions,1
the,the,n,Motions,2
Holy,holy,s,CommonAuthorities,0
Days,days,c,CommonAuthorities,1
.,.,s,,0
It,it,s,,0
hinders,hinders,s,Resistance,0
our,our,s,Resistance,1
business,business,s,AbstractConcepts,0
much,much,c,Intensity,0
.,.,s,DirectAddress,0
And,and,s,DirectAddress,1
me,me,s,FirstPer,0
thinks,thinks,s,PrivateThinking,0
this,this,s,,0
praying,praying,s,Intensity,0
in,in,s,,0
a,a,n,CommonAuthorities,0
Church,church,s,CommonAuthorities,1
among,among,s,,0
those,those,s,,0
of,of,s,,0
high,high,s,,0
degree,degree,s,AbstractConcepts,0
is,is,s,DenyDisclaim,0
nothing,nothing,s,DenyDisclaim,1
pleasantable,pleasantable,c,UNRECOGNIZED,0
",",",",s,,0
and,and,s,,0
blushing,blushing,s,SenseProperty,0
takes,takes,n,ReportingEvents,0
away,away,s,ReportingEvents,1
my,my,s,FirstPer,0
devotion,devotion,c,StandardsPos,0
.,.,s,,0
I,i,s,Contingency,0
can,can,s,Contingency,1
pray,pray,s,Intensity,0
a,a,s,Intensity,1
great,great,s,Intensity,0
deal,deal,s,Intensity,1
better,better,c,Comparison,0
",",",",s,,0
and,and,s,,0
with,with,s,Specifiers,0
a,a,s,Specifiers,1
more,more,s,Comparison,0
comely,comely,n,Positivity,0
grace,grace,s,StandardsPos,0
when,when,s,Autobio,0
I,i,s,Autobio,1
whistle,whistle,s,Motions,0
at,at,s,,0
plow,plow,c,Motions,0
.,.,s,DirectAddress,0
And,and,s,DirectAddress,1
me,me,s,FirstPer,0
thinkes't,thinkes't,s,UNRECOGNIZED,0
were,were,s,ProjectBack,0
a,a,s,Intensity,0
goodly,goodly,s,Intensity,1
matter,matter,s,AbstractConcepts,0
if,if,s,Contingency,0
every,every,n,Inclusive,0
man,man,s,Inclusive,1
in's,in's,s,UNRECOGNIZED,0
calling,calling,s,ReportingEvents,0
might,might,s,Contingency,0
follow,follow,s,,0
his,his,s,PersonPronoun,0
focation,focation,c,UNRECOGNIZED,0
",",",",s,,0
and,and,s,,0
there,there,s,,0
do,do,s,Intensity,0
such,such,s,Intensity,0
devotion,devotion,s,StandardsPos,0
as,as,s,,0
his,his,n,PersonPronoun,0
stmacke,stmacke,s,UNRECOGNIZED,0
stands,stands,s,ProjectAhead,0
to,to,nn,ProjectAhead,1
Faith,faith,c,StandardsPos,0
",",",",s,,0
neighbor,neighbor,s,PersonProperty,0
Rustico,rustico,c,UNRECOGNIZED,0
",",",",s,,0
I,i,s,SelfDisclosure,0
am,am,s,SelfDisclosure,1
even,even,s,SubjectivePercept,0
of,of,s,DirectAddress,0
your,your,s,DirectAddress,1
mind,mind,c,SubjectivePercept,0
.,.,s,,0
For,for,s,,0
I,i,s,FirstPer,0
Will,will,s,PredictedFuture,0
bide,bide,s,TimeDuration,0
by,by,s,,0
it,it,c,,0
",",",",s,,0
I,i,s,FirstPer,0
ha,ha,n,OralCues,0
more,more,s,Comparison,0
weeds,weeds,s,SenseObject,0
grows,grows,s,SpaceRelation,0
in,in,s,SpaceRelation,1
one,one,s,Numbers,0
Holyday,holyday,c,UNRECOGNIZED,0
",",",",s,,0
then,then,s,,0
in,in,s,,0
three,three,s,Numbers,0
workie,workie,s,UNRECOGNIZED,0
days,days,nnn,TimeDuration,0
O,o,c,LangRef,0
",",",",s,,0
you,you,s,DirectAddress,0
are,are,s,DirectAddress,1
a,a,s,DirectAddress,2
Gardner,gardner,c,PersonProperty,0
",",",",s,,0
it,it,s,,0
becomes,becomes,s,Transformation,0
you,you,s,DirectAddress,0
well,well,s,SenseObject,0
to,to,s,,0
agree,agree,s,ReportingEvents,0
with,with,s,ReportingEvents,1
the,the,s,PersonProperty,0
Husband,husband,s,PersonProperty,1
man,man,c,PersonProperty,0
",",",",s,,0
if,if,s,Contingency,0
we,we,n,,0
two,two,s,Numbers,0
hold,hold,s,TimeDuration,0
together,together,c,TimeDuration,1
",",",",s,,0
we,we,s,Metadiscourse,0
shall,shall,s,Metadiscourse,1
be,be,s,ReportingStates,0
^,^,c,UNRECOGNIZED,0
oo,oo,s,OralCues,0
hard,hard,s,Negativity,0
for,for,s,Negativity,1
twenty,twenty,s,Numbers,0
fools,fools,nnn,Negativity,0
Indeed,indeed,s,Intensity,0
it,it,s,,0
were,were,s,ProjectBack,0
a,a,s,,0
gay,gay,s,PersonProperty,0
thing,thing,s,Uncertainty,0
if,if,s,Contingency,0
we,we,s,Contingency,1
could,could,s,Contingency,2
put,put,s,Motions,0
down,down,s,Motions,1
these,these,s,Immediacy,0
Holy,holy,s,CommonAuthorities,0
Days,days,c,CommonAuthorities,1
",",",",s,,0
as,as,s,DirectAddress,0
you,you,s,DirectAddress,1
say,say,c,Citations,0
.,.,n,,0
Me,me,s,FirstPer,0
thinks,thinks,c,PrivateThinking,0
',',s,,0
twer,twer,s,UNRECOGNIZED,0
an,an,s,Confidence,0
easy,easy,s,Confidence,1
matter,matter,s,AbstractConcepts,0
as,as,s,Metadiscourse,0
well,well,s,Metadiscourse,1
as,as,s,Metadiscourse,2
we,we,s,,0
ha,ha,s,OralCues,0
put,put,s,Motions,0
down,down,s,Motions,1
the,the,s,Motions,2
Fasting-dayes,fasting-dayes,n,UNRECOGNIZED,0
pell,pell,s,SubjectiveTime,0
mell,mell,c,SubjectiveTime,1
",",",",s,,0
hand,hand,s,SpaceRelation,0
over,over,s,SpaceRelation,1
head,head,c,SpaceRelation,2
.,.,s,,0
An,an,s,,0
we,we,s,,0
wood,wood,s,SenseObject,0
hang,hang,s,Inclusive,0
together,together,s,Inclusive,1
it,it,s,,0
were,were,s,ProjectBack,0
soon,soon,s,ProjectAhead,0
done,done,c,ReportingStates,0
",",",",s,ReportingStates,1
but,but,s,Resistance,0
when,when,n,Resistance,1
some,some,s,ReportingStates,0
are,are,s,ReportingStates,1
so,so,s,,0
arseward,arseward,s,UNRECOGNIZED,0
',',c,,0
twill,twill,s,SenseObject,0
never,never,s,Confidence,0
be,be,nnn,Confidence,1
You,you,s,DirectAddress,0
talk,talk,s,ReportingEvents,0
you,you,s,DirectAddress,0
know,know,s,DirectAddress,1
not,not,s,DenyDisclaim,0
what,what,c,DenyDisclaim,1
.,.,s,,0
There,there,s,ProjectBack,0
were,were,s,ProjectBack,1
no,no,s,DenyDisclaim,0
reason,reason,s,DenyDisclaim,1
in,in,s,,0
it,it,c,,0
:,:,s,,0
for,for,s,Specifiers,0
that,that,s,Specifiers,1
were,were,s,ProjectBack,0
the,the,s,SpaceRelation,0
way,way,n,SpaceRelation,1
to,to,s,SpaceRelation,2
break,break,s,ReportingEvents,0
all,all,s,,0
order,order,c,AbstractConcepts,0
",",",",s,,0
and,and,s,,0
give,give,s,,0
our,our,s,SelfDisclosure,0
minds,minds,s,SelfDisclosure,1
altogether,altogether,s,Intensity,0
to,to,s,,0
toil,toil,c,Negativity,0
",",",",s,,0
and,and,s,,0
never,never,s,DenyDisclaim,0
serve,serve,n,CommonAuthorities,0
God,god,c,CommonAuthorities,1
.,.,s,,0
For,for,s,DirectAddress,0
you,you,s,DirectAddress,1
would,would,s,Contingency,0
not,not,s,Contingency,1
s,s,c,LangRef,0
^^,^^,c,UNRECOGNIZED,0
y,y,s,LangRef,0
^,^,c,UNRECOGNIZED,0
here,here,s,SpaceRelation,0
neither,neither,s,DenyDisclaim,0
if,if,s,Contingency,0
you,you,s,DirectAddress,0
had,had,s,DirectAddress,1
your,your,s,DirectAddress,0
will,will,c,PredictedFuture,0
",",",",s,Resistance,0
but,but,s,Resistance,1
the,the,n,,0
Sondayes,sondayes,s,UNRECOGNIZED,0
should,should,s,Insist,0
shortly,shortly,s,SubjectiveTime,0
go,go,s,ReportingEvents,0
down,down,s,ReportingEvents,1
for,for,s,,0
company,company,c,AbstractConcepts,0
.,.,s,,0
You,you,s,DirectAddress,0
will,will,s,PredictedFuture,0
leave,leave,s,,0
nothing,nothing,s,DenyDisclaim,0
standing,standing,nnn,,0
O,o,c,LangRef,0
",",",",s,,0
you,you,s,DirectAddress,0
are,are,s,DirectAddress,1
a,a,s,DirectAddress,2
Tailor,tailor,c,PersonProperty,0
",",",",s,,0
you,you,s,DirectAddress,0
speak,speak,s,CommonAuthorities,0
for,for,s,CommonAuthorities,1
your,your,s,DirectAddress,0
profit,profit,c,AbstractConcepts,0
*,*,s,,0
For,for,s,,0
an,an,s,,0
',',c,,0
twere,twere,s,UNRECOGNIZED,0
not,not,s,DenyDisclaim,0
for,for,n,,0
Holy,holy,s,CommonAuthorities,0
Days,days,c,CommonAuthorities,1
",",",",s,Aside,0
which,which,s,Aside,1
require,require,s,CommonAuthorities,0
fine,fine,s,Positivity,0
clothes,clothes,c,SenseObject,0
",",",",s,,0
and,and,s,,0
much,much,s,Intensity,0
change,change,c,Transformation,0
",",",",s,,0
you,you,s,DirectAddress,0
might,might,s,DirectAddress,1
beg,beg,s,Intensity,0
your,your,n,DirectAddress,0
bread,bread,nnn,SenseObject,0
You,you,s,DirectAddress,0
hit,hit,s,Narrative_Verbs,0
the,the,s,Narrative_Verbs,1
^,^,c,UNRECOGNIZED,0
aile,aile,s,SenseProperty,0
on,on,s,,0
the,the,s,SenseObject,0
head,head,s,SenseObject,1
neighbor,neighbor,s,PersonProperty,0
Rustico,rustico,c,UNRECOGNIZED,0
.,.,s,,0
We,we,s,,0
Will,will,s,PredictedFuture,0
put,put,s,Negativity,0
them,them,s,Negativity,1
down,down,s,Negativity,2
an,an,n,,0
you,you,s,DirectAddress,0
will,will,s,PredictedFuture,0
keep,keep,s,TimeDuration,0
stroke,stroke,s,Motions,0
with,with,s,,0
me,me,nnn,FirstPer,0
Nay,nay,s,OralCues,0
Sir,sir,c,PersonProperty,0
",",",",s,Contingency,0
if,if,s,Contingency,1
any,any,s,Contingency,2
man,man,s,PersonProperty,0
hit,hit,s,StandardsPos,0
the,the,s,StandardsPos,1
nail,nail,s,StandardsPos,2
on,on,s,StandardsPos,3
the,the,s,StandardsPos,4
head,head,c,StandardsPos,5
",",",",s,,0
it,it,s,Insist,0
should,should,s,Insist,1
be,be,s,Insist,2
you,you,c,DirectAddress,0
",",",",s,,0
because,because,s,ReasonBackward,0
you,you,n,DirectAddress,0
are,are,s,DirectAddress,1
a,a,s,DirectAddress,2
Smith,smith,c,PersonProperty,0
*,*,s,,0
but,but,s,Resistance,0
soft,soft,c,SenseProperty,0
",",",",s,,0
you,you,s,DirectAddress,0
are,are,s,DirectAddress,1
so,so,s,,0
hot,hot,s,SenseProperty,0
with,with,s,DirectAddress,0
your,your,s,DirectAddress,1
rip,rip,s,Motions,0
rapping,rapping,c,Motions,0
",",",",s,,0
that,that,s,DirectAddress,0
you,you,s,DirectAddress,1
miss,miss,s,Negativity,0
the,the,n,Negativity,1
nail,nail,s,SenseObject,0
and,and,s,,0
An^yle,an^yle,s,UNRECOGNIZED,0
also,also,c,,0
.,.,s,,0
For,for,s,SelfDisclosure,0
my,my,s,SelfDisclosure,1
part,part,s,SelfDisclosure,2
although,although,s,Concessive,0
I,i,s,FirstPer,0
do,do,s,Intensity,0
boldly,boldly,s,Confidence,0
work,work,s,ReportingEvents,0
on,on,s,ReportingEvents,1
Holy,holy,c,StandardsPos,0
*,*,s,,0
days,days,n,TimeDuration,0
as,as,s,,0
other,other,s,Specifiers,0
taylers,taylers,s,UNRECOGNIZED,0
use,use,s,ReportingEvents,0
Christmasse,christmasse,s,UNRECOGNIZED,0
day,day,s,TimeDuration,0
and,and,s,Generalization,0
all,all,c,Generalization,1
",",",",s,Resistance,0
yet,yet,s,Resistance,1
would,would,s,Future_Question,0
I,i,s,Future_Question,1
not,not,s,DenyDisclaim,0
miss,miss,s,Negativity,0
the,the,n,Negativity,1
Holy,holy,s,CommonAuthorities,0
Days,days,s,CommonAuthorities,1
for,for,s,Specifiers,0
any,any,s,Specifiers,1
good,good,c,,0
",",",",s,,0
nor,nor,s,DenyDisclaim,0
would,would,s,Future_Question,0
I,i,s,Future_Question,1
break,break,s,Negativity,0
the,the,s,Negativity,1
order,order,s,AbstractConcepts,0
without,without,s,Contingency,0
necessity,necessity,c,Insist,0
.,.,s,Question,0
But,but,s,Question,1
is,is,n,Question,2
it,it,s,Question,3
so,so,s,Positivity,0
easy,easy,s,Positivity,1
a,a,s,,0
matter,matter,s,Disclosure,0
to,to,s,Disclosure,1
put,put,s,Motions,0
down,down,s,Motions,1
the,the,s,Motions,2
Holy,holy,s,CommonAuthorities,0
Days,days,s,CommonAuthorities,1
think,think,s,PrivateThinking,0
you,you,c,DirectAddress,0
?,?,s,Question,0
And,and,s,,0
will,will,s,PredictedFuture,0
you,you,s,Procedures,0
do,do,n,Procedures,1
it,it,s,Procedures,2
with,with,s,Procedures,3
the,the,s,,0
furious,furious,s,Anger,0
fire-forke,fire-forke,c,UNRECOGNIZED,0
?,?,s,Question,0
And,and,s,,0
you,you,s,DirectAddress,0
Master,master,s,PersonProperty,0
Gardner,gardner,s,PersonProperty,0
that,that,s,PredictedFuture,0
will,will,s,PredictedFuture,1
rake,rake,s,ReportingEvents,0
up,up,n,ReportingEvents,1
Holy,holy,s,CommonAuthorities,0
Days,days,s,CommonAuthorities,1
and,and,s,,0
Fasting-dayes,fasting-dayes,s,UNRECOGNIZED,0
like,like,s,SubjectivePercept,0
weeds,weeds,c,SenseObject,0
",",",",s,,0
and,and,s,,0
bury,bury,s,Motions,0
them,them,s,,0
all,all,s,Generalization,0
in,in,s,Generalization,1
a,a,s,,0
rrench,rrench,c,UNRECOGNIZED,0
",",",",s,,0
you,you,n,DirectAddress,0
are,are,s,DirectAddress,1
both,both,s,,0
both,both,s,,0
fowly,fowly,s,UNRECOGNIZED,0
deceived,deceived,c,ReportingStates,0
.,.,s,ReportingStates,1
For,for,s,,0
neither,neither,s,DenyDisclaim,0
have,have,s,DirectAddress,0
you,you,s,DirectAddress,1
put,put,s,Motions,0
down,down,s,Motions,1
the,the,s,Motions,2
Fasting-dayes,fasting-dayes,c,UNRECOGNIZED,0
",",",",n,,0
because,because,s,ReasonBackward,0
still,still,s,Updates,0
they,they,s,ReportingStates,0
are,are,s,ReportingStates,1
bidden,bidden,s,CommonAuthorities,0
in,in,s,,0
Churches,churches,c,SenseObject,0
",",",",s,,0
nor,nor,s,DenyDisclaim,0
is,is,s,DenyDisclaim,1
the,the,s,DenyDisclaim,2
case,case,s,AbstractConcepts,0
alike,alike,c,Inclusive,0
*,*,s,,0
for,for,s,,0
Fasting,fasting,n,ReportingEvents,0
is,is,s,ReportingStates,0
private,private,c,AbstractConcepts,0
",",",",s,,0
and,and,s,,0
cannot,cannot,s,DenyDisclaim,0
so,so,s,Intensity,0
well,well,s,Intensity,1
be,be,s,Negativity,0
punished,punished,c,Negativity,1
",",",",s,Resistance,0
but,but,s,Resistance,1
if,if,s,Contingency,0
you,you,s,DirectAddress,0
come,come,s,ReportingEvents,0
not,not,s,DenyDisclaim,0
to,to,s,DenyDisclaim,1
Church,church,c,SenseObject,0
",",",",s,,0
up,up,n,DirectAddress,0
you,you,s,DirectAddress,1
go,go,s,ReportingEvents,0
not,not,s,DenyDisclaim,0
to,to,s,DenyDisclaim,1
Church,church,c,SenseObject,0
",",",",s,,0
up,up,s,DirectAddress,0
you,you,s,DirectAddress,1
go,go,s,ProjectAhead,0
for,for,s,ProjectAhead,1
a,a,s,,0
Recus,recus,c,UNRECOGNIZED,0
^^,^^,c,UNRECOGNIZED,0
t,t,s,AbstractConcepts,0
an,an,s,,0
you,you,s,DirectAddress,0
were,were,s,ProjectBack,0
my,my,s,Autobio,0
father,father,nnn,Autobio,1
Why,why,s,Question,0
for,for,s,Resistance,0
all,all,s,Resistance,1
that,that,s,Resistance,2
^,^,c,UNRECOGNIZED,0
hud,hud,s,UNRECOGNIZED,0
we,we,s,,0
be,be,s,ReportingStates,0
troubled,troubled,s,Negativity,0
with,with,s,,0
so,so,s,Intensity,0
many,many,s,Intensity,1
holydaies,holydaies,c,UNRECOGNIZED,0
?,?,s,Question,0
wood,wood,s,SenseObject,0
not,not,s,DenyDisclaim,0
fewer,fewer,n,Comparison,0
serve,serve,s,ReportingEvents,0
the,the,s,,0
turn,turn,s,,0
as,as,s,,0
well,well,c,SenseObject,0
?,?,s,Question,0
I,i,s,FirstPer,0
do,do,s,DenyDisclaim,0
not,not,s,DenyDisclaim,1
think,think,s,PrivateThinking,0
our,our,s,Inclusive,0
auncetrums,auncetrums,s,UNRECOGNIZED,0
were,were,s,ProjectBack,0
so,so,s,,0
pestred,pestred,nnn,UNRECOGNIZED,0
Yea,yea,c,OralCues,0
",",",",s,OralCues,1
and,and,s,,0
with,with,s,,0
many,many,s,Comparison,0
more,more,c,Comparison,1
;,;,s,,0
and,and,s,,0
kept,kept,s,TimeDuration,0
the,the,s,,0
eues,eues,s,UNRECOGNIZED,0
half,half,s,Numbers,0
holy,holy,c,StandardsPos,0
.,.,nnn,Question,0
How,how,s,Question,1
didne,didne,s,UNRECOGNIZED,0
a,a,s,ProjectBack,0
then,then,s,ProjectBack,1
for,for,s,,0
doing,doing,s,GenericEvents,0
their,their,s,GenericEvents,1
business,business,c,GenericEvents,2
?,?,s,Question,0
sure,sure,s,Confidence,0
a,a,s,,0
were,were,s,ProjectBack,0
all,all,s,ProjectBack,1
beggars,beggars,c,PersonProperty,0
.,.,s,DirectAddress,0
And,and,s,DirectAddress,1
yet,yet,n,Resistance,0
twood,twood,s,UNRECOGNIZED,0
anger,anger,s,Anger,0
me,me,s,Anger,1
that,that,s,,0
my,my,s,FirstPer,0
graundsir,graundsir,s,UNRECOGNIZED,0
should,should,s,Insist,0
be,be,s,Insist,1
a,a,s,Insist,2
beggar,beggar,c,PersonProperty,0
.,.,s,,0
I,i,s,FirstPer,0
it,it,s,,0
wood,wood,nnn,SenseObject,0
Not,not,s,Resistance,0
so,so,s,Resistance,1
neither,neither,c,DenyDisclaim,0
.,.,s,,0
They,they,s,Neutral_Attribution,0
lived,lived,s,Neutral_Attribution,1
very,very,s,StandardsPos,0
well,well,c,StandardsPos,1
:,:,s,,0
and,and,s,,0
had,had,s,ProjectBack,0
not,not,s,ProjectBack,1
the,the,s,,0
twentieth,twentieth,s,Numbers,0
beggar,beggar,s,PersonProperty,0
that,that,s,Inclusive,0
we,we,n,Inclusive,1
have,have,c,Inclusive,2
:,:,s,,0
and,and,s,,0
were,were,s,ProjectBack,0
great,great,s,Intensity,0
housekeepers,housekeepers,s,PersonProperty,0
every,every,s,Inclusive,0
man,man,s,Inclusive,1
almost,almost,c,SubjectivePercept,0
.,.,s,,0
They,they,s,,0
built,built,s,ReportingEvents,0
all,all,s,Generalization,0
the,the,s,Generalization,1
Towns,towns,c,SpaceRelation,0
",",",",n,,0
Colleges,colleges,c,AbstractConcepts,0
*,*,s,,0
and,and,s,,0
Religious,religious,s,PersonProperty,0
houses,houses,nnn,SenseObject,0
Didne,didne,s,UNRECOGNIZED,0
a,a,s,,0
so,so,s,,0
indeed,indeed,c,Intensity,0
?,?,s,Question,0
I,i,s,FirstPer,0
cha,cha,s,UNRECOGNIZED,0
hard,hard,s,,0
my,my,s,FirstPer,0
grandsir,grandsir,c,UNRECOGNIZED,0
",",",",s,,0
and,and,s,,0
grannam,grannam,s,UNRECOGNIZED,0
tauke,tauke,s,UNRECOGNIZED,0
much,much,s,Intensity,0
of,of,s,,0
those,those,n,,0
things,things,c,Uncertainty,0
.,.,s,,0
Sure,sure,s,Confidence,0
but,but,s,Resistance,0
I,i,s,SelfDisclosure,0
think,think,s,SelfDisclosure,1
they,they,s,SceneShift,0
went,went,s,SceneShift,1
to,to,s,SceneShift,2
plow,plow,s,Motions,0
and,and,s,,0
cart,cart,s,SenseObject,0
on,on,s,,0
the,the,s,,0
workydaies,workydaies,c,UNRECOGNIZED,0
",",",",s,,0
and,and,n,,0
built,built,s,ReportingEvents,0
those,those,s,,0
things,things,s,Uncertainty,0
you,you,s,DirectAddress,0
tauke,tauke,s,UNRECOGNIZED,0
on,on,s,,0
upon,upon,s,,0
the,the,s,,0
holydaies,holydaies,c,UNRECOGNIZED,0
",",",",s,,0
or,or,s,Contingency,0
else,else,s,Contingency,1
it,it,s,,0
cood,cood,s,UNRECOGNIZED,0
never,never,s,Confidence,0
be,be,nnn,Confidence,1
No,no,c,OralCues,0
",",",",s,OralCues,1
no,no,c,DenyDisclaim,0
.,.,s,,0
They,they,s,Neutral_Attribution,0
suffered,suffered,s,Neutral_Attribution,1
no,no,s,DenyDisclaim,0
kind,kind,s,Uncertainty,0
of,of,s,Uncertainty,1
lighter,lighter,s,Comparison,0
works,works,s,ReportingEvents,0
to,to,s,,0
^,^,c,UNRECOGNIZED,0
e,e,s,LangRef,0
done,done,s,Sequence,0
in,in,s,Sequence,1
those,those,s,TimeShift,0
days,days,c,TimeShift,1
",",",",n,,0
much,much,s,Intensity,0
less,less,s,Comparison,0
such,such,s,Intensity,0
pain^full,pain^full,s,UNRECOGNIZED,0
labors,labors,s,Negativity,0
as,as,s,TimeDuration,0
they,they,s,TimeDuration,1
were,were,nnn,ProjectBack,0
Why,why,s,ProjectBack,0
were,were,s,ProjectBack,1
the,the,s,ProjectBack,2
Saiuts,saiuts,s,UNRECOGNIZED,0
days,days,s,TimeDuration,0
kept,kept,s,TimeDuration,0
holy,holy,s,StandardsPos,0
at,at,s,Intensity,0
all,all,c,Intensity,1
?,?,s,Question,0
Tell,tell,s,Citations,0
me,me,s,Citations,1
some,some,s,Uncertainty,0
reason,reason,s,ReasonForward,0
for,for,s,ReasonForward,1
it,it,c,,0
.,.,nnn,,0
They,they,s,Intensity,0
did,did,s,Intensity,1
in,in,s,ProjectBack,0
those,those,s,ProjectBack,1
days,days,s,ProjectBack,2
give,give,s,,0
great,great,s,StandardsPos,0
honor,honor,s,StandardsPos,1
to,to,s,,0
such,such,s,Specifiers,0
as,as,s,Specifiers,1
suffered,suffered,s,Negativity,0
death,death,s,Negativity,0
for,for,n,,0
Christian,christian,s,PersonProperty,0
religion,religion,c,AbstractConcepts,0
",",",",s,,0
although,although,s,Concessive,0
the,the,s,PersonProperty,0
men,men,s,PersonProperty,1
were,were,s,ProjectBack,0
as,as,s,,0
poor,poor,s,Resemblances,0
as,as,s,Resemblances,1
Christ's,christ's,s,UNRECOGNIZED,0
fi^shermen,fi^shermen,c,UNRECOGNIZED,0
.,.,s,DirectAddress,0
And,and,n,DirectAddress,1
therefore,therefore,s,ReasonForward,0
the,the,s,,0
days,days,s,TimeDuration,0
of,of,s,,0
their,their,s,PersonPronoun,0
martyrdom,martyrdom,s,CommonAuthorities,0
they,they,s,TimeDuration,0
kept,kept,s,TimeDuration,1
holy,holy,c,StandardsPos,0
",",",",s,,0
and,and,s,,0
came,came,s,ReportingEvents,0
to,to,s,,0
Church,church,s,SenseObject,0
to,to,n,,0
glorify,glorify,s,StandardsPos,0
and,and,s,,0
praise,praise,s,StandardsPos,0
that,that,s,,0
God,god,c,CommonAuthorities,0
",",",",s,ReasonForward,0
for,for,s,ReasonForward,1
whom,whom,s,PersonPronoun,0
those,those,s,,0
Saints,saints,s,StandardsPos,0
died,died,c,ReportingStates,0
",",",",s,ReportingStates,1
there,there,s,ProjectBack,0
were,were,s,ProjectBack,1
people,people,n,PersonProperty,0
exhorted,exhorted,s,Insist,0
to,to,s,ProjectAhead,0
do,do,s,ProjectAhead,1
the,the,s,ProjectAhead,2
like,like,nnn,SubjectivePercept,0
But,but,s,Resistance,0
I,i,s,FirstPer,0
mislike,mislike,s,Negativity,0
the,the,s,Intensity,0
very,very,s,Intensity,1
ground,ground,c,SenseObject,0
",",",",s,,0
and,and,s,,0
cause,cause,s,Cause,0
of,of,s,Cause,1
those,those,s,,0
holydaies,holydaies,s,UNRECOGNIZED,0
which,which,s,,0
(,(,c,,0
you,you,s,DirectAddress,0
say,say,c,DirectAddress,1
),),s,,0
is,is,n,ReportingStates,0
suffering,suffering,s,Negativity,0
death,death,s,Negativity,0
willingly,willingly,c,SubjectivePercept,0
.,.,s,Imperative,0
Do,do,s,Imperative,1
not,not,s,Imperative,2
we,we,s,,0
die,die,s,AbstractConcepts,0
fast,fast,s,SubjectivePercept,0
enough,enough,s,SubjectivePercept,1
(,(,c,,0
think,think,s,PrivateThinking,0
you,you,c,DirectAddress,0
),),s,,0
against,against,s,,0
our,our,n,Inclusive,0
wills,wills,c,AbstractConcepts,0
",",",",s,Resistance,0
but,but,s,Resistance,1
we,we,s,Insist,0
must,must,s,Insist,1
set,set,s,Sequence,0
up,up,s,Sequence,1
a,a,s,Sequence,2
trade,trade,s,AbstractConcepts,0
of,of,s,,0
dying,dying,s,Biographical_Time,0
with,with,s,Biographical_Time,1
a,a,s,Positivity,0
good,good,s,Positivity,1
will,will,nnn,PredictedFuture,0
Thou,thou,s,DirectAddress,0
speak,speak,s,Resistance,0
against,against,s,Resistance,1
reason,reason,c,StandardsPos,0
.,.,s,,0
For,for,s,Contingency,0
if,if,s,Contingency,1
thou,thou,s,DirectAddress,0
must,must,s,Insist,0
needs,needs,s,Insist,0
dye,dye,c,SenseObject,0
",",",",s,,0
first,first,c,Sequence,0
",",",",s,Sequence,1
or,or,s,,0
last,last,c,Sequence,0
",",",",s,,0
were,were,n,ProjectBack,0
not,not,s,DenyDisclaim,0
better,better,s,DenyDisclaim,1
to,to,s,ProjectAhead,0
die,die,s,ProjectAhead,1
for,for,s,,0
a,a,s,,0
glorious,glorious,s,Positivity,0
cause,cause,c,Cause,0
",",",",s,ReasonForward,0
so,so,s,ReasonForward,1
to,to,s,Negativity,0
be,be,s,Negativity,1
sure,sure,s,Negativity,2
of,of,s,CommonAuthorities,0
heaven,heaven,c,CommonAuthorities,1
",",",",s,,0
and,and,s,,0
willingly,willingly,n,SubjectivePercept,0
in,in,s,,0
perfect,perfect,s,StandardsPos,0
memory,memory,c,PrivateThinking,0
",",",",s,,0
then,then,s,,0
against,against,s,,0
thy,thy,s,DirectAddress,0
will,will,s,PredictedFuture,0
wrestling,wrestling,s,Negativity,0
with,with,s,Negativity,1
death,death,c,Negativity,0
",",",",s,,0
and,and,s,,0
overcome,overcome,s,StandardsPos,0
in,in,n,,0
the,the,s,Sequence,0
end,end,s,Sequence,1
with,with,s,,0
great,great,s,Negativity,0
pain,pain,c,Negativity,1
",",",",s,,0
and,and,s,Uncertainty,0
perhaps,perhaps,s,Uncertainty,1
past,past,s,AbstractConcepts,0
thy,thy,s,DirectAddress,0
senses,senses,nnn,AbstractConcepts,0
Reason,reason,s,StandardsPos,0
me,me,s,FirstPer,0
no,no,s,DenyDisclaim,0
reasons,reasons,c,DenyDisclaim,1
*,*,s,,0
I,i,s,FirstPer,0
speak,speak,s,ReportingEvents,0
as,as,s,Metadiscourse,0
I,i,s,Metadiscourse,1
think,think,c,Metadiscourse,2
",",",",s,,0
I,i,s,FirstPer,0
protest,protest,s,Resistance,0
from,from,s,SelfDisclosure,0
my,my,s,SelfDisclosure,1
heart,heart,s,SelfDisclosure,2
I,i,s,SelfDisclosure,0
had,had,n,SelfDisclosure,1
rather,rather,s,SelfDisclosure,2
do,do,s,Intensity,0
any,any,s,,0
work,work,s,SpaceRelation,0
in,in,s,SpaceRelation,1
the,the,s,SpaceRelation,2
world,world,s,AbstractConcepts,0
then,then,s,,0
dye,dye,c,SenseObject,0
.,.,s,Question,0
What,what,c,Question,1
?,?,s,Question,0
never,never,s,DenyDisclaim,0
come,come,s,SceneShift,0
home,home,s,SceneShift,1
again,again,s,RecurringEvents,0
to,to,s,SelfDisclosure,0
my,my,n,SelfDisclosure,1
wife,wife,c,PersonProperty,0
",",",",s,,0
and,and,s,,0
my,my,s,FirstPer,0
pretty,pretty,s,SubjectivePercept,0
barnes,barnes,c,UNRECOGNIZED,0
?,?,s,Question,0
Why,why,c,Question,0
",",",",s,,0
I,i,s,SelfDisclosure,0
have,have,s,SelfDisclosure,1
a,a,s,PersonProperty,0
boy,boy,c,PersonProperty,1
",",",",s,,0
his,his,s,PersonPronoun,0
name,name,s,LangRef,0
is,is,s,ReportingStates,0
Jack,jack,c,AbstractConcepts,0
;,;,s,,0
he,he,s,Neutral_Attribution,0
has,has,s,Neutral_Attribution,1
a,a,n,SenseObject,0
face,face,s,SenseObject,1
as,as,s,,0
welfavor'd,welfavor'd,s,UNRECOGNIZED,0
as,as,s,Comparison,0
any,any,s,Comparison,1
great,great,s,Intensity,0
turnippe,turnippe,s,UNRECOGNIZED,0
root,root,c,AbstractConcepts,0
",",",",s,,0
with,with,s,Specifiers,0
a,a,s,Specifiers,1
crack,crack,s,SenseProperty,0
in,in,s,Specifiers,0
the,the,s,Specifiers,1
midst,midst,c,Specifiers,2
",",",",n,Aside,0
which,which,s,Aside,1
is,is,s,Intensity,0
the,the,s,Intensity,1
very,very,s,Intensity,2
proportion,proportion,s,Comparison,0
of,of,s,,0
his,his,s,Neutral_Attribution,0
mouth,mouth,c,Neutral_Attribution,1
.,.,s,,0
I,i,s,FirstPer,0
will,will,s,PredictedFuture,0
not,not,s,PredictedFuture,1
willingly,willingly,s,SubjectivePercept,0
leave,leave,s,,0
that,that,s,,0
boy,boy,n,PersonProperty,0
for,for,s,Specifiers,0
all,all,s,Specifiers,1
the,the,s,,0
deaths,deaths,s,Negativity,0
in,in,s,Intensity,0
the,the,s,Intensity,1
world,world,c,Intensity,2
.,.,s,Intensity,3
No,no,s,DenyDisclaim,0
I,i,s,FirstPer,0
will,will,s,PredictedFuture,0
not,not,c,PredictedFuture,1
.,.,s,Resistance,0
But,but,s,Resistance,1
if,if,s,Contingency,0
I,i,s,Insist,0
must,must,s,Insist,1
needs,needs,s,Insist,0
dye,dye,s,SenseObject,0
whether,whether,n,Contingency,0
I,i,s,FirstPer,0
will,will,s,PredictedFuture,0
or,or,s,,0
no,no,c,OralCues,0
",",",",s,OralCues,1
I,i,s,FirstPer,0
wood,wood,s,SenseObject,0
have,have,s,,0
death,death,s,Negativity,0
take,take,s,ReportingEvents,0
me,me,s,FirstPer,0
asleep,asleep,c,SenseProperty,0
",",",",s,,0
that,that,s,,0
I,i,s,FirstPer,0
may,may,s,Contingency,0
not,not,s,DenyDisclaim,0
see,see,s,DenyDisclaim,1
his,his,s,SenseProperty,0
face,face,c,SenseProperty,1
",",",",n,ReasonForward,0
for,for,s,ReasonForward,1
if,if,s,Contingency,0
I,i,s,FirstPer,0
did,did,s,Question,0
I,i,s,Question,1
would,would,s,ProjectBack,0
run,run,s,SceneShift,0
away,away,s,SceneShift,1
as,as,s,,0
hard,hard,s,Resemblances,0
as,as,s,Resemblances,1
ever,ever,s,Biographical_Time,0
I,i,s,Contingency,0
could,could,s,Contingency,1
for,for,s,SelfDisclosure,0
my,my,s,SelfDisclosure,1
life,life,nnn,SelfDisclosure,2
Mr,mr,s,AbstractConcepts,0
Acuto,acuto,s,UNRECOGNIZED,0
talk,talk,s,SpaceRelation,0
with,with,s,SpaceRelation,1
me,me,c,SpaceRelation,2
",",",",s,,0
he,he,s,Neutral_Attribution,0
speaks,speaks,s,Neutral_Attribution,1
like,like,s,Resemblances,0
a,a,s,Resemblances,1
fool,fool,c,Negativity,0
.,.,s,,0
I,i,s,SelfDisclosure,0
have,have,s,SelfDisclosure,1
more,more,s,Comparison,0
wit,wit,s,StandardsPos,0
then,then,s,,0
twenty,twenty,n,Numbers,0
such,such,s,Intensity,0
loggerheads,loggerheads,nnn,Negative_Relation,0
Nay,nay,c,OralCues,0
",",",",s,,0
then,then,s,Sequence,0
I,i,s,Sequence,1
have,have,s,,0
more,more,s,Comparison,0
wit,wit,s,StandardsPos,0
then,then,s,,0
thou,thou,s,DirectAddress,0
can,can,s,Contingency,0
get,get,c,,0
*,*,s,,0
for,for,s,,0
I,i,s,Contingency,0
can,can,s,Contingency,1
make,make,s,SelfDisclosure,0
my,my,s,SelfDisclosure,1
horses,horses,s,SenseObject,0
turn,turn,n,Transformation,0
up,up,s,Transformation,1
the,the,s,Transformation,2
ground,ground,c,SenseObject,0
",",",",s,,0
and,and,s,,0
thou,thou,s,DirectAddress,0
must,must,s,Insist,0
do,do,s,ReportingEvents,0
it,it,s,ReportingEvents,1
with,with,s,,0
thy,thy,s,DirectAddress,0
hands,hands,s,SenseObject,0
and,and,s,,0
feet,feet,c,SenseObject,0
",",",",s,,0
else,else,s,Contingency,0
thou,thou,s,DirectAddress,0
can,can,n,Contingency,0
earne,earne,s,UNRECOGNIZED,0
no,no,s,DenyDisclaim,0
money,money,c,AbstractConcepts,0
.,.,s,Imperative,0
Come,come,s,Imperative,1
neighbor,neighbor,s,PersonProperty,0
Vulcano,vulcano,c,UNRECOGNIZED,0
",",",",s,,0
we,we,s,,0
two,two,s,Numbers,0
wise,wise,s,StandardsPos,0
men,men,s,StandardsPos,1
will,will,s,PredictedFuture,0
leave,leave,s,,0
these,these,s,Immediacy,0
two,two,s,Numbers,0
to,to,n,,0
play,play,s,ReportingEvents,0
the,the,s,,0
fools,fools,s,Negativity,0
here,here,s,SpaceRelation,0
until,until,s,TimeDuration,0
our,our,s,Inclusive,0
^,^,c,UNRECOGNIZED,0
urne,urne,s,UNRECOGNIZED,0
come,come,s,RecurringEvents,0
again,again,nnn,RecurringEvents,1
Now,now,s,Immediacy,0
Acuto,acuto,c,UNRECOGNIZED,0
*,*,s,,0
let,let,s,DirectAddress,0
us,us,s,DirectAddress,1
two,two,s,Numbers,0
conclude,conclude,s,Sequence,0
what,what,s,,0
shall,shall,s,ProjectAhead,0
become,become,s,Transformation,0
of,of,s,Transformation,1
these,these,s,Immediacy,0
holydaies,holydaies,c,UNRECOGNIZED,0
",",",",s,,0
and,and,s,,0
as,as,s,,0
we,we,n,ConfirmedThght,0
agree,agree,c,ConfirmedThght,1
",",",",s,,0
I,i,s,FirstPer,0
warrant,warrant,s,CommonAuthorities,0
it,it,s,ProjectAhead,0
shall,shall,s,ProjectAhead,1
go,go,c,ReportingEvents,0
.,.,s,DirectAddress,0
And,and,s,DirectAddress,1
thou,thou,s,DirectAddress,0
have,have,s,,0
almost,almost,s,SubjectivePercept,0
persuaded,persuaded,s,,0
me,me,s,FirstPer,0
to,to,s,ProjectAhead,0
let,let,s,ProjectAhead,1
them,them,n,,0
stand,stand,c,AbstractConcepts,0
.,.,s,Resistance,0
But,but,s,Resistance,1
let,let,s,DirectAddress,0
us,us,s,DirectAddress,1
go,go,s,ReportingEvents,0
and,and,s,ReportingEvents,1
read,read,s,Narrative_Verbs,0
a,a,s,Narrative_Verbs,1
book,book,s,,0
I,i,s,SelfDisclosure,0
have,have,s,SelfDisclosure,1
at,at,s,SpaceRelation,0
home,home,s,SpaceRelation,1
of,of,s,,0
the,the,s,SubjectivePercept,0
lives,lives,s,SubjectivePercept,1
of,of,s,SubjectivePercept,2
Saints,saints,s,StandardsPos,0
to,to,n,,0
furnish,furnish,s,ReportingEvents,0
us,us,s,Inclusive,0
with,with,s,,0
stronger,stronger,s,Comparison,0
reasons,reasons,s,AbstractConcepts,0
against,against,s,,0
our,our,s,Inclusive,0
next,next,s,Sequence,0
encounter,encounter,s,SpaceRelation,0
with,with,s,SpaceRelation,1
these,these,s,Immediacy,0
Dunce,dunce,c,Negativity,0
^,^,c,UNRECOGNIZED,0
",",",",n,,0
and,and,s,Sequence,0
then,then,s,Sequence,1
we,we,s,,0
will,will,s,PredictedFuture,0
end,end,s,Sequence,0
this,this,s,,0
controversy,controversy,nnn,Resistance,0
How,how,s,DirectAddress,0
think,think,s,DirectAddress,1
you,you,s,DirectAddress,2
by,by,s,,0
this,this,s,,0
S,s,c,AbstractConcepts,0
.,.,s,AbstractConcepts,1
Hermito,hermito,c,UNRECOGNIZED,0
?,?,s,Question,0
would,would,s,Request,0
you,you,s,Request,1
have,have,s,,0
imagined,imagined,s,PrivateThinking,0
that,that,s,PrivateThinking,1
such,such,s,Intensity,0
plain,plain,n,SenseProperty,0
fellows,fellows,s,PersonProperty,0
as,as,s,,0
these,these,s,Immediacy,0
be,be,c,ReportingStates,0
",",",",s,Future_Question,0
should,should,s,Future_Question,1
call,call,s,ReportingEvents,0
a,a,s,,0
business,business,s,AbstractConcepts,0
of,of,s,Specifiers,0
this,this,s,Specifiers,1
nature,nature,s,AbstractConcepts,0
in,in,s,Curiosity,0
question,question,c,Curiosity,1
?,?,s,Question,0
By,by,n,,0
this,this,s,,0
you,you,s,DirectAddress,0
may,may,s,DirectAddress,1
may,may,s,Uncertainty,0
guess,guess,s,Uncertainty,1
what,what,s,,0
stirring,stirring,s,Motions,0
heads,heads,s,SenseObject,0
we,we,s,Inclusive,0
have,have,s,Inclusive,1
to,to,s,,0
deal,deal,s,,0
withal,withal,c,Metadiscourse,0
",",",",s,,0
and,and,s,,0
how,how,n,Confidence,0
easy,easy,s,Confidence,1
a,a,s,,0
matter,matter,s,Disclosure,0
to,to,s,Disclosure,1
keep,keep,s,TimeDuration,0
them,them,s,,0
in,in,s,CommonAuthorities,0
order,order,nnn,CommonAuthorities,1
It,it,s,,0
is,is,s,Uncertainty,0
somewhat,somewhat,s,Uncertainty,1
strange,strange,c,SubjectivePercept,0
.,.,s,DirectAddress,0
And,and,s,DirectAddress,1
the,the,s,Comparison,0
more,more,s,Comparison,1
unlearned,unlearned,s,PrivateThinking,0
the,the,s,PersonProperty,0
men,men,s,PersonProperty,1
are,are,c,ReportingStates,0
",",",",s,,0
the,the,s,,0
harder,harder,s,Negativity,0
to,to,s,Negativity,1
be,be,n,ReportingStates,0
satisfied,satisfied,c,ReportingStates,0
.,.,s,ReportingStates,1
But,but,s,Resistance,0
he,he,s,PersonPronoun,0
hope,hope,s,Positivity,0
is,is,c,ReportingStates,0
",",",",s,,0
that,that,s,,0
as,as,s,Negativity,0
mad,mad,s,Negativity,1
men,men,s,PersonProperty,0
do,do,s,Intensity,0
best,best,s,StandardsPos,0
service,service,s,StandardsPos,1
when,when,s,,0
some,some,s,Specifiers,0
of,of,s,Specifiers,1
their,their,n,PersonPronoun,0
like,like,s,SubjectivePercept,0
are,are,s,ReportingStates,0
most,most,s,Comparison,0
unruly,unruly,c,StandardsNeg,0
",",",",s,ReasonForward,0
so,so,s,ReasonForward,1
these,these,s,Immediacy,0
men,men,s,PersonProperty,0
being,being,s,ReportingStates,0
alike,alike,s,Inclusive,0
unskillful,unskillful,s,StandardsNeg,0
will,will,s,PredictedFuture,0
soon,soon,s,PredictedFuture,1
confound,confound,n,Negativity,0
each,each,s,Specifiers,0
other,other,c,Specifiers,1
",",",",s,ReasonForward,0
and,and,s,ReasonForward,1
so,so,s,ReasonForward,2
give,give,s,ReportingEvents,0
over,over,s,ReportingEvents,1
the,the,s,,0
business,business,nnn,AbstractConcepts,0
It,it,s,DenyDisclaim,0
is,is,s,DenyDisclaim,1
not,not,s,DenyDisclaim,2
unknown,unknown,s,Uncertainty,0
to,to,s,SelfDisclosure,0
me,me,s,SelfDisclosure,1
that,that,s,,0
very,very,s,Intensity,0
many,many,s,Intensity,1
do,do,s,Intensity,0
censure,censure,s,,0
my,my,s,FirstPer,0
deeds,deeds,s,AbstractConcepts,0
as,as,s,,0
wicked,wicked,s,Negativity,0
and,and,n,DenyDisclaim,0
not,not,s,DenyDisclaim,1
beseeming,beseeming,s,SubjectivePercept,0
a,a,s,,0
Christian,christian,c,PersonProperty,0
.,.,s,Resistance,0
But,but,s,Resistance,1
this,this,s,ReportingStates,0
is,is,s,ReportingStates,1
the,the,s,,0
iniquity,iniquity,s,StandardsNeg,0
of,of,s,SubjectiveTime,0
the,the,s,SubjectiveTime,1
time,time,c,SubjectiveTime,2
",",",",s,,0
because,because,s,ReasonBackward,0
they,they,n,,0
do,do,s,DenyDisclaim,0
not,not,s,DenyDisclaim,1
distinguish,distinguish,s,Comparison,0
between,between,s,Comparison,1
persons,persons,s,PersonProperty,0
and,and,s,,0
seasons,seasons,c,RecurringEvents,0
.,.,s,,0
For,for,s,,0
my,my,s,FirstPer,0
actions,actions,s,GenericEvents,0
being,being,s,ReportingStates,0
not,not,n,DenyDisclaim,0
ordinary,ordinary,c,PriorKnowledge,0
",",",",s,,0
are,are,s,DenyDisclaim,0
not,not,s,DenyDisclaim,1
to,to,s,GenericEvents,0
be,be,s,GenericEvents,1
judged,judged,s,CommonAuthorities,0
by,by,s,Specifiers,0
ordinary,ordinary,c,Specifiers,1
",",",",s,Resistance,0
but,but,s,Resistance,1
refined,refined,s,ReportingEvents,0
wits,wits,c,StandardsPos,0
.,.,s,,0
For,for,s,,0
now,now,s,Immediacy,0
your,your,n,DirectAddress,0
down,down,s,SpaceRelation,0
right,right,s,SpaceRelation,1
dealing,dealing,s,ReportingEvents,0
is,is,s,ReportingStates,0
exploded,exploded,c,ReportingStates,0
",",",",s,ReportingStates,1
as,as,s,,0
too,too,s,,0
subject,subject,s,Contingency,0
to,to,s,Contingency,1
every,every,s,Generalization,0
mean,mean,s,,0
capacity,capacity,nn,AbstractConcepts,0
Yonder,yonder,s,SpaceRelation,0
is,is,s,ReportingStates,0
thy,thy,s,DirectAddress,0
master,master,s,PersonProperty,0
that,that,s,,0
shall,shall,s,ProjectAhead,0
be,be,s,ProjectAhead,1
(,(,s,,0
Simplo,simplo,c,UNRECOGNIZED,0
*,*,c,,0
),),s,,0
thou,thou,s,DirectAddress,0
shall,shall,s,ProjectAhead,0
lose,lose,s,SubjectiveTime,0
no,no,s,SubjectiveTime,1
time,time,c,SubjectiveTime,2
",",",",s,,0
we,we,s,,0
will,will,s,PredictedFuture,0
to,to,n,PredictedFuture,1
him,him,s,PersonPronoun,0
suddenly,suddenly,c,Immediacy,0
.,.,s,,0
Segnieur,segnieur,s,UNRECOGNIZED,0
Antonis,antonis,c,UNRECOGNIZED,0
.,.,s,,0
All,all,s,DirectAddress,0
hail,hail,s,DirectAddress,1
to,to,s,DirectAddress,0
your,your,s,DirectAddress,1
person,person,c,PersonProperty,0
.,.,s,Immediacy,0
Here,here,s,Immediacy,1
is,is,s,Immediacy,2
a,a,s,Immediacy,3
man,man,n,PersonProperty,0
desires,desires,s,Positivity,0
to,to,s,Positivity,1
serve,serve,s,ReportingEvents,0
you,you,c,DirectAddress,0
;,;,s,,0
to,to,s,GenericEvents,0
be,be,s,GenericEvents,1
your,your,s,DirectAddress,0
pupil,pupil,c,PersonProperty,0
;,;,s,,0
to,to,s,,0
imitate,imitate,s,ReportingEvents,0
your,your,s,DirectAddress,0
actions,actions,s,GenericEvents,0
so,so,s,,0
near,near,s,SubjectivePercept,0
as,as,n,SubjectivePercept,1
his,his,s,PersonPronoun,0
vessel,vessel,s,SenseObject,0
can,can,s,Contingency,0
hold,hold,s,,0
the,the,s,,0
print,print,c,AbstractConcepts,0
.,.,s,DirectAddress,0
And,and,s,DirectAddress,1
he,he,s,PersonPronoun,0
will,will,s,PredictedFuture,0
do,do,s,StandardsPos,0
well,well,c,StandardsPos,1
.,.,s,,0
For,for,s,,0
he,he,s,Updates,0
is,is,s,Updates,1
made,made,s,ReportingEvents,0
all,all,s,Generalization,0
of,of,n,Generalization,1
wax,wax,c,SenseObject,0
",",",",s,Intensity,0
very,very,s,Intensity,1
pliant,pliant,c,AbstractConcepts,0
",",",",s,,0
empty,empty,s,Negativity,0
of,of,s,Negativity,1
all,all,s,Negativity,2
thing,thing,c,Uncertainty,0
*,*,s,,0
(,(,c,,0
...,...,c,UNRECOGNIZED,0
),),s,,0
a,a,s,SubjectivePercept,0
little,little,s,SubjectivePercept,1
money,money,s,AbstractConcepts,0
and,and,s,,0
a,a,s,,0
tenement,tenement,s,SenseObject,0
or,or,n,,0
two,two,s,Numbers,0
of,of,s,,0
land,land,s,AbstractConcepts,0
lying,lying,s,Negativity,0
next,next,s,Sequence,0
your,your,s,DirectAddress,0
freehold,freehold,s,AbstractConcepts,0
on,on,s,SpaceRelation,0
the,the,s,SpaceRelation,1
south,south,s,SpaceRelation,2
side,side,c,SpaceRelation,3
",",",",s,,0
worth,worth,s,AbstractConcepts,0
10l,10l,s,UNRECOGNIZED,0
per,per,s,RecurringEvents,0
annum,annum,nnn,RecurringEvents,1
He,he,s,Updates,0
is,is,s,Updates,1
welcome,welcome,c,Positivity,0
.,.,s,DirectAddress,0
Have,have,s,DirectAddress,1
you,you,s,DirectAddress,2
given,given,s,ReportingStates,0
him,him,s,PersonPronoun,0
any,any,s,,0
principles,principles,c,StandardsPos,0
",",",",s,,0
such,such,s,Specifiers,0
as,as,s,Specifiers,1
you,you,s,DirectAddress,0
know,know,s,DirectAddress,1
are,are,n,ReportingStates,0
necessary,necessary,c,CommonAuthorities,0
?,?,s,Question,0
and,and,s,,0
is,is,s,Question,0
he,he,s,Question,1
docible,docible,c,UNRECOGNIZED,0
^,^,nnn,UNRECOGNIZED,0
He,he,s,Updates,0
is,is,s,Updates,1
ready,ready,s,ProjectAhead,0
for,for,s,ProjectAhead,1
your,your,s,DirectAddress,0
hand,hand,s,SenseObject,0
Sir,sir,c,PersonProperty,0
.,.,s,,0
I,i,s,FirstPer,0
will,will,s,PredictedFuture,0
not,not,s,PredictedFuture,1
commit,commit,s,ReportingEvents,0
such,such,s,Specifiers,0
an,an,s,Specifiers,1
error,error,s,StandardsNeg,0
(,(,c,,0
knowing,knowing,s,Confidence,0
you,you,n,DirectAddress,0
as,as,s,SelfDisclosure,0
I,i,s,SelfDisclosure,1
do,do,c,Intensity,0
),),s,,0
but,but,s,Resistance,0
lay,lay,s,CommonAuthorities,0
the,the,s,CommonAuthorities,1
foundation,foundation,c,CommonAuthorities,2
.,.,s,,0
You,you,s,DirectAddress,0
may,may,s,DirectAddress,1
work,work,s,ReportingEvents,0
upon,upon,s,ReportingEvents,1
him,him,s,PersonPronoun,0
as,as,s,DirectAddress,0
you,you,s,DirectAddress,1
list,list,s,,0
I,i,s,FirstPer,0
warrant,warrant,n,CommonAuthorities,0
you,you,nnn,DirectAddress,0
Sir,sir,s,PersonProperty,0
I,i,s,DirectAddress,0
hope,hope,s,DirectAddress,1
you,you,s,DirectAddress,2
shall,shall,s,ProjectAhead,0
find,find,s,DirectAddress,0
me,me,s,DirectAddress,1
di^igent,di^igent,c,UNRECOGNIZED,0
",",",",s,,0
and,and,s,,0
according,according,s,Citations,0
to,to,s,Citations,1
your,your,s,DirectAddress,0
heart,heart,c,SenseObject,0
.,.,nnn,,0
Thou,thou,s,DirectAddress,0
have,have,s,ReportingEvents,0
a,a,s,ReportingEvents,1
good,good,s,,0
stern,stern,s,SenseObject,0
countenance,countenance,c,SenseObject,0
",",",",s,,0
I,i,s,SelfDisclosure,0
like,like,s,SelfDisclosure,1
thee,thee,s,DirectAddress,0
well,well,c,SenseObject,0
:,:,s,,0
if,if,s,Contingency,0
thy,thy,s,DirectAddress,0
mind,mind,s,SubjectivePercept,0
be,be,s,ReportingStates,0
as,as,n,,0
untoward,untoward,s,StandardsNeg,0
it,it,s,PredictedFuture,0
will,will,s,PredictedFuture,1
be,be,s,PredictedFuture,2
suitable,suitable,nnn,StandardsPos,0
I,i,s,FirstPer,0
warrant,warrant,s,CommonAuthorities,0
you,you,s,DirectAddress,0
Sir,sir,c,PersonProperty,0
",",",",s,,0
no,no,s,DenyDisclaim,0
man,man,s,DenyDisclaim,1
shall,shall,s,ProjectAhead,0
get,get,s,,0
any,any,s,Specifiers,0
thing,thing,s,Specifiers,1
of,of,s,,0
me,me,c,FirstPer,0
",",",",s,Resistance,0
but,but,s,Resistance,1
I,i,s,FirstPer,0
will,will,s,PredictedFuture,0
know,know,s,Confidence,0
how,how,s,Confidence,1
he,he,n,PersonPronoun,0
comes,comes,s,SceneShift,0
by,by,s,SceneShift,1
it,it,c,,0
",",",",s,,0
except,except,s,Exceptions,0
your,your,s,DirectAddress,0
self,self,c,SubjectivePercept,0
",",",",s,,0
whom,whom,s,PersonPronoun,0
I,i,s,FirstPer,0
will,will,s,PredictedFuture,0
trust,trust,s,Confidence,0
withal,withal,s,Metadiscourse,0
I,i,s,SelfDisclosure,0
have,have,c,SelfDisclosure,1
.,.,s,Imperative,0
Deal,deal,s,Imperative,1
with,with,n,,0
me,me,s,FirstPer,0
as,as,s,DirectAddress,0
you,you,s,DirectAddress,1
please,please,nnn,DirectAddress,2
I,i,s,Acknowledge,0
thank,thank,s,Acknowledge,1
you,you,c,Acknowledge,2
.,.,s,,0
Nay,nay,c,OralCues,0
",",",",s,,0
if,if,s,Contingency,0
I,i,s,FirstPer,0
deal,deal,s,,0
not,not,s,DenyDisclaim,0
well,well,s,SenseObject,0
with,with,s,DirectAddress,0
you,you,c,DirectAddress,1
",",",",s,,0
I,i,s,FirstPer,0
wish,wish,s,SubjectivePercept,0
no,no,s,DenyDisclaim,0
man,man,s,DenyDisclaim,1
should,should,s,Insist,0
deal,deal,n,,0
ill,ill,s,Negativity,0
with,with,s,,0
me,me,c,FirstPer,0
.,.,s,,0
I,i,s,Reassure,0
hear,hear,s,Reassure,1
you,you,s,Reassure,2
have,have,s,,0
land,land,s,AbstractConcepts,0
lying,lying,s,Negativity,0
near,near,s,SpaceRelation,0
me,me,c,FirstPer,0
",",",",s,,0
I,i,s,SelfDisclosure,0
would,would,s,SelfDisclosure,1
have,have,s,SelfDisclosure,2
you,you,s,DirectAddress,0
be,be,s,DirectAddress,1
a,a,s,Positivity,0
good,good,n,Positivity,1
husband,husband,c,PersonProperty,0
",",",",s,,0
and,and,s,,0
keep,keep,s,TimeDuration,0
it,it,c,TimeDuration,1
.,.,s,DirectAddress,0
Let,let,s,DirectAddress,1
me,me,s,DirectAddress,2
lay,lay,s,SpaceRelation,0
up,up,s,SpaceRelation,1
your,your,s,DirectAddress,0
writings,writings,s,GenericEvents,0
safe,safe,s,StandardsPos,0
least,least,s,Comparison,0
some,some,s,Uncertainty,0
deceive,deceive,s,Anger,0
you,you,n,DirectAddress,0
of,of,s,,0
them,them,nnn,,0
That,that,s,DirectAddress,0
you,you,s,DirectAddress,1
shall,shall,s,ProjectAhead,0
Sir,sir,c,PersonProperty,0
*,*,s,,0
here,here,s,SpaceRelation,0
they,they,s,,0
be,be,c,ReportingStates,0
.,.,s,,0
They,they,s,,0
shall,shall,s,ProjectAhead,0
be,be,s,ProjectAhead,1
in,in,s,Specifiers,0
pawn,pawn,s,Specifiers,1
to,to,s,DirectAddress,0
you,you,s,DirectAddress,1
for,for,s,,0
my,my,s,FirstPer,0
good,good,n,StandardsPos,0
behavior,behavior,c,StandardsPos,1
:,:,s,,0
for,for,s,,0
I,i,s,SelfDisclosure,0
think,think,s,SelfDisclosure,1
no,no,s,DenyDisclaim,0
man,man,s,DenyDisclaim,1
will,will,s,PredictedFuture,0
give,give,s,StandardsPos,0
his,his,s,StandardsPos,1
word,word,s,StandardsPos,2
for,for,s,SelfDisclosure,0
me,me,nnn,SelfDisclosure,1
Thou,thou,s,DirectAddress,0
art,art,s,AbstractConcepts,0
the,the,s,,0
fittest,fittest,s,StandardsPos,0
man,man,s,PersonProperty,0
for,for,s,SelfDisclosure,0
me,me,s,SelfDisclosure,1
that,that,s,,0
ever,ever,s,Biographical_Time,0
I,i,s,FirstPer,0
met,met,s,ReportingEvents,0
withal,withal,c,Metadiscourse,0
:,:,s,,0
nor,nor,s,DenyDisclaim,0
any,any,s,,0
man,man,s,PersonProperty,0
(,(,c,,0
I,i,n,SelfDisclosure,0
think,think,c,SelfDisclosure,1
),),s,,0
will,will,s,PredictedFuture,0
undertake,undertake,s,PredictedFuture,1
I,i,s,Metadiscourse,0
shall,shall,s,Metadiscourse,1
be,be,s,ReportingStates,0
a,a,s,ReportingStates,1
good,good,s,,0
master,master,s,PersonProperty,0
to,to,s,,0
thee,thee,nnn,DirectAddress,0
It,it,s,,0
Is,is,s,DenyDisclaim,0
no,no,s,DenyDisclaim,1
matter,matter,s,AbstractConcepts,0
sir,sir,c,PersonProperty,0
",",",",s,,0
I,i,s,FirstPer,0
will,will,s,PredictedFuture,0
stand,stand,s,ProjectAhead,0
to,to,s,ProjectAhead,1
your,your,s,DirectAddress,0
gentleness,gentleness,c,Positivity,0
.,.,nnn,OralCues,0
Well,well,s,OralCues,1
said,said,c,Citations,0
:,:,s,Citations,1
and,and,s,,0
I,i,s,FirstPer,0
Will,will,s,PredictedFuture,0
even,even,s,SubjectivePercept,0
deal,deal,s,ReportingEvents,0
with,with,s,ReportingEvents,1
thee,thee,s,DirectAddress,0
thereafter,thereafter,c,ProjectAhead,0
.,.,nnn,,0
Thou,thou,s,DirectAddress,0
have,have,s,ReportingEvents,0
a,a,s,ReportingEvents,1
service,service,s,ReportingEvents,0
a,a,s,ReportingEvents,1
dog,dog,s,SenseObject,0
would,would,s,Contingency,0
not,not,s,Contingency,1
have,have,s,Cause,0
it,it,c,Cause,1
",",",",s,,0
except,except,s,Exceptions,0
his,his,s,Exceptions,1
tail,tail,s,SenseObject,0
were,were,s,ProjectBack,0
already,already,s,Updates,0
so,so,n,,0
short,short,s,SpaceRelation,0
cut,cut,s,SpaceRelation,1
to,to,s,SpaceRelation,2
his,his,s,PersonPronoun,0
breech,breech,s,SenseObject,0
that,that,s,DenyDisclaim,0
no,no,s,DenyDisclaim,1
more,more,s,Comparison,0
could,could,s,Contingency,0
be,be,s,Contingency,1
spared,spared,c,Positivity,0
.,.,s,,0
I,i,s,FirstPer,0
warrant,warrant,s,CommonAuthorities,0
thou,thou,s,DirectAddress,0
has,has,c,,0
^,^,s,UNRECOGNIZED,0
seen,seen,n,SpaceRelation,0
the,the,s,,0
last,last,s,Sequence,0
of,of,s,,0
thy,thy,s,DirectAddress,0
writings,writings,c,GenericEvents,0
.,.,s,,0
They,they,s,,0
will,will,s,PredictedFuture,0
pull,pull,s,,0
thy,thy,s,DirectAddress,0
land,land,s,AbstractConcepts,0
after,after,s,Sequence,0
them,them,c,,0
.,.,s,DirectAddress,0
And,and,s,DirectAddress,1
that,that,s,Specifiers,0
is,is,s,Specifiers,1
but,but,n,Resistance,0
law,law,nnn,AbstractConcepts,0
Is,is,s,Question,0
it,it,s,Question,1
true,true,s,StandardsPos,0
that,that,s,DirectAddress,0
you,you,s,DirectAddress,1
told,told,s,Citations,0
me,me,s,Citations,1
(,(,s,,0
Acuto,acuto,c,UNRECOGNIZED,0
),),s,,0
at,at,s,SpaceRelation,0
our,our,s,SpaceRelation,1
last,last,s,Sequence,0
parle,parle,s,UNRECOGNIZED,0
here,here,s,SpaceRelation,0
that,that,s,,0
there,there,s,ProjectBack,0
were,were,n,ProjectBack,1
^^,^^,c,UNRECOGNIZED,0
ch,ch,s,,0
valiant,valiant,s,StandardsPos,0
people,people,s,PersonProperty,0
in,in,s,ProjectBack,0
times,times,s,ProjectBack,1
past,past,s,ProjectBack,2
that,that,s,,0
willingly,willingly,s,SubjectivePercept,0
and,and,s,,0
chee^efully,chee^efully,s,UNRECOGNIZED,0
went,went,s,Negativity,0
to,to,s,Negativity,1
their,their,n,Negativity,2
death,death,s,Negativity,3
when,when,s,Uncertainty,0
they,they,s,Uncertainty,1
might,might,s,Uncertainty,2
have,have,s,Uncertainty,3
in^oyed,in^oyed,s,UNRECOGNIZED,0
life,life,s,AbstractConcepts,0
longer,longer,nn,Comparison,0
There,there,s,Confidence,0
is,is,s,Confidence,1
no,no,s,Confidence,2
question,question,s,Confidence,3
of,of,s,,0
it,it,s,,0
except,except,s,Exceptions,0
we,we,s,Insist,0
should,should,s,Insist,1
discredit,discredit,s,Negative_Relation,0
all,all,s,,0
Historiographers,historiographers,c,PersonProperty,0
",",",",n,,0
who,who,s,,0
make,make,s,ReportingEvents,0
honorable,honorable,s,CommonAuthorities,0
mention,mention,s,CommonAuthorities,1
of,of,s,,0
them,them,s,,0
i,i,c,FirstPer,0
^,^,s,UNRECOGNIZED,0
all,all,s,,0
ages,ages,s,TimeDuration,0
before,before,s,Inclusive,0
us,us,c,Inclusive,1
.,.,s,DirectAddress,0
And,and,s,DirectAddress,1
in,in,s,Inclusive,0
our,our,s,Inclusive,1
own,own,s,ReportingEvents,0
time,time,n,,0
and,and,s,,0
memory,memory,s,PrivateThinking,0
there,there,s,ProjectBack,0
have,have,s,ProjectBack,1
been,been,s,ProjectBack,2
many,many,s,ProjectBack,3
^,^,c,UNRECOGNIZED,0
uch,uch,s,UNRECOGNIZED,0
men,men,nnn,PersonProperty,0
I,i,s,FirstPer,0
p^otest,p^otest,s,UNRECOGNIZED,0
it,it,s,,0
is,is,s,ReportingStates,0
a,a,s,ReportingStates,1
wonderful,wonderful,s,Positivity,0
courage,courage,s,StandardsPos,0
these,these,s,Immediacy,0
people,people,s,PersonProperty,0
have,have,c,,0
",",",",s,,0
and,and,s,,0
in,in,s,,0
mine,mine,s,FirstPer,0
opinion,opinion,n,SubjectivePercept,0
far,far,s,Comparison,0
beyond,beyond,s,Comparison,1
the,the,s,Comparison,2
stoutnes,stoutnes,s,UNRECOGNIZED,0
of,of,s,,0
the,the,s,,0
soldiers,soldiers,c,PersonProperty,0
.,.,s,,0
For,for,s,,0
they,they,s,SceneShift,0
go,go,s,SceneShift,1
to,to,s,SceneShift,2
kill,kill,s,Negativity,0
and,and,s,,0
contend,contend,c,Resistance,0
",",",",n,,0
not,not,s,DenyDisclaim,0
meaning,meaning,s,ProjectAhead,0
to,to,s,ProjectAhead,1
dye,dye,c,SenseObject,0
",",",",s,Aside,0
which,which,s,Aside,1
only,only,s,Exceptions,0
they,they,s,Exceptions,1
strive,strive,s,Resistance,0
against,against,c,Resistance,1
",",",",s,,0
and,and,s,,0
avoid,avoid,s,Resistance,0
by,by,s,Confidence,0
all,all,s,Confidence,1
means,means,n,Confidence,2
they,they,s,Contingency,0
can,can,c,Contingency,1
*,*,s,,0
and,and,s,,0
provide,provide,s,StandardsPos,0
above,above,s,Intensity,0
all,all,s,Intensity,1
things,things,s,Uncertainty,0
to,to,s,GenericEvents,0
be,be,s,GenericEvents,1
well,well,s,SenseObject,0
armed,armed,s,SpaceRelation,0
for,for,s,,0
safety,safety,s,StandardsPos,0
of,of,s,CommonAuthorities,0
life,life,c,CommonAuthorities,1
.,.,n,Resistance,0
But,but,s,Resistance,1
the,the,s,,0
martyr,martyr,s,PersonProperty,0
with,with,s,,0
not,not,s,DenyDisclaim,0
resisting,resisting,c,Resistance,0
",",",",s,,0
conquers,conquers,s,ReportingEvents,0
death,death,c,Negativity,0
",",",",s,,0
and,and,s,,0
fears,fears,s,Fear,0
not,not,s,DenyDisclaim,0
that,that,s,DenyDisclaim,1
which,which,s,,0
is,is,n,ReportingStates,0
feared,feared,s,Fear,0
and,and,s,,0
shunned,shunned,s,Negative_Relation,0
of,of,s,Specifiers,0
all,all,s,Specifiers,1
others,others,c,Uncertainty,0
.,.,s,,0
Therefore,therefore,s,ReasonForward,0
I,i,s,SelfDisclosure,0
think,think,s,SelfDisclosure,1
them,them,s,,0
worthy,worthy,s,StandardsPos,0
of,of,s,StandardsPos,1
great,great,n,StandardsPos,0
honor,honor,s,StandardsPos,1
and,and,s,,0
p,p,c,LangRef,0
^^,^^,c,UNRECOGNIZED,0
petuall,petuall,s,UNRECOGNIZED,0
memory,memory,c,PrivateThinking,0
.,.,s,Resistance,0
But,but,s,Resistance,1
who,who,s,Question,0
are,are,s,Question,1
they,they,s,Question,2
(,(,c,,0
say,say,s,Citations,0
you,you,c,DirectAddress,0
),),s,,0
that,that,s,,0
give,give,s,,0
testimony,testimony,n,CommonAuthorities,0
of,of,s,,0
them,them,c,,0
?,?,s,Question,0
me,me,s,FirstPer,0
thought,thought,s,PrivateThinking,0
it,it,s,PrivateThinking,1
was,was,s,ProjectBack,0
a,a,s,ProjectBack,1
very,very,s,Intensity,0
fine,fine,s,Positivity,0
word,word,nnn,LangRef,0
They,they,s,,0
be,be,s,ReportingStates,0
Historiographers,historiographers,c,PersonProperty,0
.,.,nnn,,0
O,o,s,LangRef,0
Histornoggerfers,histornoggerfers,c,UNRECOGNIZED,0
.,.,s,,0
a,a,s,StandardsPos,0
brave,brave,s,StandardsPos,1
word,word,c,LangRef,0
.,.,s,,0
I,i,s,FirstPer,0
Will,will,s,PredictedFuture,0
make,make,s,ReportingEvents,0
a,a,s,SenseObject,0
knot,knot,s,SenseObject,1
of,of,s,SenseObject,2
these,these,s,Immediacy,0
letters,letters,c,SenseObject,0
.,.,nnn,,0
No,no,c,OralCues,0
",",",",s,OralCues,1
Historiographers,historiographers,s,PersonProperty,0
man,man,c,PersonProperty,0
.,.,nnn,,0
Now,now,s,Immediacy,0
I,i,s,SelfDisclosure,0
have,have,s,SelfDisclosure,1
it,it,s,,0
Histriagerfers,histriagerfers,c,UNRECOGNIZED,0
.,.,nnn,,0
Not,not,s,Resistance,0
so,so,s,Resistance,1
neither,neither,c,DenyDisclaim,0
:,:,s,,0
you,you,s,Insist,0
must,must,s,Insist,1
mark,mark,s,AbstractConcepts,0
well,well,c,OralCues,0
",",",",s,OralCues,1
and,and,s,,0
pronounce,pronounce,s,CommonAuthorities,0
it,it,s,,0
just,just,s,Comparison,0
as,as,s,Comparison,1
I,i,s,FirstPer,0
do,do,c,GenericEvents,0
.,.,nnn,GenericEvents,1
That,that,s,PredictedFuture,0
I,i,s,PredictedFuture,1
will,will,s,PredictedFuture,2
be,be,s,DirectAddress,0
sure,sure,s,DirectAddress,1
to,to,s,DirectAddress,2
do,do,c,GenericEvents,0
.,.,nnn,GenericEvents,1
Thus,thus,s,ReasonForward,0
then,then,c,TimeShift,0
.,.,s,TimeShift,1
Hi-sto-ri,hi-sto-ri,c,UNRECOGNIZED,0
.,.,nnn,Imperative,0
Stay,stay,s,Imperative,1
there,there,c,SpaceRelation,0
.,.,s,SpaceRelation,1
Now,now,s,Immediacy,0
gape,gape,s,Motions,0
(,(,c,,0
he,he,s,PersonPronoun,0
gapes,gapes,s,Motions,0
and,and,s,,0
Hortano,hortano,s,UNRECOGNIZED,0
looks,looks,s,SpaceRelation,0
in,in,s,SpaceRelation,1
his,his,s,SpaceRelation,2
mouth,mouth,c,SenseObject,0
),),s,,0
lets,lets,s,ReportingEvents,0
tell,tell,c,,0
",",",",s,,0
how,how,n,OpenQuery,0
many,many,s,OpenQuery,1
teeth,teeth,s,SenseObject,0
ha,ha,s,OralCues,0
you,you,c,DirectAddress,0
?,?,s,Question,0
22,22,c,Numbers,0
.,.,s,,0
hough,hough,c,SenseObject,0
",",",",s,,0
whoos,whoos,s,UNRECOGNIZED,0
within,within,s,,0
there,there,c,,0
?,?,s,Question,0
a,a,s,,0
pair,pair,s,SenseObject,0
of,of,s,SenseObject,1
pincers,pincers,nnn,SenseObject,2
What,what,s,Curiosity,0
to,to,s,Curiosity,1
do,do,c,Intensity,0
?,?,nnn,Question,0
Why,why,s,Question,0
to,to,s,,0
pull,pull,s,,0
two,two,s,Numbers,0
teeth,teeth,s,SenseObject,0
out,out,s,Negativity,0
a,a,s,Negativity,1
your,your,s,DirectAddress,0
mouth,mouth,s,SenseObject,0
for,for,s,,0
I,i,s,FirstPer,0
ha,ha,s,OralCues,0
but,but,s,Resistance,0
just,just,s,Intensity,0
20,20,c,Numbers,0
.,.,nnn,DirectAddress,0
And,and,s,DirectAddress,1
what,what,s,DirectAddress,0
of,of,s,DirectAddress,1
that,that,c,,0
?,?,nnn,Question,0
Mary,mary,s,PersonProperty,0
because,because,s,ReasonBackward,0
you,you,s,DirectAddress,0
will,will,s,PredictedFuture,0
ha,ha,s,OralCues,0
me,me,s,FirstPer,0
say,say,s,Citations,0
it,it,s,,0
just,just,s,Comparison,0
as,as,s,Comparison,1
you,you,s,DirectAddress,0
do,do,c,DirectAddress,1
",",",",s,,0
and,and,s,,0
that,that,s,,0
I,i,s,Insist,0
cannot,cannot,s,Insist,1
except,except,s,Exceptions,0
you,you,n,DirectAddress,0
and,and,s,,0
I,i,s,SelfDisclosure,0
have,have,s,SelfDisclosure,1
the,the,s,Resemblances,0
like,like,s,Resemblances,1
number,number,s,AbstractConcepts,0
of,of,s,,0
teeth,teeth,c,SenseObject,0
.,.,s,,0
I,i,c,FirstPer,0
",",",",s,,0
and,and,s,,0
I,i,s,FirstPer,0
Will,will,s,PredictedFuture,0
measure,measure,s,AbstractConcepts,0
your,your,s,DirectAddress,0
tongue,tongue,c,SenseObject,0
",",",",s,,0
that,that,s,,0
if,if,s,Contingency,0
it,it,n,Contingency,1
be,be,s,ReportingStates,0
longer,longer,s,Comparison,0
then,then,s,,0
mine,mine,s,FirstPer,0
it,it,s,Contingency,0
may,may,s,Contingency,1
be,be,s,Contingency,2
cut,cut,s,ReportingEvents,0
even,even,c,SubjectivePercept,0
:,:,s,,0
for,for,s,ReasonBackward,0
it,it,s,ReasonBackward,1
is,is,s,ReasonBackward,2
my,my,s,Responsibility,0
duty,duty,s,Responsibility,1
being,being,s,ReportingStates,0
a,a,s,ReportingStates,1
gardner,gardner,c,PersonProperty,0
",",",",s,,0
to,to,n,,0
do,do,s,Generalization,0
all,all,s,Generalization,1
b,b,c,,0
^,^,s,UNRECOGNIZED,0
line,line,s,SpaceRelation,0
and,and,s,,0
level,level,nnn,AbstractConcepts,0
That,that,s,Specifiers,0
Is,is,s,Specifiers,1
no,no,s,DenyDisclaim,0
matter,matter,c,DenyDisclaim,1
:,:,s,,0
so,so,s,ReasonForward,0
that,that,s,ReasonForward,1
you,you,s,ReasonForward,2
utter,utter,s,Negativity,0
the,the,s,,0
sillables,sillables,s,UNRECOGNIZED,0
full,full,s,,0
as,as,s,SelfDisclosure,0
I,i,s,SelfDisclosure,1
do,do,c,GenericEvents,0
.,.,nnn,GenericEvents,1
Yes,yes,s,DirectAddress,0
I,i,s,FirstPer,0
make,make,s,ReportingEvents,0
no,no,s,Confidence,0
question,question,c,Confidence,1
",",",",s,Concessive,0
though,though,s,Concessive,1
I,i,s,FirstPer,0
lack,lack,s,Negativity,0
a,a,s,Negativity,1
few,few,s,SubjectivePercept,0
teeth,teeth,s,SenseObject,0
but,but,s,Resistance,0
I,i,s,Contingency,0
can,can,s,Contingency,1
swallow,swallow,s,Motions,0
a,a,s,,0
sullebub,sullebub,n,UNRECOGNIZED,0
as,as,s,Comparison,0
full,full,s,Comparison,1
as,as,s,Comparison,2
you,you,nnn,DirectAddress,0
A,a,s,,0
sullebub,sullebub,c,UNRECOGNIZED,0
.,.,s,,0
I,i,s,FirstPer,0
did,did,s,DenyDisclaim,0
not,not,s,DenyDisclaim,1
speak,speak,s,Citations,0
of,of,s,Citations,1
a,a,s,,0
sullebub,sullebub,c,UNRECOGNIZED,0
.,.,nnn,,0
No,no,c,DenyDisclaim,0
?,?,s,Question,0
that,that,s,DirectAddress,0
you,you,s,DirectAddress,1
did,did,c,ReportingStates,0
.,.,s,ReportingStates,1
I,i,s,FirstPer,0
Will,will,s,PredictedFuture,0
be,be,s,PredictedFuture,1
judged,judged,s,CommonAuthorities,0
by,by,s,Generalization,0
all,all,s,Generalization,1
this,this,s,,0
company,company,c,AbstractConcepts,0
.,.,nnn,,0
No,no,s,DenyDisclaim,0
such,such,s,Intensity,0
matter,matter,c,AbstractConcepts,0
.,.,s,,0
I,i,s,FirstPer,0
said,said,s,Citations,0
you,you,s,Insist,0
must,must,s,Insist,1
observe,observe,s,ReportingEvents,0
every,every,s,Generalization,0
syllable,syllable,c,SenseObject,0
.,.,nnn,Imperative,0
Go,go,s,Imperative,1
too,too,s,,0
then,then,c,,0
*,*,s,,0
I,i,s,FirstPer,0
wool,wool,c,SenseObject,0
:,:,s,,0
up,up,s,,0
with,with,s,AbstractConcepts,0
it,it,s,AbstractConcepts,1
once,once,s,RecurringEvents,0
again,again,c,RecurringEvents,1
.,.,nnn,,0
Can,can,s,Contingency,0
thou,thou,s,DirectAddress,0
tell,tell,s,,0
what,what,s,,0
a,a,s,,0
syllable,syllable,s,SenseObject,0
is,is,c,ReportingStates,0
?,?,nnn,Question,0
No,no,c,OralCues,0
",",",",s,OralCues,1
not,not,s,DenyDisclaim,0
I,i,s,FirstPer,0
more,more,s,Comparison,0
then,then,s,,0
my,my,s,FirstPer,0
dog,dog,c,SenseObject,0
.,.,nnn,Future_Question,0
How,how,s,Future_Question,1
will,will,s,Future_Question,2
thou,thou,s,DirectAddress,0
observe,observe,s,ReportingEvents,0
them,them,s,,0
then,then,s,,0
if,if,s,Contingency,0
thou,thou,s,DirectAddress,0
know,know,s,Uncertainty,0
not,not,s,Uncertainty,1
a,a,s,,0
syllable,syllable,c,SenseObject,0
?,?,nnn,Question,0
Let,let,s,ReportingEvents,0
me,me,s,FirstPer,0
alone,alone,s,SpaceRelation,0
for,for,s,Specifiers,0
that,that,c,Specifiers,1
:,:,s,,0
I,i,s,FirstPer,0
Will,will,s,PredictedFuture,0
make,make,s,ReportingEvents,0
a,a,s,,0
shift,shift,c,Motions,0
.,.,s,DirectAddress,0
Do,do,s,DirectAddress,1
you,you,s,DirectAddress,2
say,say,s,DialogCues,0
the,the,s,DialogCues,1
word,word,c,DialogCues,2
",",",",s,,0
and,and,s,,0
if,if,s,Contingency,0
there,there,s,Contingency,1
be,be,n,Contingency,2
ere,ere,s,ProjectAhead,0
a,a,s,ProjectAhead,1
one,one,s,Numbers,0
there,there,c,SpaceRelation,0
",",",",s,SpaceRelation,1
I,i,s,FirstPer,0
Will,will,s,PredictedFuture,0
find,find,s,,0
him,him,s,PersonPronoun,0
I,i,s,FirstPer,0
warrant,warrant,s,CommonAuthorities,0
you,you,nnn,DirectAddress,0
Ere,ere,s,ProjectAhead,0
a,a,s,ProjectAhead,1
one,one,s,Numbers,0
there,there,s,,0
man,man,c,PersonProperty,0
?,?,s,Question,0
why,why,s,Question,0
the,the,s,Updates,0
word,word,s,Updates,1
is,is,s,Updates,2
framed,framed,s,ReportingStates,0
of,of,s,ReportingStates,1
many,many,s,,0
sillables,sillables,c,UNRECOGNIZED,0
.,.,nnn,,0
Very,very,s,StandardsPos,0
well,well,c,StandardsPos,1
:,:,s,Question,0
how,how,s,Question,1
shood,shood,s,UNRECOGNIZED,0
I,i,s,Sad,0
miss,miss,s,Sad,1
them,them,s,Sad,2
then,then,c,,0
?,?,s,Question,0
turn,turn,s,,0
me,me,s,FirstPer,0
loosse,loosse,c,UNRECOGNIZED,0
.,.,s,,0
I,i,s,FirstPer,0
Will,will,s,PredictedFuture,0
take,take,s,Responsibility,0
it,it,s,Responsibility,1
as,as,s,TimeShift,0
soon,soon,n,TimeShift,1
as,as,s,TimeShift,2
it,it,s,,0
peeps,peeps,s,Motions,0
out,out,s,,0
of,of,s,,0
thy,thy,s,DirectAddress,0
mouth,mouth,s,SenseObject,0
as,as,s,,0
parats,parats,s,UNRECOGNIZED,0
do,do,s,Intensity,0
bread,bread,s,SenseObject,0
and,and,s,SenseObject,1
butter,butter,nnn,SenseObject,2
Come,come,s,ReportingEvents,0
then,then,s,Sequence,0
mark,mark,s,Sequence,1
well,well,c,SenseObject,0
*,*,s,,0
His-to-ri-o-gra-phers,his-to-ri-o-gra-phers,c,UNRECOGNIZED,0
.,.,nnn,,0
I,i,s,FirstPer,0
Will,will,s,PredictedFuture,0
lay,lay,s,ReportingEvents,0
ten,ten,s,Numbers,0
pound,pound,s,Numbers,1
to,to,s,DenyDisclaim,0
nothing,nothing,c,DenyDisclaim,1
",",",",s,,0
I,i,s,FirstPer,0
Will,will,s,PredictedFuture,0
not,not,s,PredictedFuture,1
miss,miss,s,Negativity,0
a,a,s,Negativity,1
straws,straws,s,SenseObject,0
breadth,breadth,c,AbstractConcepts,0
",",",",n,,0
His-to-ri-o-gra-fers,his-to-ri-o-gra-fers,nnn,UNRECOGNIZED,0
That,that,s,Specifiers,0
Is,is,s,Specifiers,1
right,right,s,,0
indeed,indeed,c,Intensity,0
.,.,nnn,,0
Law,law,c,AbstractConcepts,0
",",",",s,,0
did,did,s,ReportingEvents,0
no,no,c,DenyDisclaim,0
^,^,s,UNRECOGNIZED,0
I,i,s,FirstPer,0
tell,tell,s,DirectAddress,0
you,you,s,DirectAddress,1
so,so,c,,0
?,?,s,Question,0
Nay,nay,s,OralCues,0
you,you,s,DirectAddress,0
never,never,s,DirectAddress,1
had,had,s,ProjectBack,0
an,an,s,,0
apter,apter,s,UNRECOGNIZED,0
scholar,scholar,s,CommonAuthorities,0
in,in,s,CommonAuthorities,1
your,your,s,DirectAddress,0
life,life,n,DirectAddress,1
then,then,s,Sequence,0
I,i,s,Sequence,1
am,am,c,FirstPer,0
:,:,s,,0
twool,twool,s,UNRECOGNIZED,0
do,do,s,DirectAddress,0
you,you,s,DirectAddress,1
good,good,s,StandardsPos,0
to,to,s,StandardsPos,1
teach,teach,s,ReportingEvents,0
me,me,nnn,FirstPer,0
I,i,s,SelfDisclosure,0
am,am,s,SelfDisclosure,1
glad,glad,s,Positivity,0
of,of,s,,0
it,it,c,,0
:,:,s,,0
this,this,s,ProjectBack,0
was,was,s,ProjectBack,1
soon,soon,s,ProjectAhead,0
learnt,learnt,s,StandardsPos,0
indeed,indeed,c,Intensity,0
:,:,s,,0
now,now,s,Immediacy,0
put,put,s,ReportingEvents,0
together,together,c,ReportingEvents,1
",",",",s,,0
and,and,s,,0
speak,speak,s,ReportingEvents,0
it,it,n,,0
short,short,s,SenseProperty,0
as,as,s,SelfDisclosure,0
I,i,s,SelfDisclosure,1
did,did,nnn,Question,0
I,i,s,Question,1
will,will,c,PredictedFuture,0
:,:,s,,0
but,but,s,Resistance,0
you,you,s,Reassure,0
need,need,s,Reassure,1
not,not,s,Reassure,2
doubt,doubt,s,Uncertainty,0
that,that,s,Uncertainty,1
it,it,s,,0
is,is,s,ReportingStates,0
safe,safe,c,StandardsPos,0
",",",",s,,0
and,and,s,,0
will,will,s,PredictedFuture,0
never,never,s,PredictedFuture,1
be,be,s,ReportingStates,0
lost,lost,c,ReportingStates,0
.,.,s,ReportingStates,1
But,but,s,Resistance,0
to,to,n,Resistance,1
satisfy,satisfy,s,StandardsPos,0
you,you,s,DirectAddress,0
I,i,s,Metadiscourse,0
Will,will,s,Metadiscourse,1
do,do,s,Metadiscourse,2
it,it,c,,0
",",",",s,,0
and,and,s,,0
that,that,s,,0
quickly,quickly,c,SubjectiveTime,0
",",",",s,,0
Histor-cockafurrs,histor-cockafurrs,nnn,UNRECOGNIZED,0
Whoo,whoo,c,UNRECOGNIZED,0
:,:,s,,0
the,the,s,Comparison,0
longer,longer,s,Comparison,1
the,the,s,Comparison,2
worse,worse,c,Negativity,0
.,.,nnn,ReportingStates,0
This,this,s,ReportingStates,1
is,is,s,ReportingStates,2
your,your,s,DirectAddress,0
faut,faut,c,,0
:,:,s,,0
that,that,s,,0
wood,wood,s,SenseObject,0
ha,ha,s,OralCues,0
me,me,s,FirstPer,0
say,say,s,Citations,0
it,it,s,,0
so,so,s,SubjectiveTime,0
fast,fast,c,SubjectiveTime,1
:,:,s,,0
and,and,s,,0
^,^,c,UNRECOGNIZED,0
is,is,s,Intensity,0
a,a,s,Intensity,1
very,very,s,Intensity,2
s^urvie,s^urvie,s,UNRECOGNIZED,0
word,word,n,LangRef,0
to,to,s,,0
hit,hit,c,ReportingStates,0
",",",",s,ReportingStates,1
except,except,s,Exceptions,0
a,a,s,Exceptions,1
man,man,s,PersonProperty,0
have,have,s,ReportingEvents,0
a,a,s,ReportingEvents,1
mouth,mouth,s,SenseObject,0
made,made,s,ReportingEvents,0
thereafter,thereafter,nnn,ProjectAhead,0
I,i,s,SelfDisclosure,0
think,think,s,SelfDisclosure,1
you,you,s,DirectAddress,0
are,are,s,DirectAddress,1
fasting,fasting,s,ReportingEvents,0
to,to,s,,0
day,day,c,TimeDuration,0
*,*,s,,0
and,and,s,,0
that,that,s,,0
hinders,hinders,s,Resistance,0
your,your,s,DirectAddress,0
speech,speech,c,DirectAddress,1
:,:,s,,0
go,go,s,ReportingEvents,0
play,play,s,ReportingEvents,0
and,and,n,,0
fill,fill,s,,0
your,your,s,DirectAddress,0
belly,belly,c,SenseObject,0
*,*,s,,0
and,and,s,,0
we,we,s,,0
will,will,s,PredictedFuture,0
at,at,s,RecurringEvents,0
it,it,s,RecurringEvents,1
again,again,s,RecurringEvents,2
soon,soon,nnn,ProjectAhead,0
Thanks,thanks,s,Acknowledge,0
gentle,gentle,s,Positivity,0
Master,master,c,PersonProperty,0
:,:,s,,0
and,and,s,,0
the,the,s,Sequence,0
next,next,s,Sequence,1
time,time,s,Sequence,2
you,you,s,DirectAddress,0
teach,teach,s,ReportingEvents,0
me,me,c,FirstPer,0
",",",",s,,0
we,we,s,Metadiscourse,0
will,will,s,Metadiscourse,1
do,do,s,Metadiscourse,2
it,it,s,,0
very,very,n,Intensity,0
closely,closely,s,Intensity,0
ant,ant,s,SenseObject,0
please,please,s,Positivity,0
you,you,c,DirectAddress,0
.,.,s,,0
For,for,s,,0
I,i,s,FirstPer,0
do,do,s,DenyDisclaim,0
not,not,s,DenyDisclaim,1
mean,mean,s,ProjectAhead,0
to,to,s,ProjectAhead,1
be,be,s,ReportingStates,0
very,very,s,Intensity,0
lavish,lavish,s,SenseProperty,0
of,of,s,SenseProperty,1
my,my,s,FirstPer,0
learning,learning,c,Curiosity,0
",",",",n,,0
when,when,s,Question,0
it,it,s,Question,1
shall,shall,s,ProjectAhead,0
be,be,s,ProjectAhead,1
at,at,s,SpaceRelation,0
the,the,s,SpaceRelation,1
biggest,biggest,s,Comparison,0
in,in,s,DenyDisclaim,0
no,no,s,DenyDisclaim,1
company,company,s,AbstractConcepts,0
but,but,s,Resistance,0
yours,yours,nnn,DirectAddress,0
So,so,s,DirectAddress,1
do,do,s,Generalization,0
all,all,s,Generalization,1
cunning,cunning,s,Negativity,0
folks,folks,c,PersonProperty,0
:,:,s,,0
be,be,s,ReportingStates,0
dainty,dainty,s,PersonProperty,0
of,of,s,DirectAddress,0
your,your,s,DirectAddress,1
skill,skill,c,StandardsPos,0
*,*,s,,0
or,or,s,Contingency,0
else,else,s,Contingency,1
you,you,s,Insist,0
shall,shall,s,Insist,1
never,never,n,Confidence,0
be,be,s,Confidence,1
entreated,entreated,s,Request,0
at,at,s,Sequence,0
first,first,c,Sequence,1
",",",",s,,0
nor,nor,s,DenyDisclaim,0
thanked,thanked,s,Acknowledge,0
at,at,s,SubjectiveTime,0
last,last,nnn,SubjectiveTime,1
Hortano,hortano,c,UNRECOGNIZED,0
:,:,s,,0
^,^,c,UNRECOGNIZED,0
ou,ou,s,UNRECOGNIZED,0
have,have,s,ProjectBack,0
been,been,s,ProjectBack,1
a,a,s,Intensity,0
great,great,s,Intensity,1
while,while,s,TimeDuration,0
prating,prating,s,Negativity,0
with,with,s,Specifiers,0
that,that,s,Specifiers,1
pricking,pricking,s,Negativity,0
fellow,fellow,s,PersonProperty,0
and,and,n,,0
make,make,s,ReportingEvents,0
no,no,s,DenyDisclaim,0
reckning,reckning,s,UNRECOGNIZED,0
of,of,s,,0
my,my,s,FirstPer,0
neighbor,neighbor,s,PersonProperty,0
Rustico,rustico,s,UNRECOGNIZED,0
and,and,s,,0
m,m,c,LangRef,0
^,^,c,UNRECOGNIZED,0
*,*,s,,0
Belike,belike,s,Contingency,0
you,you,s,DirectAddress,0
think,think,s,DirectAddress,1
to,to,s,,0
ingrosse,ingrosse,n,UNRECOGNIZED,0
the,the,s,,0
honor,honor,s,StandardsPos,0
of,of,s,,0
the,the,s,,0
wholle,wholle,s,UNRECOGNIZED,0
business,business,s,AbstractConcepts,0
to,to,s,DirectAddress,0
your,your,s,DirectAddress,1
selves,selves,c,SubjectivePercept,0
.,.,s,Resistance,0
But,but,s,Resistance,1
I,i,s,FirstPer,0
tell,tell,s,DirectAddress,0
you,you,s,DirectAddress,1
plainly,plainly,c,Confidence,0
",",",",s,,0
if,if,n,Contingency,0
you,you,s,DirectAddress,0
have,have,s,DirectAddress,1
termind,termind,s,UNRECOGNIZED,0
to,to,s,,0
put,put,s,Narrative_Verbs,0
the,the,s,Narrative_Verbs,1
Holidaies,holidaies,s,UNRECOGNIZED,0
down,down,s,DirectAddress,0
you,you,s,DirectAddress,1
shall,shall,s,ProjectAhead,0
not,not,s,ProjectAhead,1
cosen,cosen,s,UNRECOGNIZED,0
us,us,s,Inclusive,0
so,so,c,,0
:,:,s,,0
for,for,s,,0
it,it,n,ProjectAhead,0
shall,shall,s,ProjectAhead,1
be,be,s,ProjectAhead,2
well,well,s,PriorKnowledge,0
known,known,s,PriorKnowledge,1
that,that,s,,0
I,i,s,FirstPer,0
helped,helped,s,Positivity,0
to,to,s,Positivity,1
knock,knock,s,Motions,0
vm,vm,s,UNRECOGNIZED,0
down,down,s,,0
as,as,s,Comparison,0
much,much,s,Comparison,1
as,as,s,Comparison,2
any,any,s,,0
man,man,s,PersonProperty,0
in,in,s,SpaceRelation,0
the,the,n,SpaceRelation,1
parish,parish,c,SpaceRelation,2
:,:,s,,0
and,and,s,,0
that,that,s,,0
I,i,s,FirstPer,0
gave,gave,s,Narrative_Verbs,0
the,the,s,Narrative_Verbs,1
hottest,hottest,s,Comparison,0
stroke,stroke,s,Motions,0
about,about,s,,0
it,it,nn,,0
Sir,sir,s,PersonProperty,0
you,you,s,DirectAddress,0
are,are,s,DirectAddress,1
much,much,s,Intensity,0
mistaken,mistaken,c,StandardsNeg,0
.,.,s,,0
The,the,s,,0
Tailer,tailer,s,UNRECOGNIZED,0
is,is,s,ReportingStates,0
an,an,s,ReportingStates,1
honest,honest,s,StandardsPos,0
man,man,c,StandardsPos,1
",",",",s,,0
and,and,s,,0
a,a,s,Confidence,0
true,true,s,Confidence,1
man,man,c,PersonProperty,0
",",",",n,,0
(,(,c,,0
although,although,s,Concessive,0
it,it,s,Contingency,0
be,be,s,Contingency,1
impossible,impossible,c,StandardsNeg,0
),),s,,0
and,and,s,,0
we,we,s,ReportingStates,0
are,are,s,ReportingStates,1
fully,fully,s,MatureProcess,0
agreed,agreed,s,,0
they,they,s,,0
shall,shall,s,ProjectAhead,0
stand,stand,c,AbstractConcepts,0
",",",",s,,0
and,and,s,,0
be,be,n,ReportingStates,0
kept,kept,s,TimeDuration,0
as,as,s,,0
holy,holy,s,StandardsPos,0
as,as,s,TimeDuration,0
they,they,s,TimeDuration,1
were,were,s,ProjectBack,0
the,the,s,Sequence,0
last,last,s,Sequence,1
year,year,nnn,Sequence,2
Are,are,s,DirectAddress,0
you,you,s,DirectAddress,1
so,so,s,,0
Sir,sir,c,PersonProperty,0
?,?,s,Question,0
you,you,s,DirectAddress,0
are,are,s,DirectAddress,1
but,but,s,Resistance,0
a,a,s,,0
treacherous,treacherous,s,Anger,0
fellow,fellow,s,PersonProperty,0
for,for,s,DirectAddress,0
your,your,s,DirectAddress,1
labor,labor,c,AbstractConcepts,0
",",",",s,,0
and,and,s,,0
a,a,s,Negative_Relation,0
coward,coward,n,Negative_Relation,1
too,too,c,,0
:,:,s,,0
for,for,s,,0
I,i,s,FirstPer,0
warrant,warrant,s,CommonAuthorities,0
thou,thou,s,DirectAddress,0
had,had,s,Disclosure,0
rather,rather,s,Disclosure,1
be,be,s,SpaceRelation,0
at,at,s,SpaceRelation,1
a,a,s,Positivity,0
good,good,s,Positivity,1
dinner,dinner,s,AbstractConcepts,0
then,then,s,,0
a,a,s,Resistance,0
battle,battle,c,Resistance,1
:,:,s,,0
were,were,n,ProjectBack,0
not,not,s,DenyDisclaim,0
we,we,s,,0
two,two,s,Numbers,0
worthy,worthy,s,StandardsPos,0
to,to,s,GenericEvents,0
be,be,s,GenericEvents,1
of,of,s,,0
the,the,s,,0
council,council,c,CommonAuthorities,0
?,?,s,Question,0
Well,well,c,SenseObject,0
;,;,s,,0
I,i,s,FirstPer,0
Will,will,s,PredictedFuture,0
be,be,s,PredictedFuture,1
even,even,s,Comparison,0
with,with,s,Comparison,1
thee,thee,s,DirectAddress,0
for,for,n,,0
this,this,s,,0
trick,trick,c,SubjectivePercept,0
*,*,s,,0
I,i,s,FirstPer,0
Will,will,s,PredictedFuture,0
swear,swear,c,Intensity,0
",",",",s,,0
I,i,s,FirstPer,0
Will,will,s,PredictedFuture,0
not,not,s,PredictedFuture,1
say,say,s,Citations,0
a,a,s,Citations,1
prayer,prayer,s,CommonAuthorities,0
this,this,s,,0
twelue-month,twelue-month,s,UNRECOGNIZED,0
upon,upon,s,,0
any,any,n,,0
holidaie,holidaie,s,UNRECOGNIZED,0
that,that,s,,0
shall,shall,s,ProjectAhead,0
do,do,s,Intensity,0
any,any,s,,0
living,living,s,,0
creature,creature,s,SenseObject,0
good,good,nnn,,0
What,what,s,,0
a,a,s,,0
villain,villain,s,Negativity,0
is,is,s,ReportingStates,0
this,this,c,,0
?,?,s,Question,0
then,then,s,,0
thou,thou,s,DirectAddress,0
will,will,s,PredictedFuture,0
not,not,s,PredictedFuture,1
pray,pray,s,Intensity,0
for,for,s,Intensity,1
thy,thy,s,DirectAddress,0
self,self,c,SubjectivePercept,0
?,?,nnn,Question,0
No,no,c,OralCues,0
",",",",s,OralCues,1
goodman,goodman,s,PersonProperty,0
woodcocke,woodcocke,c,UNRECOGNIZED,0
?,?,s,Question,0
as,as,s,SubjectivePercept,0
though,though,s,SubjectivePercept,1
I,i,s,FirstPer,0
were,were,s,ProjectBack,0
a,a,s,Immediacy,0
living,living,s,Immediacy,1
creature,creature,c,SenseObject,0
.,.,nnn,,0
Yes,yes,c,DirectAddress,0
;,;,s,,0
a,a,s,PersonProperty,0
man,man,s,PersonProperty,1
would,would,s,ReceivedPOV,0
think,think,s,ReceivedPOV,1
so,so,c,,0
;,;,s,,0
art,art,s,AbstractConcepts,0
thou,thou,s,DirectAddress,0
not,not,c,DenyDisclaim,0
?,?,nnn,Question,0
No,no,s,DenyDisclaim,0
that,that,s,,0
I,i,s,SelfDisclosure,0
am,am,s,SelfDisclosure,1
not,not,c,DenyDisclaim,0
.,.,s,DirectAddress,0
And,and,s,DirectAddress,1
I,i,s,Metadiscourse,0
Will,will,s,Metadiscourse,1
prove,prove,s,Metadiscourse,2
it,it,s,,0
by,by,s,,0
an,an,s,,0
argumen,argumen,c,UNRECOGNIZED,0
",",",",s,,0
and,and,s,,0
a,a,s,,0
sluttegim,sluttegim,s,UNRECOGNIZED,0
too,too,c,Metadiscourse,0
.,.,s,Metadiscourse,1
I,i,s,FirstPer,0
tell,tell,n,,0
thee,thee,c,DirectAddress,0
",",",",s,,0
I,i,s,Contingency,0
can,can,s,Contingency,1
chop,chop,s,StandardsNeg,0
Logic,logic,s,StandardsNeg,1
an,an,s,,0
I,i,s,FirstPer,0
list,list,c,,0
.,.,s,,0
I,i,s,Contingency,0
can,can,s,Contingency,1
prove,prove,s,Confidence,0
thee,thee,s,DirectAddress,0
an,an,s,,0
Ass,ass,c,Negativity,0
",",",",s,,0
or,or,s,,0
any,any,s,,0
such,such,s,Intensity,0
h^rne,h^rne,n,UNRECOGNIZED,0
beast,beast,s,Negativity,0
with,with,s,Specifiers,0
a,a,s,Specifiers,1
trice,trice,s,TimeDuration,0
I,i,s,FirstPer,0
learnt,learnt,s,StandardsPos,0
it,it,s,,0
at,at,s,,0
Sturbridge,sturbridge,s,UNRECOGNIZED,0
fair,fair,c,StandardsPos,0
",",",",s,,0
the,the,s,TimeDuration,0
while,while,s,TimeDuration,1
I,i,s,Autobio,0
was,was,s,Autobio,1
selling,selling,n,GenericEvents,0
hobnailes,hobnailes,c,UNRECOGNIZED,0
:,:,s,,0
there,there,s,ProjectBack,0
was,was,s,ProjectBack,1
such,such,s,Intensity,0
argenication,argenication,s,UNRECOGNIZED,0
among,among,s,,0
the,the,s,,0
scholars,scholars,s,StandardsPos,0
there,there,c,SpaceRelation,0
",",",",s,SpaceRelation,1
whether,whether,s,Contingency,0
my,my,n,FirstPer,0
nag,nag,s,Negative_Relation,0
which,which,s,,0
I,i,s,FirstPer,0
gelt,gelt,s,AbstractConcepts,0
the,the,s,TimeDuration,0
year,year,s,TimeDuration,1
before,before,s,TimeDuration,2
were,were,s,ProjectBack,0
now,now,s,Updates,0
a,a,s,Updates,1
horse,horse,s,SenseObject,0
or,or,s,,0
no,no,c,DenyDisclaim,0
*,*,s,,0
I,i,s,FirstPer,0
set,set,s,ReportingEvents,0
um,um,s,OralCues,0
all,all,s,SubjectivePercept,0
one,one,s,SubjectivePercept,1
such,such,n,Specifiers,0
a,a,s,Specifiers,1
froth,froth,s,SenseObject,0
with,with,s,,0
spouting,spouting,s,ReportingEvents,0
one,one,s,Numbers,0
against,against,s,Resistance,0
the,the,s,Resistance,1
the,the,s,Specifiers,0
other,other,c,Specifiers,1
",",",",s,Specifiers,2
that,that,s,,0
some,some,s,Specifiers,0
of,of,s,Specifiers,1
the,the,s,Specifiers,2
slauer,slauer,s,UNRECOGNIZED,0
lighted,lighted,n,ReportingEvents,0
on,on,s,SpaceRelation,0
my,my,s,SpaceRelation,1
face,face,c,SpaceRelation,2
",",",",s,,0
and,and,s,Resistance,0
yet,yet,s,Resistance,1
I,i,s,Autobio,0
had,had,s,Autobio,1
my,my,s,FirstPer,0
nag,nag,s,Negative_Relation,0
between,between,s,,0
them,them,s,,0
and,and,s,,0
me,me,s,FirstPer,0
for,for,s,Fear,0
fear,fear,s,Fear,1
they,they,s,Biographical_Time,0
would,would,n,Biographical_Time,1
fight,fight,c,Resistance,0
",",",",s,,0
and,and,s,,0
pull,pull,s,,0
me,me,s,FirstPer,0
under,under,s,,0
their,their,s,PersonPronoun,0
feet,feet,c,SenseObject,0
.,.,s,Resistance,0
But,but,s,Resistance,1
an,an,s,,0
they,they,s,ProjectBack,0
had,had,s,ProjectBack,1
fought,fought,s,Resistance,0
I,i,s,Autobio,0
never,never,s,Autobio,1
meant,meant,s,ProjectAhead,0
to,to,n,ProjectAhead,1
part,part,s,,0
um,um,c,OralCues,0
.,.,s,,0
To,to,s,GenericEvents,0
be,be,s,GenericEvents,1
shor,shor,c,UNRECOGNIZED,0
^,^,c,UNRECOGNIZED,0
*,*,s,,0
with,with,s,,0
gaping,gaping,s,Motions,0
upon,upon,s,Immediacy,0
them,them,c,Immediacy,1
",",",",s,,0
I,i,s,FirstPer,0
swallowed,swallowed,s,ReportingEvents,0
so,so,s,Intensity,0
much,much,s,Intensity,1
Logic,logic,s,AbstractConcepts,0
as,as,n,,0
will,will,s,PredictedFuture,0
serve,serve,s,ReportingEvents,0
me,me,s,FirstPer,0
the,the,s,,0
longest,longest,s,Comparison,0
day,day,s,TimeDuration,0
of,of,s,,0
my,my,s,Autobio,0
life,life,c,Autobio,1
*,*,s,,0
And,and,s,Immediacy,0
now,now,s,Immediacy,1
I,i,s,FirstPer,0
Will,will,s,PredictedFuture,0
practice,practice,s,Curiosity,0
upon,upon,s,Curiosity,1
thee,thee,s,DirectAddress,0
to,to,n,,0
prove,prove,s,Confidence,0
my,my,s,FirstPer,0
self,self,s,SubjectivePercept,0
no,no,s,DenyDisclaim,0
living,living,s,,0
creature,creature,nnn,SenseObject,0
What,what,s,,0
a,a,s,,0
goose,goose,s,SenseObject,0
art,art,s,AbstractConcepts,0
thou,thou,c,DirectAddress,0
?,?,s,Question,0
Is,is,s,Question,0
it,it,s,Question,1
possible,possible,s,Contingency,0
thou,thou,s,DirectAddress,0
can,can,s,Contingency,0
speak,speak,c,ReportingEvents,0
",",",",s,,0
and,and,s,Resistance,0
yet,yet,s,Resistance,1
be,be,s,ReportingStates,0
no,no,s,DenyDisclaim,0
living,living,n,,0
creature,creature,c,SenseObject,0
?,?,s,Question,0
prove,prove,s,Confidence,0
this,this,s,,0
and,and,s,,0
prove,prove,s,Confidence,0
anything,anything,nnn,Specifiers,0
I,i,s,Metadiscourse,0
will,will,s,Metadiscourse,1
prove,prove,s,Metadiscourse,2
this,this,c,,0
*,*,s,,0
and,and,s,,0
I,i,s,Metadiscourse,0
will,will,s,Metadiscourse,1
prove,prove,s,Metadiscourse,2
any,any,s,Specifiers,0
thing,thing,s,Specifiers,1
by,by,s,,0
Logic,logic,c,AbstractConcepts,0
:,:,s,Question,0
what,what,s,Question,1
a,a,s,,0
maime,maime,s,UNRECOGNIZED,0
it,it,s,,0
is,is,n,ProjectAhead,0
for,for,s,ProjectAhead,1
a,a,s,ProjectAhead,2
man,man,s,PersonProperty,0
to,to,s,GenericEvents,0
be,be,s,GenericEvents,1
ignorant,ignorant,s,StandardsNeg,0
of,of,s,,0
the,the,s,,0
virtue,virtue,s,StandardsPos,0
and,and,s,,0
power,power,s,AbstractConcepts,0
of,of,s,AbstractConcepts,1
Logic,logic,c,AbstractConcepts,0
.,.,s,,0
I,i,s,FirstPer,0
pity,pity,s,Sad,0
thee,thee,c,DirectAddress,0
",",",",n,,0
and,and,s,Generalization,0
all,all,s,Generalization,1
such,such,s,Specifiers,0
as,as,s,Specifiers,1
be,be,s,ReportingStates,0
unlearned,unlearned,s,PrivateThinking,0
like,like,s,SubjectivePercept,0
thy,thy,s,DirectAddress,0
self,self,c,SubjectivePercept,0
.,.,s,Question,0
Why,why,s,Question,1
man,man,c,PersonProperty,0
:,:,s,,0
I,i,s,Metadiscourse,0
will,will,s,Metadiscourse,1
prove,prove,s,Metadiscourse,2
by,by,s,,0
Logic,logic,n,AbstractConcepts,0
that,that,s,,0
he,he,s,PersonPronoun,0
which,which,s,,0
was,was,s,ProjectBack,0
the,the,s,ProjectBack,1
last,last,s,TimeDuration,0
year,year,s,TimeDuration,1
an,an,c,,0
^,^,s,UNRECOGNIZED,0
yet,yet,s,Resistance,0
lives,lives,c,,0
",",",",s,,0
is,is,s,DenyDisclaim,0
not,not,nnn,DenyDisclaim,1
That,that,s,,0
were,were,s,ProjectBack,0
strange,strange,c,SubjectivePercept,0
.,.,s,Question,0
How,how,c,Question,1
?,?,s,Question,0
He,he,s,CommonAuthorities,0
that,that,s,CommonAuthorities,1
was,was,s,ProjectBack,0
the,the,s,ProjectBack,1
last,last,s,TimeDuration,0
year,year,s,TimeDuration,1
and,and,s,Resistance,0
yet,yet,s,Resistance,1
lives,lives,c,,0
",",",",s,,0
is,is,s,DenyDisclaim,0
not,not,c,DenyDisclaim,1
.,.,s,,0
I,i,n,Insist,0
cannot,cannot,s,Insist,1
devise,devise,s,PrivateThinking,0
how,how,s,Curiosity,0
this,this,s,Curiosity,1
should,should,s,Insist,0
be,be,c,ReportingStates,0
:,:,s,,0
for,for,s,Contingency,0
if,if,s,Contingency,1
he,he,s,PersonPronoun,0
live,live,c,,0
",",",",s,,0
how,how,s,Curiosity,0
can,can,s,Curiosity,1
he,he,s,PersonPronoun,0
choose,choose,s,ReportingEvents,0
but,but,s,Resistance,0
have,have,s,Resistance,1
a,a,n,Resistance,2
being,being,nnn,ReportingStates,0
Now,now,s,Immediacy,0
it,it,s,ProjectAhead,0
shall,shall,s,ProjectAhead,1
appear,appear,s,SubjectivePercept,0
how,how,s,,0
short,short,s,SenseProperty,0
you,you,s,DirectAddress,0
are,are,s,DirectAddress,1
with,with,s,,0
want,want,s,ProjectAhead,0
of,of,s,,0
Logic,logic,c,AbstractConcepts,0
.,.,s,Resistance,0
But,but,s,Resistance,1
I,i,s,FirstPer,0
Will,will,s,PredictedFuture,0
teach,teach,n,ReportingEvents,0
thee,thee,s,DirectAddress,0
a,a,s,SubjectivePercept,0
little,little,c,SubjectivePercept,1
.,.,s,SubjectivePercept,2
He,he,s,CommonAuthorities,0
that,that,s,CommonAuthorities,1
was,was,s,ProjectBack,0
the,the,s,ProjectBack,1
last,last,s,TimeDuration,0
year,year,s,TimeDuration,1
(,(,c,,0
yea,yea,s,OralCues,0
and,and,s,,0
the,the,s,Sequence,0
last,last,s,Sequence,1
week,week,c,Sequence,2
),),s,,0
an,an,s,,0
honest,honest,n,StandardsPos,0
man,man,c,StandardsPos,1
",",",",s,,0
an,an,c,,0
^,^,s,UNRECOGNIZED,0
yet,yet,s,Resistance,0
lives,lives,c,,0
",",",",s,,0
is,is,s,DenyDisclaim,0
not,not,s,DenyDisclaim,1
now,now,s,Updates,0
an,an,s,Updates,1
honest,honest,s,StandardsPos,0
man,man,nnn,StandardsPos,1
This,this,s,Uncertainty,0
may,may,s,Uncertainty,1
be,be,c,ReportingStates,0
.,.,s,,0
For,for,s,,0
I,i,s,SelfDisclosure,0
have,have,s,SelfDisclosure,1
heard,heard,s,Updates,0
an,an,s,,0
old,old,s,CommonAuthorities,0
saying,saying,s,CommonAuthorities,1
(,(,c,Aside,0
and,and,s,Aside,1
I,i,s,SelfDisclosure,0
think,think,s,SelfDisclosure,1
it,it,s,Contingency,0
be,be,s,Contingency,1
true,true,c,StandardsPos,0
),),s,,0
that,that,s,,0
a,a,n,PersonProperty,0
man,man,s,PersonProperty,1
may,may,s,Contingency,0
as,as,s,SubjectiveTime,0
soon,soon,s,SubjectiveTime,1
depart,depart,s,SceneShift,0
with,with,s,SceneShift,1
his,his,s,PersonPronoun,0
honesty,honesty,c,StandardsPos,0
",",",",s,,0
as,as,s,Specifiers,0
with,with,s,Specifiers,1
any,any,s,Specifiers,0
thing,thing,s,Specifiers,1
he,he,s,Neutral_Attribution,0
has,has,nnn,Neutral_Attribution,1
So,so,s,,0
then,then,c,TimeShift,0
.,.,s,TimeShift,1
Do,do,s,DenyDisclaim,0
not,not,c,DenyDisclaim,1
*,*,s,,0
thou,thou,s,DirectAddress,0
think,think,s,PrivateThinking,0
now,now,c,Updates,0
",",",",s,Updates,1
that,that,s,,0
I,i,s,SelfDisclosure,0
am,am,s,SelfDisclosure,1
as,as,s,,0
well,well,s,SenseObject,0
able,able,s,StandardsPos,0
to,to,s,StandardsPos,1
prove,prove,s,Confidence,0
my,my,s,FirstPer,0
self,self,n,SubjectivePercept,0
no,no,s,DenyDisclaim,0
living,living,s,,0
creature,creature,nnn,SenseObject,0
I,i,s,Self_Promise,0
promise,promise,s,Self_Promise,1
you,you,s,Self_Promise,2
I,i,s,SelfDisclosure,0
am,am,s,SelfDisclosure,1
in,in,s,Uncertainty,0
some,some,s,Uncertainty,1
doubt,doubt,s,Uncertainty,2
of,of,s,,0
it,it,s,,0
now,now,c,Immediacy,0
:,:,s,,0
go,go,s,ReportingEvents,0
on,on,c,ReportingEvents,1
.,.,nnn,,0
Every,every,s,Intensity,0
living,living,s,Intensity,1
creature,creature,s,Intensity,2
loves,loves,s,Positivity,0
some,some,s,Specifiers,0
other,other,s,Specifiers,1
creature,creature,c,SenseObject,0
.,.,s,Resistance,0
But,but,s,Resistance,1
I,i,s,FirstPer,0
love,love,s,Positivity,0
no,no,s,Exceptions,0
other,other,s,Exceptions,1
creature,creature,c,SenseObject,0
.,.,n,,0
Ergo,ergo,s,ReasonForward,0
I,i,s,SelfDisclosure,0
am,am,s,SelfDisclosure,1
no,no,s,DenyDisclaim,0
living,living,s,,0
creature,creature,c,SenseObject,0
.,.,s,,0
Now,now,s,Immediacy,0
Hortano,hortano,s,UNRECOGNIZED,0
take,take,s,ReportingEvents,0
all,all,s,Generalization,0
the,the,s,Generalization,1
herbs,herbs,s,SenseObject,0
of,of,s,,0
thy,thy,s,DirectAddress,0
garden,garden,s,SenseObject,0
and,and,n,Updates,0
still,still,s,Updates,1
their,their,s,PersonPronoun,0
water,water,s,SenseObject,0
to,to,s,,0
powder,powder,c,SenseObject,0
",",",",s,,0
thou,thou,s,DirectAddress,0
can,can,s,Contingency,0
never,never,s,DenyDisclaim,0
wash,wash,s,Motions,0
out,out,s,Negativity,0
the,the,s,Negativity,1
strength,strength,s,StandardsPos,0
of,of,s,StandardsPos,1
this,this,n,,0
^,^,c,UNRECOGNIZED,0
rgomen,rgomen,c,UNRECOGNIZED,0
*,*,s,,0
I,i,s,FirstPer,0
make,make,s,StandardsPos,0
it,it,s,StandardsPos,1
just,just,s,StandardsPos,2
as,as,s,TimeDuration,0
they,they,s,TimeDuration,1
did,did,s,Narrative_Verbs,0
theirs,theirs,s,Narrative_Verbs,1
at,at,s,,0
Cambridg,cambridg,c,UNRECOGNIZED,0
^,^,s,UNRECOGNIZED,0
about,about,s,FirstPer,0
my,my,s,FirstPer,1
nag,nag,c,Negative_Relation,0
.,.,s,,0
I,i,n,Autobio,0
remember,remember,s,Autobio,1
the,the,s,LangRef,0
words,words,c,LangRef,1
",",",",s,,0
and,and,s,,0
shall,shall,s,ProjectAhead,0
do,do,s,ReportingEvents,0
as,as,s,ReportingEvents,1
long,long,s,SenseProperty,0
as,as,s,,0
my,my,s,FirstPer,0
nag,nag,s,Negative_Relation,0
lives,lives,c,,0
.,.,s,,0
For,for,s,,0
one,one,s,Specifiers,0
of,of,s,Specifiers,1
them,them,n,Specifiers,2
spouted,spouted,s,ReportingEvents,0
thus,thus,c,ReasonForward,0
.,.,s,,0
Every,every,s,Generalization,0
horse,horse,s,SenseObject,0
has,has,s,,0
stones,stones,c,SenseObject,0
:,:,s,,0
but,but,s,Resistance,0
this,this,s,,0
beast,beast,s,Negativity,0
has,has,s,,0
no,no,s,DenyDisclaim,0
stones,stones,c,SenseObject,0
;,;,s,,0
Ergo,ergo,s,ReasonForward,0
he,he,n,Updates,0
is,is,s,Updates,1
no,no,s,DenyDisclaim,0
horse,horse,c,SenseObject,0
.,.,s,DirectAddress,0
And,and,s,DirectAddress,1
I,i,s,FirstPer,0
clapped,clapped,s,Motions,0
him,him,s,PersonPronoun,0
on,on,s,,0
the,the,s,SpaceRelation,0
back,back,s,SpaceRelation,1
and,and,s,,0
told,told,s,Citations,0
him,him,s,Citations,1
that,that,s,Citations,2
he,he,s,Citations,0
spoke,spoke,s,Citations,1
truth,truth,c,StandardsPos,0
.,.,n,,0
For,for,s,,0
I,i,s,FirstPer,0
gelt,gelt,s,AbstractConcepts,0
him,him,s,PersonPronoun,0
the,the,s,Sequence,0
last,last,s,Sequence,1
year,year,c,Sequence,2
",",",",s,,0
and,and,s,,0
eat,eat,s,ReportingEvents,0
his,his,s,PersonPronoun,0
stones,stones,s,SenseObject,0
to,to,s,SelfDisclosure,0
my,my,s,SelfDisclosure,1
breakfast,breakfast,c,AbstractConcepts,0
.,.,s,Resistance,0
But,but,s,Resistance,1
I,i,s,Autobio,0
had,had,n,Autobio,1
like,like,s,SubjectivePercept,0
to,to,s,SubjectivePercept,1
have,have,s,SubjectivePercept,2
marred,marred,s,Negativity,0
all,all,s,,0
by,by,s,,0
saying,saying,s,Citations,0
so,so,c,Intensity,0
.,.,s,Intensity,1
For,for,s,ReasonBackward,0
there,there,s,ReasonBackward,1
was,was,s,ProjectBack,0
a,a,s,ProjectBack,1
nimble-headed,nimble-headed,s,StandardsPos,0
Scholar,scholar,n,StandardsPos,0
that,that,s,,0
stood,stood,s,SubjectiveTime,0
by,by,c,SubjectiveTime,1
",",",",s,,0
(,(,c,Aside,0
and,and,s,Aside,1
yet,yet,s,Resistance,0
had,had,s,ProjectBack,0
nothing,nothing,s,ProjectBack,1
to,to,s,ProjectBack,2
do,do,s,ProjectBack,3
with,with,s,ProjectBack,4
the,the,s,Curiosity,0
question,question,c,Curiosity,1
),),s,,0
went,went,s,ReportingEvents,0
about,about,s,ReportingEvents,1
to,to,n,,0
prove,prove,s,Confidence,0
me,me,s,FirstPer,0
a,a,s,SenseObject,0
horse,horse,c,SenseObject,1
",",",",s,,0
and,and,s,,0
thus,thus,s,ReasonForward,0
he,he,s,PersonPronoun,0
began,began,c,Sequence,0
.,.,s,,0
Every,every,s,Generalization,0
living,living,s,,0
beast,beast,c,Negativity,0
",",",",s,,0
or,or,s,,0
Animal,animal,c,Specifiers,0
",",",",s,,0
that,that,s,,0
has,has,n,,0
in,in,s,,0
him,him,s,PersonPronoun,0
horse,horse,s,SenseObject,0
stones,stones,c,SenseObject,0
",",",",s,ReportingStates,0
is,is,s,ReportingStates,1
a,a,s,ReportingStates,2
horse,horse,c,SenseObject,0
.,.,s,Resistance,0
But,but,s,Resistance,1
this,this,s,,0
Animal,animal,c,Specifiers,0
",",",",s,,0
(,(,c,,0
meaning,meaning,s,LangRef,0
me,me,c,FirstPer,0
),),s,,0
has,has,s,,0
horse,horse,n,SenseObject,0
stones,stones,s,SenseObject,0
in,in,s,,0
him,him,c,PersonPronoun,0
",",",",s,,0
Ergo,ergo,s,ReasonForward,0
he,he,s,Neutral_Attribution,0
is,is,s,Neutral_Attribution,1
a,a,s,Neutral_Attribution,2
horse,horse,c,SenseObject,0
.,.,s,,0
I,i,s,Autobio,0
was,was,s,Autobio,1
stricken,stricken,s,Negativity,0
in,in,s,Specifiers,0
such,such,s,Specifiers,1
a,a,s,Specifiers,2
maze,maze,s,Uncertainty,0
(,(,c,,0
knowing,knowing,s,Confidence,0
that,that,s,Confidence,1
I,i,n,FirstPer,0
did,did,s,ReportingEvents,0
eat,eat,s,ReportingEvents,0
the,the,s,SenseObject,0
horse,horse,s,SenseObject,1
stones,stones,c,SenseObject,0
),),s,,0
that,that,s,,0
I,i,s,OralCues,0
was,was,s,OralCues,1
like,like,s,OralCues,2
to,to,s,,0
sink,sink,s,Motions,0
where,where,s,,0
I,i,s,FirstPer,0
stood,stood,c,ReportingStates,0
",",",",s,ReportingStates,1
and,and,s,,0
even,even,n,SubjectivePercept,0
presently,presently,s,TimeShift,0
to,to,s,,0
congeale,congeale,s,UNRECOGNIZED,0
into,into,s,Transformation,0
a,a,s,Transformation,1
horse,horse,c,SenseObject,0
.,.,s,Resistance,0
But,but,s,Resistance,1
there,there,s,ProjectBack,0
was,was,s,ProjectBack,1
by,by,s,Contingency,0
chance,chance,s,Contingency,1
an,an,s,,0
honest,honest,s,StandardsPos,0
Scholar,scholar,n,StandardsPos,0
by,by,c,,0
",",",",s,,0
who,who,s,,0
saw,saw,s,,0
my,my,s,FirstPer,0
color,color,s,AbstractConcepts,0
quite,quite,s,Intensity,0
gone,gone,c,ReportingStates,0
",",",",s,ReportingStates,1
took,took,s,Negativity,0
pity,pity,s,Negativity,1
on,on,s,Negativity,2
me,me,c,FirstPer,0
",",",",s,,0
and,and,s,,0
bade,bade,s,ReportingEvents,0
me,me,s,FirstPer,0
be,be,s,ReportingStates,0
of,of,s,StandardsPos,0
good,good,n,StandardsPos,1
cheer,cheer,c,StandardsPos,2
",",",",s,,0
I,i,s,FirstPer,0
shood,shood,s,UNRECOGNIZED,0
not,not,s,DenyDisclaim,0
be,be,s,DenyDisclaim,1
a,a,s,DenyDisclaim,2
horse,horse,c,SenseObject,0
.,.,s,DirectAddress,0
And,and,s,DirectAddress,1
told,told,s,Narrative_Verbs,0
the,the,s,Narrative_Verbs,1
the,the,s,Specifiers,0
other,other,s,Specifiers,1
to,to,s,Intensity,0
his,his,s,Intensity,1
face,face,c,Intensity,2
",",",",s,,0
that,that,s,,0
there,there,s,ProjectBack,0
was,was,n,ProjectBack,1
a,a,s,ProjectBack,2
flacy,flacy,s,UNRECOGNIZED,0
in,in,s,Specifiers,0
his,his,s,Specifiers,1
argumen,argumen,c,UNRECOGNIZED,0
.,.,s,TimeShift,0
And,and,s,TimeShift,1
then,then,s,TimeShift,2
fetched,fetched,s,Narrative_Verbs,0
him,him,s,Narrative_Verbs,1
about,about,s,SpaceRelation,0
with,with,s,SpaceRelation,1
a,a,s,,0
R^cumbentibus,r^cumbentibus,c,UNRECOGNIZED,0
",",",",s,,0
and,and,n,,0
proved,proved,s,Confidence,0
that,that,s,Confidence,1
the,the,s,SenseObject,0
horse,horse,s,SenseObject,1
stones,stones,s,SenseObject,0
which,which,s,,0
I,i,s,Autobio,0
had,had,s,Autobio,1
eaten,eaten,c,ReportingStates,0
",",",",s,ReportingStates,1
were,were,s,ProjectBack,0
consumed,consumed,c,ReportingStates,0
",",",",s,ReportingStates,1
and,and,s,Transformation,0
became,became,s,Transformation,1
such,such,n,Intensity,0
stuff,stuff,s,Uncertainty,0
as,as,s,SelfDisclosure,0
I,i,s,SelfDisclosure,1
cannot,cannot,s,DenyDisclaim,0
tell,tell,s,DirectAddress,0
you,you,s,DirectAddress,1
without,without,s,Contingency,0
Sir,sir,s,PersonProperty,0
reverence,reverence,s,StandardsPos,0
of,of,s,DirectAddress,0
your,your,s,DirectAddress,1
teeth,teeth,c,SenseObject,0
;,;,s,,0
and,and,s,,0
that,that,s,,0
they,they,n,Intensity,0
did,did,s,Intensity,1
not,not,s,DenyDisclaim,0
grow,grow,s,SpaceRelation,0
in,in,s,SpaceRelation,1
me,me,s,FirstPer,0
as,as,s,TimeDuration,0
they,they,s,TimeDuration,1
do,do,s,Intensity,0
in,in,s,,0
horses,horses,c,SenseObject,0
:,:,s,,0
Ergo,ergo,s,ReasonForward,0
the,the,s,,0
case,case,s,AbstractConcepts,0
was,was,s,ProjectBack,0
altered,altered,c,ReportingStates,0
.,.,s,ReportingStates,1
Then,then,s,Sequence,0
upon,upon,n,Sequence,1
this,this,s,Immediacy,0
point,point,s,Immediacy,1
of,of,s,,0
growing,growing,c,Transformation,0
",",",",s,,0
and,and,s,DenyDisclaim,0
not,not,s,DenyDisclaim,1
growing,growing,c,Transformation,0
",",",",s,,0
there,there,s,ProjectBack,0
was,was,s,ProjectBack,1
such,such,s,Specifiers,0
a,a,s,Specifiers,1
stir,stir,c,Motions,0
",",",",s,,0
that,that,s,Generalization,0
all,all,s,Generalization,1
the,the,n,,0
horse-coursers,horse-coursers,s,UNRECOGNIZED,0
in,in,s,,0
the,the,s,Positivity,0
Fair,fair,s,Positivity,1
came,came,s,ReportingEvents,0
about,about,s,ReportingEvents,1
us,us,c,Inclusive,0
.,.,s,,0
One,one,s,Numbers,0
said,said,s,Citations,0
they,they,s,Intensity,0
did,did,s,Intensity,1
grow,grow,c,ReportingEvents,0
",",",",s,,0
another,another,n,Specifiers,0
denied,denied,s,Repair_Citation,0
it,it,c,,0
*,*,s,,0
and,and,s,,0
such,such,s,Intensity,0
part,part,s,,0
taking,taking,s,Responsibility,0
on,on,s,Responsibility,1
both,both,s,,0
sides,sides,c,AbstractConcepts,0
",",",",s,,0
that,that,s,,0
in,in,s,,0
the,the,s,Sequence,0
end,end,s,Sequence,1
I,i,s,Autobio,0
was,was,s,Autobio,1
content,content,n,AbstractConcepts,0
(,(,c,,0
being,being,s,ReportingStates,0
desirous,desirous,s,Positivity,0
to,to,s,Positivity,1
make,make,s,ReportingEvents,0
them,them,s,,0
friends,friends,c,StandardsPos,0
),),s,,0
to,to,s,GenericEvents,0
be,be,s,GenericEvents,1
searched,searched,s,ReportingEvents,0
in,in,s,Disclosure,0
the,the,s,Disclosure,1
open,open,s,Disclosure,2
market,market,c,AbstractConcepts,0
",",",",s,ReasonForward,0
and,and,n,ReasonForward,1
so,so,s,ReasonForward,2
was,was,s,ProjectBack,0
cleared,cleared,s,ReportingEvents,0
before,before,s,SpaceRelation,0
them,them,s,SpaceRelation,1
all,all,s,,0
to,to,s,,0
have,have,s,,0
no,no,s,DenyDisclaim,0
more,more,s,DenyDisclaim,1
stones,stones,s,SenseObject,0
then,then,s,Sequence,0
I,i,s,Sequence,1
shood,shood,s,UNRECOGNIZED,0
have,have,c,,0
.,.,s,DirectAddress,0
And,and,n,DirectAddress,1
glad,glad,s,Positivity,0
was,was,s,SelfDisclosure,0
I,i,s,SelfDisclosure,1
that,that,s,,0
I,i,s,Autobio,0
was,was,s,Autobio,1
not,not,s,DenyDisclaim,0
a,a,s,DenyDisclaim,1
horse,horse,c,SenseObject,0
.,.,s,Question,0
Had,had,s,Question,1
not,not,s,DenyDisclaim,0
I,i,s,FirstPer,0
(,(,c,,0
think,think,s,PrivateThinking,0
you,you,s,DirectAddress,0
good,good,s,StandardsPos,0
cause,cause,s,StandardsPos,1
to,to,s,ProjectBack,0
remember,remember,n,ProjectBack,1
Logic,logic,c,AbstractConcepts,0
?,?,s,Question,0
Yes,yes,c,OralCues,0
",",",",s,OralCues,1
I,i,s,Insist,0
shall,shall,s,Insist,1
never,never,s,Insist,2
forget,forget,s,Negativity,0
it,it,s,Negativity,1
if,if,s,Contingency,0
I,i,s,Insist,0
should,should,s,Insist,1
live,live,s,,0
100,100,s,TimeDuration,0
years,years,nnn,TimeDuration,1
Go,go,s,ReportingEvents,0
to,to,s,,0
then,then,c,,0
:,:,s,,0
if,if,s,Contingency,0
you,you,s,DirectAddress,0
be,be,s,DirectAddress,1
such,such,s,Specifiers,0
a,a,s,Specifiers,1
scholar,scholar,s,StandardsPos,0
I,i,s,FirstPer,0
will,will,s,PredictedFuture,0
not,not,s,PredictedFuture,1
dispute,dispute,s,Resistance,0
with,with,s,DirectAddress,0
you,you,s,DirectAddress,1
about,about,s,,0
the,the,n,StandardsPos,0
Holy,holy,s,StandardsPos,1
days,days,c,TimeDuration,0
",",",",s,Resistance,0
but,but,s,Resistance,1
my,my,s,FirstPer,0
neighbor,neighbor,s,PersonProperty,0
Acuto,acuto,s,UNRECOGNIZED,0
has,has,s,ProjectBack,0
been,been,s,ProjectBack,1
a,a,s,,0
scholar,scholar,s,StandardsPos,0
as,as,s,Metadiscourse,0
well,well,s,Metadiscourse,1
as,as,s,Metadiscourse,2
you,you,c,DirectAddress,0
",",",",s,,0
and,and,n,,0
he,he,s,Updates,0
is,is,s,Updates,1
able,able,s,StandardsPos,0
to,to,s,StandardsPos,1
show,show,s,DirectAddress,0
you,you,s,DirectAddress,1
many,many,s,,0
reasons,reasons,s,AbstractConcepts,0
why,why,s,Question,0
they,they,s,Insist,0
ought,ought,s,Insist,1
to,to,s,Insist,2
continue,continue,c,Updates,0
.,.,s,DirectAddress,0
And,and,s,DirectAddress,1
he,he,s,Neutral_Attribution,0
has,has,n,Neutral_Attribution,1
fully,fully,s,MatureProcess,0
converted,converted,s,Transformation,0
me,me,nnn,FirstPer,0
I,i,s,FirstPer,0
will,will,s,PredictedFuture,0
not,not,s,PredictedFuture,1
be,be,s,PredictedFuture,2
judged,judged,s,CommonAuthorities,0
by,by,s,,0
Acuto,acuto,c,UNRECOGNIZED,0
",",",",s,,0
nor,nor,s,DenyDisclaim,0
by,by,s,,0
a,a,s,Positivity,0
better,better,s,Positivity,1
man,man,s,PersonProperty,0
then,then,s,Sequence,0
he,he,c,Sequence,1
.,.,s,Question,0
Why,why,c,Question,1
",",",",s,Question,2
I,i,s,FirstPer,0
tell,tell,s,DirectAddress,0
you,you,s,DirectAddress,1
my,my,n,FirstPer,0
neighbor,neighbor,s,PersonProperty,0
Rus^ico,rus^ico,s,UNRECOGNIZED,0
and,and,s,,0
I,i,c,FirstPer,0
",",",",s,,0
think,think,s,PrivateThinking,0
our,our,s,Inclusive,0
selves,selves,s,SubjectivePercept,0
as,as,s,,0
good,good,s,StandardsPos,0
men,men,s,StandardsPos,1
as,as,s,,0
A^uto,a^uto,s,UNRECOGNIZED,0
and,and,s,,0
you,you,c,DirectAddress,0
",",",",s,,0
and,and,s,,0
we,we,n,ReportingStates,0
are,are,s,ReportingStates,1
two,two,s,Numbers,0
to,to,s,,0
two,two,c,Numbers,0
.,.,s,,0
We,we,s,Resistance,0
Will,will,s,Resistance,1
never,never,s,Resistance,2
yield,yield,s,ReportingEvents,0
while,while,s,TimeDuration,0
the,the,s,TimeDuration,1
Plow,plow,s,Motions,0
and,and,s,,0
chains,chains,s,SenseObject,0
hold,hold,c,,0
",",",",s,,0
and,and,s,,0
that,that,n,PredictedFuture,0
will,will,s,PredictedFuture,1
be,be,s,PredictedFuture,2
a,a,s,PredictedFuture,3
good,good,s,,0
long,long,s,SubjectiveTime,0
time,time,c,SubjectiveTime,1
;,;,s,,0
for,for,s,,0
as,as,s,SubjectiveTime,0
fast,fast,s,SubjectiveTime,1
as,as,s,SubjectiveTime,2
they,they,s,,0
wear,wear,c,SpaceRelation,0
",",",",s,,0
I,i,s,Contingency,0
can,can,s,Contingency,1
mend,mend,s,Positivity,0
them,them,nnn,,0
Will,will,s,PredictedFuture,0
you,you,s,DirectAddress,0
refer,refer,s,ReportingEvents,0
it,it,s,Sequence,0
then,then,s,Sequence,1
to,to,s,,0
judgment,judgment,s,PrivateThinking,0
of,of,s,,0
indifferent,indifferent,s,StandardsNeg,0
men,men,c,PersonProperty,0
?,?,s,Question,0
we,we,s,Inclusive,0
are,are,s,Inclusive,1
all,all,n,Inclusive,2
neighbors,neighbors,c,PersonProperty,0
",",",",s,,0
let,let,s,DirectAddress,0
us,us,s,DirectAddress,1
not,not,s,DenyDisclaim,0
fall,fall,s,Motions,0
out,out,s,Motions,1
about,about,s,,0
things,things,s,Uncertainty,0
that,that,s,DenyDisclaim,0
none,none,s,DenyDisclaim,1
of,of,s,Inclusive,0
us,us,s,Inclusive,1
have,have,s,,0
skill,skill,s,StandardsPos,0
in,in,nnn,StandardsPos,1
Yes,yes,c,OralCues,0
",",",",s,OralCues,1
we,we,s,,0
will,will,s,PredictedFuture,0
be,be,s,PredictedFuture,1
judged,judged,c,ReportingStates,0
",",",",s,ReportingStates,1
but,but,s,Resistance,0
not,not,s,DenyDisclaim,0
by,by,s,Uncertainty,0
any,any,s,Uncertainty,1
brave,brave,s,StandardsPos,0
people,people,c,PersonProperty,0
;,;,s,,0
for,for,s,,0
they,they,s,,0
will,will,s,PredictedFuture,0
all,all,s,PredictedFuture,1
take,take,s,Inclusive,0
part,part,n,Inclusive,1
with,with,s,Inclusive,2
the,the,s,,0
Tailor,tailor,s,PersonProperty,0
that,that,s,,0
makes,makes,s,ReportingEvents,0
their,their,s,PersonPronoun,0
parell,parell,s,UNRECOGNIZED,0
gawdie,gawdie,c,UNRECOGNIZED,0
",",",",s,,0
and,and,s,,0
with,with,s,Specifiers,0
the,the,s,Specifiers,1
Gardner,gardner,s,PersonProperty,0
that,that,s,,0
makes,makes,n,ReportingEvents,0
them,them,s,,0
pleasant,pleasant,s,Positivity,0
waukes,waukes,s,UNRECOGNIZED,0
and,and,s,,0
knots,knots,nnn,SenseObject,0
We,we,s,,0
Will,will,s,PredictedFuture,0
give,give,s,DirectAddress,0
you,you,s,DirectAddress,1
the,the,s,DirectAddress,2
choice,choice,c,SubjectivePercept,0
",",",",s,ReasonForward,0
so,so,s,ReasonForward,1
that,that,s,DirectAddress,0
you,you,s,DirectAddress,1
name,name,s,LangRef,0
none,none,s,DenyDisclaim,0
of,of,s,DenyDisclaim,1
your,your,s,DirectAddress,0
own,own,s,DirectAddress,1
trade,trade,c,AbstractConcepts,0
",",",",s,,0
and,and,s,,0
an,an,n,,0
indifferent,indifferent,s,StandardsNeg,0
man,man,nnn,PersonProperty,0
You,you,s,DirectAddress,0
say,say,s,DirectAddress,1
honestly,honestly,c,Intensity,0
",",",",s,,0
Nay,nay,s,OralCues,0
truly,truly,s,Intensity,0
we,we,s,ReportingStates,0
are,are,s,ReportingStates,1
desirous,desirous,s,Positivity,0
to,to,s,Positivity,1
have,have,s,ReportingEvents,0
an,an,s,ReportingEvents,1
end,end,s,TimeShift,0
of,of,s,TimeShift,1
it,it,c,,0
",",",",s,ReasonForward,0
so,so,s,ReasonForward,1
that,that,n,DenyDisclaim,0
none,none,s,DenyDisclaim,1
of,of,s,Inclusive,0
us,us,s,Inclusive,1
be,be,s,ReportingStates,0
his,his,s,SubjectivePercept,0
own,own,s,SubjectivePercept,1
carver,carver,c,SenseObject,0
.,.,s,SpaceRelation,0
Here,here,s,SpaceRelation,1
sits,sits,s,SpaceRelation,0
a,a,s,,0
country,country,s,PersonProperty,0
Gentleman,gentleman,c,PersonProperty,1
",",",",s,,0
a,a,s,SenseProperty,0
plain,plain,s,SenseProperty,1
man,man,c,PersonProperty,0
",",",",s,,0
a,a,n,Positivity,0
good,good,s,Positivity,1
housekeeper,housekeeper,c,PersonProperty,0
",",",",s,,0
and,and,s,,0
peacemaker,peacemaker,s,PersonProperty,0
among,among,s,,0
all,all,s,Generalization,0
his,his,s,Generalization,1
neighbors,neighbors,c,PersonProperty,0
:,:,s,,0
he,he,s,Updates,0
is,is,s,Updates,1
no,no,s,DenyDisclaim,0
Justice,justice,n,StandardsPos,0
of,of,s,,0
peace,peace,c,StandardsPos,0
",",",",s,ReasonForward,0
so,so,s,ReasonForward,1
there,there,s,ReasonForward,2
is,is,s,DenyDisclaim,0
no,no,s,DenyDisclaim,1
fear,fear,s,Fear,0
to,to,s,Fear,1
speak,speak,s,SelfDisclosure,0
our,our,s,SelfDisclosure,1
mind,mind,s,SelfDisclosure,2
before,before,s,SpaceRelation,0
him,him,c,SpaceRelation,1
",",",",s,,0
nor,nor,s,DenyDisclaim,0
need,need,s,Insist,0
we,we,s,,0
any,any,n,,0
minerator,minerator,s,UNRECOGNIZED,0
to,to,s,PersonPronoun,0
him,him,c,PersonPronoun,1
",",",",s,,0
he,he,s,Updates,0
is,is,s,Updates,1
very,very,s,Intensity,0
courteous,courteous,nnn,Positivity,0
We,we,s,,0
Will,will,s,PredictedFuture,0
not,not,s,PredictedFuture,1
refuse,refuse,s,Resistance,0
him,him,c,PersonPronoun,0
",",",",s,,0
nor,nor,s,DenyDisclaim,0
any,any,s,,0
that,that,s,Specifiers,0
is,is,s,Specifiers,1
honest,honest,c,StandardsPos,0
.,.,nnn,,0
God,god,s,CommonAuthorities,0
save,save,s,DirectAddress,0
you,you,s,DirectAddress,1
Sir,sir,c,PersonProperty,0
.,.,s,Immediacy,0
Here,here,s,Immediacy,1
is,is,s,Immediacy,2
a,a,s,Immediacy,3
great,great,s,Intensity,0
controversy,controversy,s,Resistance,0
between,between,s,,0
four,four,s,Numbers,0
neighbors,neighbors,c,PersonProperty,0
",",",",s,,0
two,two,n,Numbers,0
against,against,s,,0
two,two,c,Numbers,0
.,.,s,,0
Reasons,reasons,s,AbstractConcepts,0
are,are,s,ReportingStates,0
alleged,alleged,s,Neg_Citation,0
on,on,s,,0
both,both,s,,0
sides,sides,c,AbstractConcepts,0
",",",",s,,0
and,and,s,,0
neither,neither,s,DenyDisclaim,0
part,part,s,,0
will,will,s,PredictedFuture,0
agree,agree,s,ReportingEvents,0
to,to,n,ReportingEvents,1
other,other,c,Specifiers,0
.,.,s,Generalization,0
In,in,s,Generalization,1
the,the,s,Generalization,2
end,end,s,Generalization,3
we,we,s,,0
accorded,accorded,s,Positivity,0
to,to,s,,0
refer,refer,s,ReportingEvents,0
the,the,s,ReportingEvents,1
matter,matter,s,Disclosure,0
to,to,s,Disclosure,1
you,you,c,DirectAddress,0
",",",",s,,0
we,we,s,,0
beseech,beseech,s,Intensity,0
you,you,s,Intensity,1
to,to,n,Curiosity,0
consider,consider,c,Curiosity,1
",",",",s,,0
and,and,s,,0
order,order,s,AbstractConcepts,0
it,it,s,,0
as,as,s,DirectAddress,0
you,you,s,DirectAddress,1
please,please,c,DirectAddress,2
",",",",s,,0
and,and,s,Sequence,0
then,then,s,Sequence,1
so,so,s,Insist,0
shall,shall,s,Insist,1
it,it,s,Insist,2
be,be,nnn,Insist,3
The,the,s,Resistance,0
controversy,controversy,s,Resistance,1
is,is,s,ReportingStates,0
beyond,beyond,s,,0
my,my,s,FirstPer,0
skill,skill,c,StandardsPos,0
",",",",s,,0
it,it,s,ReportingStates,0
being,being,s,ReportingStates,1
matter,matter,s,Specifiers,0
of,of,s,Specifiers,1
divinity,divinity,c,CommonAuthorities,0
;,;,s,Resistance,0
but,but,s,Resistance,1
mine,mine,n,FirstPer,0
opinion,opinion,s,SubjectivePercept,0
is,is,c,ReportingStates,0
",",",",s,,0
they,they,s,Insist,0
ought,ought,s,Insist,1
still,still,s,Updates,0
to,to,s,Updates,1
be,be,s,Updates,2
kept,kept,c,ReportingStates,0
.,.,s,ReportingStates,1
For,for,s,,0
I,i,s,FirstPer,0
persuade,persuade,s,ReportingEvents,0
my,my,s,FirstPer,0
self,self,c,SubjectivePercept,0
",",",",s,,0
that,that,s,,0
our,our,n,Inclusive,0
Auncetours,auncetours,s,UNRECOGNIZED,0
(,(,c,,0
which,which,s,,0
did,did,s,ReportingEvents,0
all,all,s,SubjectivePercept,0
things,things,s,SubjectivePercept,1
well,well,c,SenseObject,0
),),s,,0
had,had,s,ProjectBack,0
special,special,s,Exceptions,0
reasons,reasons,s,ReasonForward,0
for,for,s,ReasonForward,1
these,these,s,Immediacy,0
days,days,s,Immediacy,1
to,to,n,GenericEvents,0
be,be,s,GenericEvents,1
kept,kept,s,TimeDuration,0
holy,holy,c,StandardsPos,0
.,.,s,Question,0
What,what,s,Question,1
their,their,s,Neutral_Attribution,0
reasons,reasons,s,Neutral_Attribution,1
were,were,c,ProjectBack,0
",",",",s,,0
I,i,s,FirstPer,0
take,take,s,ReportingEvents,0
not,not,s,DenyDisclaim,0
upon,upon,s,Immediacy,0
me,me,s,Immediacy,1
to,to,s,,0
set,set,s,ReportingEvents,0
down,down,c,ReportingEvents,1
:,:,s,,0
there,there,n,,0
^,^,c,UNRECOGNIZED,0
its,its,s,,0
a,a,s,,0
Religious,religious,s,PersonProperty,0
man,man,c,PersonProperty,0
",",",",s,,0
he,he,s,Updates,0
is,is,s,Updates,1
more,more,s,Comparison,0
like,like,s,SubjectivePercept,0
to,to,s,SubjectivePercept,1
quench,quench,s,ReportingEvents,0
your,your,s,DirectAddress,0
thirst,thirst,c,SenseProperty,0
",",",",s,,0
and,and,s,,0
resolve,resolve,s,StandardsPos,0
your,your,n,DirectAddress,0
doubts,doubts,s,Uncertainty,0
then,then,s,Sequence,0
I,i,s,Sequence,1
am,am,nnn,FirstPer,0
Most,most,s,Immediacy,0
Reverend,reverend,s,Immediacy,1
Sir,sir,c,PersonProperty,0
",",",",s,Concessive,0
though,though,s,Concessive,1
we,we,s,,0
be,be,s,ReportingStates,0
strangers,strangers,s,Uncertainty,0
to,to,s,DirectAddress,0
you,you,c,DirectAddress,1
",",",",s,,0
we,we,s,ReportingStates,0
are,are,s,ReportingStates,1
bold,bold,s,Confidence,0
to,to,s,,0
ask,ask,s,DirectAddress,0
your,your,n,DirectAddress,1
counsel,counsel,s,PersonProperty,0
in,in,s,,0
a,a,s,,0
business,business,s,AbstractConcepts,0
of,of,s,AbstractConcepts,0
weight,weight,nnn,AbstractConcepts,1
You,you,s,DirectAddress,0
are,are,s,DirectAddress,1
welcome,welcome,s,DirectAddress,2
whosoever,whosoever,s,Intensity,0
you,you,s,DirectAddress,0
are,are,c,DirectAddress,1
:,:,s,,0
no,no,s,DenyDisclaim,0
marvel,marvel,s,Positivity,0
though,though,s,Concessive,0
you,you,s,DirectAddress,0
be,be,s,DirectAddress,1
strangers,strangers,s,Uncertainty,0
to,to,s,SelfDisclosure,0
me,me,c,SelfDisclosure,1
",",",",n,SelfDisclosure,2
who,who,s,Question,0
have,have,s,Question,1
estranged,estranged,s,Negative_Relation,0
my,my,s,FirstPer,0
self,self,s,SubjectivePercept,0
from,from,s,Generalization,0
all,all,s,Generalization,1
the,the,s,,0
world,world,c,AbstractConcepts,0
:,:,s,,0
but,but,s,Resistance,0
what,what,s,Resistance,1
counsel,counsel,s,PersonProperty,0
can,can,s,DirectAddress,0
you,you,s,DirectAddress,1
expect,expect,n,ProjectAhead,0
from,from,s,SelfDisclosure,0
me,me,c,SelfDisclosure,1
",",",",s,,0
who,who,s,,0
am,am,s,FirstPer,0
not,not,s,DenyDisclaim,0
like,like,s,DenyDisclaim,1
to,to,s,,0
give,give,s,,0
wordly,wordly,s,UNRECOGNIZED,0
men,men,s,PersonProperty,0
any,any,s,,0
satisfaction,satisfaction,c,StandardsPos,0
",",",",s,ReasonForward,0
since,since,s,ReasonForward,1
I,i,s,SelfDisclosure,0
have,have,n,SelfDisclosure,1
already,already,s,Updates,0
given,given,s,ReportingStates,0
the,the,s,,0
world,world,s,AbstractConcepts,0
with,with,s,Generalization,0
all,all,s,Generalization,1
his,his,s,PersonPronoun,0
business,business,s,AbstractConcepts,0
an,an,s,Intensity,0
utter,utter,s,Intensity,1
farewell,farewell,nnn,SceneShift,0
Sir,sir,c,PersonProperty,0
",",",",s,,0
our,our,s,Inclusive,0
business,business,s,AbstractConcepts,0
is,is,s,DenyDisclaim,0
not,not,s,DenyDisclaim,1
worldly,worldly,c,,0
",",",",s,Concessive,0
though,though,s,Concessive,1
it,it,s,,0
concern,concern,s,SubjectivePercept,0
worldly,worldly,s,,0
men,men,c,PersonProperty,0
",",",",s,,0
even,even,s,Resistance,0
as,as,s,Resistance,1
your,your,n,DirectAddress,0
life,life,s,DirectAddress,1
is,is,s,DenyDisclaim,0
not,not,s,DenyDisclaim,1
worldlike,worldlike,c,UNRECOGNIZED,0
",",",",s,Concessive,0
though,though,s,Concessive,1
bodily,bodily,s,SenseProperty,0
you,you,s,DirectAddress,0
live,live,s,Biographical_Time,0
on,on,s,Biographical_Time,1
earth,earth,nnn,SpaceRelation,0
Nay,nay,s,OralCues,0
M,m,c,AbstractConcepts,0
.,.,s,AbstractConcepts,1
Acuto,acuto,c,UNRECOGNIZED,0
",",",",s,,0
stand,stand,s,SpaceRelation,0
aside,aside,c,SpaceRelation,1
",",",",s,,0
or,or,s,,0
I,i,s,Metadiscourse,0
Will,will,s,Metadiscourse,1
have,have,s,Metadiscourse,2
you,you,s,DirectAddress,0
taken,taken,s,ReportingStates,0
away,away,c,ReportingStates,1
",",",",s,ReasonForward,0
for,for,s,ReasonForward,1
you,you,s,DirectAddress,0
mar,mar,s,Negativity,0
the,the,s,Negativity,1
paly,paly,c,SenseProperty,0
",",",",n,,0
you,you,s,DirectAddress,0
are,are,s,DirectAddress,1
very,very,s,Intensity,0
forward,forward,s,AbstractConcepts,0
to,to,s,,0
take,take,s,ReportingEvents,0
the,the,s,ReportingEvents,1
tale,tale,s,LangRef,0
out,out,s,,0
of,of,s,,0
my,my,s,FirstPer,0
mouth,mouth,c,SenseObject,0
",",",",s,,0
as,as,s,Resemblances,0
if,if,s,Resemblances,1
you,you,s,DirectAddress,0
had,had,s,DirectAddress,1
more,more,s,Comparison,0
wit,wit,c,StandardsPos,0
",",",",n,Resistance,0
but,but,s,Resistance,1
I,i,s,SelfDisclosure,0
think,think,s,SelfDisclosure,1
not,not,s,Resistance,0
so,so,c,Resistance,1
.,.,s,,0
I,i,s,Autobio,0
began,began,s,Autobio,1
first,first,s,Innovations,0
to,to,s,Innovations,1
speak,speak,s,Citations,0
unto,unto,s,Citations,1
this,this,s,,0
man,man,c,PersonProperty,0
",",",",s,,0
therefore,therefore,s,ReasonForward,0
I,i,s,Metadiscourse,0
will,will,s,Metadiscourse,1
have,have,n,Metadiscourse,2
the,the,s,SubjectiveTime,0
last,last,s,SubjectiveTime,1
word,word,c,SubjectiveTime,2
.,.,s,,0
Sir,sir,c,PersonProperty,0
",",",",s,,0
our,our,s,Inclusive,0
business,business,s,AbstractConcepts,0
with,with,s,DirectAddress,0
you,you,s,DirectAddress,1
shall,shall,s,ProjectAhead,0
be,be,s,ProjectAhead,1
short,short,c,SenseProperty,0
*,*,s,,0
for,for,s,ReasonForward,0
I,i,s,ReasonForward,1
am,am,s,ReasonForward,2
a,a,s,,0
hot,hot,s,SenseProperty,0
fellow,fellow,c,PersonProperty,0
",",",",n,,0
and,and,s,,0
I,i,s,FirstPer,0
strike,strike,s,Negativity,0
thick,thick,s,SenseProperty,0
and,and,s,,0
short,short,c,SenseProperty,0
.,.,s,,0
This,this,s,,0
Tailer,tailer,s,UNRECOGNIZED,0
takes,takes,s,SubjectiveTime,0
long,long,s,SubjectiveTime,1
and,and,s,,0
wide,wide,s,SenseProperty,0
stitches,stitches,c,SenseObject,0
",",",",s,,0
and,and,n,,0
draws,draws,s,ReportingEvents,0
out,out,s,ReportingEvents,1
the,the,s,ProjectAhead,0
time,time,s,ProjectAhead,1
to,to,s,ProjectAhead,2
make,make,s,ReportingEvents,0
his,his,s,PersonPronoun,0
work,work,s,GenericEvents,0
seem,seem,s,Uncertainty,0
much,much,c,Intensity,0
.,.,s,,0
Our,our,s,Inclusive,0
difference,difference,s,Inclusive,1
is,is,s,ProjectAhead,0
for,for,s,ProjectAhead,1
the,the,n,ProjectAhead,2
Holy,holy,s,CommonAuthorities,0
Days,days,s,CommonAuthorities,1
as,as,s,TimeDuration,0
they,they,s,TimeDuration,1
stand,stand,s,SpaceRelation,0
in,in,s,SpaceRelation,1
the,the,s,SpaceRelation,2
Calendar,calendar,c,SenseObject,0
",",",",s,Contingency,0
whether,whether,s,Contingency,1
it,it,s,,0
were,were,s,ProjectBack,0
fitter,fitter,s,PersonProperty,0
they,they,s,Insist,0
should,should,s,Insist,1
be,be,n,ReportingStates,0
retourn'd,retourn'd,s,UNRECOGNIZED,0
into,into,s,,0
working-daies,working-daies,s,UNRECOGNIZED,0
as,as,s,TimeDuration,0
they,they,s,TimeDuration,1
were,were,s,ProjectBack,0
at,at,s,TimeShift,0
the,the,s,TimeShift,1
first,first,c,TimeShift,2
",",",",s,,0
or,or,s,,0
remain,remain,s,TimeDuration,0
to,to,s,,0
the,the,n,,0
worlds,worlds,s,AbstractConcepts,0
end,end,c,Sequence,0
.,.,s,,0
If,if,s,Contingency,0
you,you,s,DirectAddress,0
judge,judge,s,PrivateThinking,0
they,they,s,Insist,0
ought,ought,s,Insist,1
to,to,s,Insist,2
stand,stand,c,AbstractConcepts,0
",",",",s,,0
we,we,s,ReportingStates,0
are,are,s,ReportingStates,1
content,content,c,AbstractConcepts,0
",",",",s,,0
and,and,s,,0
will,will,s,PredictedFuture,0
work,work,n,GenericEvents,0
harder,harder,s,Comparison,0
at,at,s,TimeShift,0
other,other,s,TimeShift,1
times,times,c,TimeShift,2
.,.,s,,0
If,if,s,Contingency,0
you,you,s,DirectAddress,0
will,will,s,PredictedFuture,0
have,have,s,PredictedFuture,1
them,them,s,,0
down,down,c,,0
",",",",s,,0
do,do,s,Intensity,0
but,but,s,Resistance,0
say,say,s,DialogCues,0
the,the,s,DialogCues,1
word,word,c,DialogCues,2
",",",",s,,0
and,and,n,,0
hold,hold,s,ReportingEvents,0
up,up,s,ReportingEvents,1
your,your,s,DirectAddress,0
finger,finger,c,SenseObject,0
",",",",s,,0
we,we,s,,0
will,will,s,PredictedFuture,0
maule,maule,s,UNRECOGNIZED,0
v,v,c,LangRef,0
^,^,s,UNRECOGNIZED,0
to,to,s,SpaceRelation,0
the,the,s,SpaceRelation,1
ground,ground,s,SpaceRelation,2
at,at,s,Motions,0
a,a,s,Motions,1
blow,blow,nnn,Motions,2
Your,your,s,DirectAddress,0
question,question,s,AbstractConcepts,0
is,is,s,DenyDisclaim,0
not,not,s,DenyDisclaim,1
hard,hard,s,Uncertainty,0
to,to,s,Uncertainty,1
decide,decide,c,PrivateThinking,0
",",",",s,,0
and,and,s,,0
fit,fit,s,ReportingEvents,0
enough,enough,s,SubjectivePercept,0
for,for,s,SelfDisclosure,0
me,me,s,SelfDisclosure,1
to,to,s,,0
deliver,deliver,s,ReportingEvents,0
mine,mine,n,FirstPer,0
opinion,opinion,s,SubjectivePercept,0
in,in,c,,0
.,.,s,ConfirmedThght,0
It,it,s,ConfirmedThght,1
is,is,s,ConfirmedThght,2
true,true,c,ConfirmedThght,3
",",",",s,,0
they,they,s,,0
were,were,s,ProjectBack,0
all,all,s,ProjectBack,1
working,working,s,AbstractConcepts,0
days,days,s,AbstractConcepts,1
at,at,s,TimeShift,0
the,the,s,TimeShift,1
first,first,c,TimeShift,2
.,.,s,OpenQuery,0
For,for,s,OpenQuery,1
which,which,n,OpenQuery,2
purpose,purpose,s,ProjectAhead,0
it,it,s,CommonAuthorities,0
is,is,s,CommonAuthorities,1
said,said,c,CommonAuthorities,2
",",",",s,,0
such,such,s,Intensity,0
work,work,s,GenericEvents,0
as,as,s,GenericEvents,1
thou,thou,s,DirectAddress,0
do,do,c,GenericEvents,0
",",",",s,GenericEvents,1
work,work,s,ReportingEvents,0
it,it,s,ReportingEvents,1
in,in,s,ReportingEvents,2
those,those,s,,0
six,six,s,Numbers,0
days,days,c,TimeDuration,0
",",",",s,,0
and,and,n,DenyDisclaim,0
not,not,s,DenyDisclaim,1
on,on,s,Sequence,0
the,the,s,Sequence,1
seventh,seventh,s,Sequence,2
day,day,c,TimeDuration,0
.,.,s,Resistance,0
Yet,yet,s,Resistance,1
God,god,s,CommonAuthorities,0
did,did,s,ReportingEvents,0
never,never,s,DenyDisclaim,0
forbid,forbid,s,Resistance,0
any,any,s,Specifiers,0
of,of,s,Specifiers,1
those,those,s,,0
six,six,s,Numbers,0
days,days,s,TimeDuration,0
to,to,s,GenericEvents,0
be,be,n,GenericEvents,1
kept,kept,s,TimeDuration,0
holy,holy,c,StandardsPos,0
*,*,s,,0
And,and,s,,0
the,the,s,,0
Christian,christian,s,PersonProperty,0
Church,church,s,SenseObject,0
has,has,s,,0
appointed,appointed,s,CommonAuthorities,0
many,many,s,,0
days,days,s,TimeDuration,0
to,to,s,GenericEvents,0
be,be,s,GenericEvents,1
kept,kept,s,TimeDuration,0
holy,holy,n,StandardsPos,0
in,in,s,ProjectBack,0
memory,memory,s,ProjectBack,1
of,of,s,ProjectBack,2
Saints,saints,s,StandardsPos,0
which,which,s,,0
suffered,suffered,s,Negativity,0
dive^se,dive^se,s,UNRECOGNIZED,0
torments,torments,s,Negativity,0
for,for,s,,0
Christ's,christ's,s,UNRECOGNIZED,0
sake,sake,c,SenseObject,0
",",",",s,,0
who,who,n,,0
suffered,suffered,s,Negativity,0
all,all,s,SubjectivePercept,0
for,for,s,SubjectivePercept,1
them,them,c,,0
",",",",s,,0
and,and,s,,0
for,for,s,SubjectivePercept,0
them,them,s,SubjectivePercept,1
all,all,c,Inclusive,0
.,.,s,Inclusive,1
And,and,s,,0
those,those,s,,0
to,to,s,GenericEvents,0
be,be,s,GenericEvents,1
kept,kept,s,TimeDuration,0
to,to,s,TimeDuration,1
the,the,s,TimeDuration,2
worlds,worlds,n,AbstractConcepts,0
end,end,c,Sequence,0
",",",",s,,0
that,that,s,,0
their,their,s,PersonPronoun,0
facts,facts,s,AbstractConcepts,0
and,and,s,,0
fame,fame,s,StandardsPos,0
might,might,s,Uncertainty,0
never,never,s,Uncertainty,1
die,die,c,AbstractConcepts,0
",",",",s,Resistance,0
but,but,s,Resistance,1
enco^rage,enco^rage,s,UNRECOGNIZED,0
others,others,s,Uncertainty,0
to,to,s,,0
tread,tread,n,Narrative_Verbs,0
their,their,s,Narrative_Verbs,1
bloody,bloody,s,Negativity,0
but,but,s,Resistance,0
Heavenly,heavenly,s,Positivity,0
steps,steps,c,Sequence,0
.,.,s,,0
Therefore,therefore,s,ReasonForward,0
since,since,s,,0
the,the,s,CommonAuthorities,0
Church,church,s,CommonAuthorities,1
of,of,s,CommonAuthorities,0
God,god,s,CommonAuthorities,1
and,and,n,,0
custom,custom,s,CommonAuthorities,0
of,of,s,CommonAuthorities,1
Christian,christian,s,PersonProperty,0
countries,countries,s,AbstractConcepts,0
have,have,s,,0
so,so,s,,0
ordered,ordered,s,,0
it,it,c,,0
",",",",s,,0
let,let,s,ReportingEvents,0
no,no,s,DenyDisclaim,0
man's,man's,s,PersonProperty,0
private,private,s,AbstractConcepts,0
rashness,rashness,n,Negativity,0
presume,presume,s,ReasonForward,0
such,such,s,Intensity,0
alte^ation,alte^ation,c,UNRECOGNIZED,0
",",",",s,,0
as,as,s,Specifiers,0
to,to,s,Specifiers,1
make,make,s,ReportingEvents,0
away,away,s,ReportingEvents,1
or,or,s,,0
put,put,s,Transformation,0
out,out,s,Transformation,1
the,the,s,Transformation,2
Holy,holy,s,CommonAuthorities,0
Days,days,c,CommonAuthorities,1
",",",",s,Resistance,0
but,but,s,Resistance,1
with,with,n,,0
due,due,s,AbstractConcepts,0
reverence,reverence,s,StandardsPos,0
to,to,s,,0
observe,observe,s,ReportingEvents,0
them,them,nnn,,0
Gods,gods,s,CommonAuthorities,0
blessing,blessing,s,StandardsPos,0
on,on,s,DirectAddress,0
you,you,s,DirectAddress,1
Sir,sir,c,PersonProperty,0
",",",",s,,0
you,you,s,DirectAddress,0
have,have,s,DirectAddress,1
quite,quite,s,Intensity,0
confiscated,confiscated,s,ReportingEvents,0
my,my,s,FirstPer,0
conceit,conceit,c,SubjectivePercept,0
.,.,s,,0
I,i,s,FirstPer,0
Will,will,s,Fear,0
kill,kill,s,Fear,1
him,him,n,PersonPronoun,0
that,that,s,ProjectAhead,0
would,would,s,ProjectAhead,1
have,have,s,ProjectAhead,2
them,them,s,ProjectAhead,3
down,down,c,,0
.,.,s,ReasonForward,0
Such,such,s,ReasonForward,1
a,a,s,,0
sermon,sermon,s,SenseObject,0
every,every,s,RecurringEvents,0
day,day,s,RecurringEvents,1
would,would,s,Contingency,0
make,make,s,Contingency,1
me,me,s,FirstPer,0
keep,keep,s,TimeDuration,0
all,all,s,TimeDuration,1
the,the,n,,0
^,^,c,UNRECOGNIZED,0
est,est,s,AbstractConcepts,0
of,of,s,TimeDuration,0
the,the,s,TimeDuration,1
week,week,s,TimeDuration,2
holy,holy,c,StandardsPos,0
.,.,s,,0
Gow,gow,s,AbstractConcepts,0
neighbor,neighbor,s,PersonProperty,0
Rustico,rustico,c,UNRECOGNIZED,0
",",",",s,,0
you,you,s,DirectAddress,0
and,and,s,,0
I,i,s,FirstPer,0
will,will,s,PredictedFuture,0
hang,hang,s,Inclusive,0
together,together,c,Inclusive,1
",",",",n,,0
and,and,s,,0
change,change,s,Transformation,0
together,together,c,Inclusive,0
.,.,s,,0
I,i,s,Resistance,0
Will,will,s,Resistance,1
never,never,s,Resistance,2
meddle,meddle,s,Negative_Relation,0
with,with,s,Negative_Relation,1
any,any,s,,0
matter,matter,s,AbstractConcepts,0
out,out,s,,0
of,of,s,,0
the,the,s,,0
length,length,s,SpaceRelation,0
and,and,n,SpaceRelation,1
breadth,breadth,s,SpaceRelation,2
of,of,s,,0
my,my,s,FirstPer,0
Anvile,anvile,c,UNRECOGNIZED,0
",",",",s,,0
fall,fall,s,Motions,0
back,back,c,Motions,1
",",",",s,,0
fall,fall,s,,0
edge,edge,s,SpaceRelation,0
while,while,s,TimeDuration,0
I,i,s,FirstPer,0
breathe,breathe,c,Motions,0
*,*,s,,0
Me,me,s,FirstPer,0
thinks,thinks,s,PrivateThinking,0
I,i,s,SelfDisclosure,0
am,am,s,SelfDisclosure,1
good,good,n,StandardsPos,0
enough,enough,s,StandardsPos,1
with,with,s,Specifiers,0
this,this,s,Specifiers,1
little,little,s,SenseProperty,0
teaching,teaching,c,ReportingEvents,0
",",",",s,,0
I,i,s,Insist,0
shall,shall,s,Insist,1
never,never,s,Insist,2
need,need,s,Insist,0
to,to,s,Insist,1
mend,mend,s,Positivity,0
hereafter,hereafter,c,ProjectAhead,0
.,.,s,,0
I,i,n,Contingency,0
could,could,s,Contingency,1
find,find,s,,0
in,in,s,SelfDisclosure,0
my,my,s,SelfDisclosure,1
heart,heart,s,SelfDisclosure,2
to,to,s,SceneShift,0
go,go,s,SceneShift,1
to,to,s,SceneShift,2
hanging,hanging,s,SpaceRelation,0
presently,presently,c,TimeShift,0
",",",",s,,0
and,and,s,,0
be,be,s,ReportingStates,0
a,a,s,ReportingStates,1
martyr,martyr,c,PersonProperty,0
",",",",s,,0
if,if,s,Contingency,0
I,i,n,FirstPer,0
might,might,s,Contingency,0
have,have,s,Contingency,1
no,no,s,Negativity,0
time,time,s,Negativity,1
to,to,s,Negativity,2
think,think,s,PrivateThinking,0
of,of,s,PrivateThinking,1
the,the,s,Negativity,0
pain,pain,c,Negativity,1
",",",",s,Resistance,0
but,but,s,Resistance,1
go,go,s,ReportingEvents,0
alive,alive,s,Positivity,0
to,to,s,Positivity,1
Heaven,heaven,nnn,Positivity,0
I,i,s,FirstPer,0
told,told,s,DirectAddress,0
you,you,s,DirectAddress,1
so,so,s,Intensity,0
much,much,s,Intensity,1
before,before,c,Sequence,0
",",",",s,,0
you,you,s,DirectAddress,0
never,never,s,DirectAddress,1
needed,needed,s,ProjectBack,0
to,to,s,ProjectBack,1
have,have,s,,0
troubled,troubled,s,Negativity,0
the,the,s,Positivity,0
good,good,s,Positivity,1
man,man,c,PersonProperty,0
.,.,nnn,,0
Thou,thou,s,DirectAddress,0
told,told,s,Citations,0
me,me,s,Citations,1
so,so,c,,0
?,?,s,Question,0
what,what,s,,0
care,care,s,StandardsPos,0
I,i,s,FirstPer,0
for,for,s,,0
thy,thy,s,DirectAddress,0
telling,telling,c,,0
?,?,s,Question,0
If,if,s,Contingency,0
thou,thou,s,DirectAddress,0
told,told,s,Citations,0
me,me,s,Citations,1
my,my,s,Autobio,0
father,father,s,Autobio,1
were,were,n,ProjectBack,0
dead,dead,s,Negativity,0
(,(,c,,0
though,though,s,Concessive,0
I,i,s,SelfDisclosure,0
knew,knew,s,SelfDisclosure,1
he,he,s,PersonPronoun,0
be,be,s,ReportingStates,0
buried,buried,c,ReportingEvents,0
),),s,,0
I,i,s,FirstPer,0
will,will,s,PredictedFuture,0
not,not,s,PredictedFuture,1
bleeue,bleeue,s,UNRECOGNIZED,0
thee,thee,c,DirectAddress,0
.,.,s,DirectAddress,0
And,and,s,DirectAddress,1
yet,yet,s,Resistance,0
I,i,s,SelfDisclosure,0
would,would,s,SelfDisclosure,1
not,not,n,DenyDisclaim,0
for,for,s,,0
forty,forty,s,Numbers,0
pound,pound,s,Numbers,1
he,he,s,PersonPronoun,0
were,were,s,ProjectBack,0
alive,alive,s,Positivity,0
again,again,c,RecurringEvents,0
.,.,s,ReportingStates,0
This,this,s,ReportingStates,1
is,is,s,ReportingStates,2
a,a,s,SenseObject,0
grave,grave,s,SenseObject,1
man,man,c,PersonProperty,0
",",",",s,,0
and,and,s,,0
his,his,s,PersonPronoun,0
ver^e,ver^e,n,UNRECOGNIZED,0
countenance,countenance,s,SenseObject,0
speaks,speaks,s,,0
truth,truth,c,StandardsPos,0
.,.,s,,0
Tauke,tauke,s,UNRECOGNIZED,0
no,no,s,DenyDisclaim,0
more,more,s,DenyDisclaim,1
o^t,o^t,c,UNRECOGNIZED,0
",",",",s,,0
I,i,s,SelfDisclosure,0
am,am,s,SelfDisclosure,1
quite,quite,s,Intensity,0
dissolved,dissolved,s,ReportingEvents,0
they,they,s,,0
shall,shall,n,ProjectAhead,0
stand,stand,s,Intensity,0
fast,fast,c,Intensity,1
:,:,s,,0
and,and,s,,0
I,i,s,FirstPer,0
Will,will,s,PredictedFuture,0
keep,keep,s,TimeDuration,0
them,them,s,,0
very,very,s,Intensity,0
devoutlie,devoutlie,c,UNRECOGNIZED,0
.,.,s,DirectAddress,0
And,and,s,DirectAddress,1
I,i,s,FirstPer,0
Will,will,s,PredictedFuture,0
persuade,persuade,s,ReportingEvents,0
all,all,s,Generalization,0
the,the,s,Generalization,1
Parish,parish,n,CommonAuthorities,0
to,to,s,ProjectAhead,0
do,do,s,ProjectAhead,1
the,the,s,ProjectAhead,2
like,like,nnn,SubjectivePercept,0
Thou,thou,s,DirectAddress,0
teach,teach,s,ReportingEvents,0
all,all,s,Generalization,0
the,the,s,Generalization,1
Parish,parish,c,CommonAuthorities,0
.,.,s,Future_Question,0
Will,will,s,Future_Question,1
thou,thou,s,DirectAddress,0
turn,turn,s,,0
preacher,preacher,c,PersonProperty,0
?,?,nnn,Question,0
No,no,s,DenyDisclaim,0
preacher,preacher,s,PersonProperty,0
Sir,sir,c,PersonProperty,0
",",",",s,Resistance,0
but,but,s,Resistance,1
I,i,s,SelfDisclosure,0
hope,hope,s,SelfDisclosure,1
all,all,s,Generalization,0
the,the,s,Generalization,1
Parish,parish,s,CommonAuthorities,0
comes,comes,s,ReportingEvents,0
to,to,s,SelfDisclosure,0
my,my,s,SelfDisclosure,1
shop,shop,s,ReportingEvents,0
for,for,s,ReportingEvents,1
one,one,s,Numbers,0
thing,thing,s,Uncertainty,0
or,or,n,,0
other,other,c,Specifiers,0
.,.,s,DirectAddress,0
And,and,s,DirectAddress,1
cannot,cannot,s,DenyDisclaim,0
I,i,s,Sequence,0
then,then,s,Sequence,1
give,give,s,,0
vm,vm,s,UNRECOGNIZED,0
part,part,s,,0
of,of,s,,0
my,my,s,FirstPer,0
tal^nt,tal^nt,s,UNRECOGNIZED,0
as,as,s,Metadiscourse,0
well,well,s,Metadiscourse,1
as,as,s,Metadiscourse,2
the,the,s,Metadiscourse,3
Cobblers,cobblers,s,SenseObject,0
are,are,n,SubjectivePercept,0
wont,wont,s,SubjectivePercept,1
to,to,s,SubjectivePercept,2
do,do,c,GenericEvents,0
",",",",s,GenericEvents,1
and,and,s,,0
I,i,s,SelfDisclosure,0
am,am,s,SelfDisclosure,1
sure,sure,s,Confidence,0
it,it,s,PredictedFuture,0
will,will,s,PredictedFuture,1
become,become,s,Transformation,0
me,me,s,FirstPer,0
as,as,s,,0
handsomelie,handsomelie,s,UNRECOGNIZED,0
as,as,s,,0
them,them,nnn,,0
Go,go,s,ReportingEvents,0
Simpl,simpl,c,UNRECOGNIZED,0
^,^,s,UNRECOGNIZED,0
to,to,s,,0
Mistress,mistress,s,PersonProperty,0
Sylvester,sylvester,s,UNRECOGNIZED,0
in,in,s,,0
Sheerelane,sheerelane,c,UNRECOGNIZED,0
",",",",s,,0
desire,desire,s,SubjectivePercept,0
her,her,s,SubjectivePercept,1
^,^,c,UNRECOGNIZED,0
o,o,s,LangRef,0
lend,lend,s,DirectAddress,0
me,me,s,DirectAddress,1
a,a,s,,0
pair,pair,n,SenseObject,0
of,of,s,SenseObject,1
sheets,sheets,c,SenseObject,0
",",",",s,,0
a,a,s,,0
p,p,c,LangRef,0
^^,^^,c,UNRECOGNIZED,0
lowbeere,lowbeere,c,UNRECOGNIZED,0
",",",",s,,0
half,half,s,Numbers,0
a,a,s,Numbers,1
dozen,dozen,s,Numbers,2
of,of,s,,0
^,^,c,UNRECOGNIZED,0
apkins,apkins,c,UNRECOGNIZED,0
",",",",s,,0
and,and,s,,0
a,a,s,,0
towell,towell,nn,UNRECOGNIZED,0
I,i,s,FirstPer,0
will,will,s,PredictedFuture,0
Sir,sir,c,PersonProperty,0
",",",",s,,0
Porber,porber,c,UNRECOGNIZED,0
^^,^^,s,UNRECOGNIZED,0
told,told,s,Citations,0
me,me,s,Citations,1
you,you,s,DirectAddress,0
have,have,s,DirectAddress,1
linen,linen,s,SenseObject,0
enough,enough,s,SubjectivePercept,0
of,of,s,DirectAddress,0
your,your,s,DirectAddress,1
own,own,c,DirectAddress,2
.,.,nnn,,0
He,he,s,Biographical_Time,0
was,was,s,Biographical_Time,1
the,the,s,Biographical_Time,2
more,more,s,Comparison,0
fool,fool,s,Negativity,0
to,to,s,,0
tell,tell,s,DirectAddress,0
you,you,s,DirectAddress,1
so,so,c,,0
*,*,s,,0
but,but,s,Resistance,0
you,you,s,Insist,0
must,must,s,Insist,1
not,not,s,DenyDisclaim,0
use,use,s,DenyDisclaim,1
to,to,s,,0
cross,cross,s,SpaceRelation,0
me,me,s,FirstPer,0
thus,thus,c,ReasonForward,0
.,.,n,Question,0
Do,do,s,Question,1
as,as,s,DirectAddress,0
you,you,s,DirectAddress,1
are,are,s,CommonAuthorities,0
bidden,bidden,c,CommonAuthorities,1
.,.,s,Future_Question,0
Will,will,s,Future_Question,1
not,not,s,DenyDisclaim,0
out,out,s,,0
own,own,s,ReportingEvents,0
la^t,la^t,s,UNRECOGNIZED,0
the,the,s,,0
longer,longer,s,Comparison,0
if,if,s,Contingency,0
we,we,s,,0
wear,wear,s,SpaceRelation,0
of,of,s,,0
other,other,n,Specifiers,0
folks,folks,s,PersonProperty,0
sometimes,sometimes,c,Contingency,0
?,?,s,Question,0
when,when,s,,0
we,we,s,ProjectBack,0
have,have,s,ProjectBack,1
gone,gone,s,ProjectBack,2
through,through,s,ProjectBack,3
all,all,s,Inclusive,0
our,our,s,Inclusive,1
friends,friends,s,StandardsPos,0
so,so,s,,0
often,often,s,RecurringEvents,0
that,that,s,DenyDisclaim,0
none,none,n,DenyDisclaim,1
will,will,s,PredictedFuture,0
lend,lend,s,ReportingEvents,0
us,us,c,Inclusive,0
",",",",s,,0
then,then,s,,0
it,it,s,Immediacy,0
is,is,s,Immediacy,1
time,time,s,Immediacy,2
enough,enough,s,SubjectivePercept,0
to,to,s,SubjectivePercept,1
wear,wear,s,SpaceRelation,0
our,our,s,Inclusive,0
own,own,nnn,Inclusive,1
I,i,s,FirstPer,0
understand,understand,s,PrivateThinking,0
the,the,s,PrivateThinking,1
conceit,conceit,s,SubjectivePercept,0
now,now,c,Immediacy,0
.,.,s,,0
I,i,s,FirstPer,0
Will,will,s,PredictedFuture,0
tell,tell,s,,0
her,her,s,PersonPronoun,0
you,you,s,DirectAddress,0
lo^t,lo^t,s,UNRECOGNIZED,0
your,your,s,DirectAddress,0
key,key,c,SenseObject,0
.,.,nnn,,0
Best,best,s,Generalization,0
of,of,s,Generalization,1
all,all,c,Generalization,2
.,.,s,Question,0
Do,do,s,Question,1
so,so,c,Intensity,0
.,.,s,Intensity,1
I,i,s,FirstPer,0
perceive,perceive,s,PrivateThinking,0
thou,thou,s,DirectAddress,0
need'st,need'st,s,UNRECOGNIZED,0
no,no,s,DenyDisclaim,0
broker,broker,c,PersonProperty,0
.,.,nnn,,0
No,no,s,OralCues,0
Sir,sir,c,OralCues,1
",",",",s,,0
no,no,c,DenyDisclaim,0
;,;,s,,0
such,such,s,Specifiers,0
a,a,s,Specifiers,1
tuitor,tuitor,s,UNRECOGNIZED,0
as,as,s,DirectAddress,0
you,you,s,DirectAddress,1
will,will,s,PredictedFuture,0
serve,serve,s,ReportingEvents,0
turn,turn,s,,0
well,well,s,SubjectivePercept,0
enough,enough,c,SubjectivePercept,1
.,.,nnnnnn,,0
I,i,s,Acknowledge,0
thank,thank,s,Acknowledge,1
you,you,s,Acknowledge,2
Sir,sir,c,PersonProperty,0
",",",",s,Resistance,0
but,but,s,Resistance,1
it,it,s,,0
is,is,s,ReportingStates,0
a,a,s,ReportingStates,1
thousand,thousand,s,Numbers,0
to,to,s,,0
one,one,s,Numbers,0
I,i,s,Insist,0
shall,shall,s,Insist,1
never,never,s,Insist,2
find,find,s,,0
him,him,c,PersonPronoun,0
;,;,s,,0
and,and,s,,0
if,if,n,Contingency,0
I,i,s,FirstPer,0
do,do,c,GenericEvents,0
",",",",s,GenericEvents,1
I,i,s,FirstPer,0
know,know,s,Uncertainty,0
not,not,s,Uncertainty,1
the,the,s,PersonProperty,0
man,man,c,PersonProperty,1
",",",",s,,0
and,and,s,,0
the,the,s,SenseObject,0
money,money,s,SenseObject,1
perhaps,perhaps,s,Uncertainty,0
spent,spent,nnn,ReportingEvents,0
If,if,s,Contingency,0
this,this,s,,0
fail,fail,s,StandardsNeg,0
I,i,s,FirstPer,0
Will,will,s,PredictedFuture,0
give,give,s,DirectAddress,0
you,you,s,DirectAddress,1
another,another,s,Specifiers,0
as,as,s,,0
beneficial,beneficial,s,StandardsPos,0
as,as,s,Specifiers,0
it,it,c,Specifiers,1
*,*,nnn,,0
That,that,s,Specifiers,0
Is,is,s,Specifiers,1
easily,easily,s,Confidence,0
done,done,c,Confidence,1
.,.,s,,0
For,for,s,,0
I,i,s,SelfDisclosure,0
think,think,s,SelfDisclosure,1
this,this,s,SelfDisclosure,2
is,is,s,SelfDisclosure,3
little,little,s,SenseProperty,0
worth,worth,c,AbstractConcepts,0
.,.,nnn,,0
I,i,s,SelfDisclosure,0
have,have,s,SelfDisclosure,1
an,an,s,SelfDisclosure,2
employment,employment,s,AbstractConcepts,0
for,for,s,DirectAddress,0
you,you,c,DirectAddress,1
",",",",s,,0
one,one,s,Numbers,0
Sir,sir,s,PersonProperty,0
Retlaw,retlaw,c,UNRECOGNIZED,0
",",",",s,,0
and,and,s,,0
Master,master,s,PersonProperty,0
Eloc,eloc,c,UNRECOGNIZED,0
",",",",s,,0
his,his,n,PersonPronoun,0
father-in-law,father-in-law,s,PersonProperty,0
are,are,s,ReportingStates,0
bound,bound,s,StandardsPos,0
with,with,s,StandardsPos,1
me,me,s,FirstPer,0
in,in,s,,0
diverse,diverse,s,AbstractConcepts,0
bonds,bonds,c,AbstractConcepts,0
",",",",s,,0
I,i,s,FirstPer,0
for,for,s,SubjectivePercept,0
them,them,c,SubjectivePercept,1
",",",",s,,0
and,and,s,,0
they,they,s,,0
for,for,s,SelfDisclosure,0
me,me,c,SelfDisclosure,1
.,.,n,,0
The,the,s,Specifiers,0
whole,whole,s,Specifiers,1
sum,sum,s,AbstractConcepts,0
is,is,s,ReportingStates,0
a,a,s,ReportingStates,1
thousand,thousand,s,Numbers,0
pound,pound,c,Motions,0
",",",",s,,0
the,the,s,,0
greater,greater,s,Comparison,0
part,part,s,,0
they,they,s,ReportingStates,0
are,are,s,ReportingStates,1
to,to,s,,0
pay,pay,c,ReportingEvents,0
.,.,s,,0
I,i,s,SelfDisclosure,0
have,have,n,SelfDisclosure,1
their,their,s,PersonPronoun,0
counter-bonds,counter-bonds,s,UNRECOGNIZED,0
for,for,s,Specifiers,0
all,all,c,Specifiers,1
.,.,s,Question,0
What,what,s,Question,1
they,they,s,,0
have,have,s,,0
for,for,s,,0
my,my,s,FirstPer,0
debt,debt,s,AbstractConcepts,0
I,i,s,FirstPer,0
know,know,s,Uncertainty,0
not,not,c,Uncertainty,1
.,.,s,,0
I,i,s,SelfDisclosure,0
would,would,n,SelfDisclosure,1
have,have,s,SelfDisclosure,2
you,you,s,DirectAddress,0
be,be,s,DirectAddress,1
perfect,perfect,s,StandardsPos,0
in,in,s,,0
the,the,s,,0
accounts,accounts,s,AbstractConcepts,0
as,as,s,TimeDuration,0
they,they,s,TimeDuration,1
stand,stand,s,SpaceRelation,0
in,in,s,SpaceRelation,1
my,my,s,FirstPer,0
book,book,c,,0
",",",",s,,0
and,and,s,Sequence,0
then,then,s,Sequence,1
demand,demand,n,Intensity,0
of,of,s,,0
them,them,s,,0
a,a,s,,0
reckoning,reckoning,s,PrivateThinking,0
between,between,s,Inclusive,0
us,us,nnn,Inclusive,1
Well,well,s,SenseObject,0
Sir,sir,c,PersonProperty,0
",",",",s,,0
this,this,s,,0
shall,shall,s,ProjectAhead,0
be,be,s,ProjectAhead,1
done,done,s,Sequence,0
with,with,s,Sequence,1
effect,effect,c,Consequence,0
.,.,nnn,,0
Sir,sir,s,PersonProperty,0
I,i,s,SelfDisclosure,0
have,have,s,SelfDisclosure,1
brought,brought,s,Narrative_Verbs,0
the,the,s,Narrative_Verbs,1
linen,linen,c,SenseObject,0
",",",",s,,0
she,she,s,PersonPronoun,0
lent,lent,s,AbstractConcepts,0
it,it,s,,0
willingly,willingly,c,SubjectivePercept,0
.,.,s,ReasonForward,0
So,so,s,ReasonForward,1
I,i,s,FirstPer,0
saved,saved,s,StandardsPos,0
the,the,s,StandardsPos,1
lie,lie,c,Motions,0
;,;,s,,0
she,she,n,PersonPronoun,0
desires,desires,s,Positivity,0
you,you,s,DirectAddress,0
to,to,s,,0
suppe,suppe,s,UNRECOGNIZED,0
with,with,s,,0
her,her,s,PersonPronoun,0
to,to,s,,0
night,night,nn,,0
Ha,ha,c,OralCues,0
",",",",s,,0
suppe,suppe,s,UNRECOGNIZED,0
there,there,c,,0
?,?,s,Question,0
with,with,s,Positivity,0
all,all,s,Positivity,1
my,my,s,Positivity,2
heart,heart,c,Positivity,3
.,.,s,Resistance,0
But,but,s,Resistance,1
how,how,s,,0
shall,shall,s,Future_Question,0
I,i,s,Future_Question,1
do,do,s,ReportingEvents,0
with,with,s,ReportingEvents,1
my,my,s,FirstPer,0
two,two,s,Numbers,0
eggs,eggs,s,SenseObject,0
at,at,n,SpaceRelation,0
home,home,c,SpaceRelation,1
?,?,s,Question,0
they,they,s,,0
will,will,s,Fear,0
be,be,s,Fear,1
too,too,s,Fear,2
stale,stale,c,Negativity,0
",",",",s,,0
remember,remember,s,ProjectBack,0
soon,soon,s,ProjectAhead,0
to,to,s,ProjectAhead,1
carry,carry,s,Motions,0
them,them,s,,0
to,to,s,,0
the,the,s,,0
Al,al,c,,0
^,^,c,UNRECOGNIZED,0
-,-,c,,0
house,house,c,SenseObject,0
",",",",n,Resistance,0
but,but,s,Resistance,1
measure,measure,s,ReportingEvents,0
them,them,s,ReportingEvents,1
well,well,s,SenseObject,0
in,in,s,DirectAddress,0
your,your,s,DirectAddress,1
hand,hand,s,SenseObject,0
with,with,s,,0
griping,griping,nnn,Negativity,0
I,i,s,FirstPer,0
will,will,s,PredictedFuture,0
Sir,sir,c,PersonProperty,0
.,.,s,,0
I,i,s,SelfDisclosure,0
would,would,s,SelfDisclosure,1
desire,desire,s,Positivity,0
your,your,s,DirectAddress,0
counsel,counsel,s,PersonProperty,0
in,in,s,,0
a,a,s,,0
matter,matter,s,AbstractConcepts,0
concerns,concerns,s,SubjectivePercept,0
my,my,s,FirstPer,0
self,self,c,SubjectivePercept,0
.,.,s,,0
One,one,n,Numbers,0
Frith,frith,c,SpaceRelation,0
",",",",s,,0
a,a,s,,0
neighbor,neighbor,s,PersonProperty,0
of,of,s,DirectAddress,0
yours,yours,s,DirectAddress,1
desires,desires,s,Positivity,0
to,to,s,Positivity,1
buy,buy,s,ReportingEvents,0
my,my,s,FirstPer,0
land,land,c,AbstractConcepts,0
",",",",s,,0
whereof,whereof,s,CommonAuthorities,0
you,you,s,DirectAddress,0
have,have,s,DirectAddress,1
the,the,n,DirectAddress,2
writings,writings,c,GenericEvents,0
",",",",s,,0
and,and,s,,0
will,will,s,PredictedFuture,0
give,give,s,ReportingEvents,0
me,me,s,ReportingEvents,1
more,more,s,Comparison,0
then,then,s,,0
it,it,s,,0
is,is,s,SubjectivePercept,0
worth,worth,c,SubjectivePercept,1
.,.,s,Future_Question,0
What,what,s,Future_Question,1
will,will,s,Future_Question,2
you,you,s,DirectAddress,0
advise,advise,s,ReportingEvents,0
met,met,s,SceneShift,0
to,to,n,SceneShift,1
do,do,nnn,Question,0
I,i,s,Question,1
think,think,s,PrivateThinking,0
it,it,s,,0
not,not,s,DenyDisclaim,0
amiss,amiss,s,DenyDisclaim,1
to,to,s,,0
take,take,s,ReportingEvents,0
his,his,s,ReportingEvents,1
money,money,c,AbstractConcepts,0
",",",",s,,0
and,and,s,,0
put,put,s,ReportingEvents,0
it,it,s,ReportingEvents,1
out,out,s,SceneShift,0
to,to,s,SceneShift,1
use,use,c,ReportingEvents,0
",",",",s,,0
and,and,s,,0
therein,therein,s,CommonAuthorities,0
I,i,n,Contingency,0
can,can,s,Contingency,1
pleasure,pleasure,s,Positivity,0
you,you,c,DirectAddress,0
.,.,s,,0
My,my,s,FirstPer,0
scrivener,scrivener,s,PersonProperty,0
shall,shall,s,ProjectAhead,0
do,do,s,ReportingEvents,0
it,it,s,ReportingEvents,1
as,as,s,ReportingEvents,2
for,for,s,SelfDisclosure,0
me,me,c,SelfDisclosure,1
",",",",s,,0
and,and,s,,0
he,he,s,PersonPronoun,0
will,will,s,PredictedFuture,0
get,get,s,,0
good,good,s,StandardsPos,0
men,men,n,StandardsPos,1
for,for,s,StandardsPos,0
your,your,s,StandardsPos,1
money,money,nnn,StandardsPos,2
I,i,s,Acknowledge,0
thank,thank,s,Acknowledge,1
you,you,s,Acknowledge,2
Sir,sir,c,PersonProperty,0
:,:,s,,0
then,then,s,Sequence,0
I,i,s,Sequence,1
will,will,s,PredictedFuture,0
absolutely,absolutely,s,Confidence,0
bargain,bargain,s,ReportingEvents,0
with,with,s,ReportingEvents,1
him,him,c,PersonPronoun,0
",",",",s,,0
and,and,s,,0
send,send,s,ReportingEvents,0
him,him,s,PersonPronoun,0
to,to,n,DirectAddress,0
you,you,s,DirectAddress,1
for,for,s,,0
the,the,s,GenericEvents,0
writings,writings,nnn,GenericEvents,1
Do,do,s,Intensity,0
so,so,c,Intensity,1
:,:,s,,0
but,but,s,Resistance,0
be,be,s,ReportingStates,0
not,not,s,DenyDisclaim,0
long,long,c,DenyDisclaim,1
:,:,s,,0
for,for,s,,0
I,i,s,SelfDisclosure,0
have,have,s,SelfDisclosure,1
business,business,s,AbstractConcepts,0
instantly,instantly,s,Immediacy,0
for,for,s,DirectAddress,0
you,you,c,DirectAddress,1
.,.,nn,Question,0
What,what,s,Question,1
an,an,s,,0
Ass,ass,s,Negativity,0
is,is,s,ReportingStates,0
this,this,c,,0
?,?,s,Question,0
does,does,s,Question,0
he,he,s,Question,1
think,think,s,PrivateThinking,0
I,i,s,FirstPer,0
will,will,s,PredictedFuture,0
let,let,s,ReportingEvents,0
any,any,s,,0
man,man,s,PersonProperty,0
buy,buy,s,ReportingEvents,0
a,a,s,ReportingEvents,1
thing,thing,s,Uncertainty,0
so,so,s,,0
near,near,n,SpaceRelation,0
my,my,s,FirstPer,0
nose,nose,c,SenseObject,0
",",",",s,Resistance,0
but,but,s,Resistance,1
I,i,s,FirstPer,0
will,will,s,PredictedFuture,0
lay,lay,s,SpaceRelation,0
hold,hold,s,SpaceRelation,1
of,of,s,SpaceRelation,2
it,it,s,,0
with,with,s,,0
my,my,s,FirstPer,0
teeth,teeth,c,SenseObject,0
?,?,s,Question,0
I,i,s,Metadiscourse,0
will,will,s,Metadiscourse,1
have,have,s,Metadiscourse,2
his,his,s,PersonPronoun,0
land,land,s,AbstractConcepts,0
do,do,s,SubjectivePercept,0
what,what,n,SubjectivePercept,1
he,he,s,SubjectivePercept,2
can,can,c,SubjectivePercept,3
.,.,s,DirectAddress,0
And,and,s,DirectAddress,1
I,i,s,Metadiscourse,0
will,will,s,Metadiscourse,1
have,have,s,Metadiscourse,2
it,it,s,,0
one,one,s,Numbers,0
40,40,c,Numbers,0
^,^,s,UNRECOGNIZED,0
the,the,s,,0
cheaper,cheaper,s,Comparison,0
for,for,s,,0
this,this,s,,0
trick,trick,c,SubjectivePercept,0
",",",",s,,0
that,that,s,PredictedFuture,0
he,he,s,PredictedFuture,1
will,will,n,PredictedFuture,2
offer,offer,s,ProjectAhead,0
to,to,s,ProjectAhead,1
sell,sell,s,GenericEvents,0
it,it,s,,0
from,from,s,SelfDisclosure,0
me,me,c,SelfDisclosure,1
.,.,s,,0
He,he,s,PrivateThinking,0
thinks,thinks,s,PrivateThinking,1
belike,belike,s,Contingency,0
to,to,s,,0
make,make,s,ReportingEvents,0
a,a,s,,0
porter,porter,s,PersonProperty,0
of,of,s,,0
me,me,s,FirstPer,0
to,to,s,,0
carry,carry,s,Motions,0
his,his,n,GenericEvents,0
writings,writings,s,GenericEvents,1
from,from,s,,0
Lawyer,lawyer,s,PersonProperty,0
to,to,s,,0
Lawyer,lawyer,c,PersonProperty,0
;,;,s,Resistance,0
but,but,s,Resistance,1
if,if,s,Contingency,0
I,i,s,FirstPer,0
be,be,c,ReportingStates,0
",",",",s,,0
I,i,s,FirstPer,0
will,will,s,PredictedFuture,0
be,be,s,PredictedFuture,1
well,well,s,SenseObject,0
paid,paid,s,ReportingEvents,0
for,for,s,ReportingEvents,1
my,my,s,FirstPer,0
pains,pains,c,SenseProperty,0
.,.,s,,0
I,i,n,SelfDisclosure,0
have,have,s,SelfDisclosure,1
a,a,s,,0
device,device,s,SenseObject,0
in,in,s,SelfDisclosure,0
my,my,s,SelfDisclosure,1
head,head,c,SelfDisclosure,2
",",",",s,Aside,0
which,which,s,Aside,1
I,i,s,FirstPer,0
will,will,s,PredictedFuture,0
extend,extend,s,ReportingEvents,0
to,to,s,,0
the,the,s,,0
uttermost,uttermost,c,Intensity,0
",",",",s,,0
seeing,seeing,s,,0
he,he,s,Neutral_Attribution,0
puts,puts,n,Neutral_Attribution,1
me,me,s,FirstPer,0
to,to,s,,0
it,it,c,,0
.,.,s,,0
Trust,trust,c,Confidence,0
?,?,s,Question,0
there,there,s,ReportingStates,0
is,is,s,ReportingStates,1
a,a,s,ReportingStates,2
trust,trust,s,Confidence,0
with,with,s,Positivity,0
all,all,s,Positivity,1
my,my,s,Positivity,2
heart,heart,s,Positivity,3
to,to,s,,0
serve,serve,s,ReportingEvents,0
other,other,s,Specifiers,0
men's,men's,s,PersonProperty,0
turns,turns,c,,0
.,.,n,,0
No,no,c,OralCues,0
",",",",s,OralCues,1
I,i,s,Autobio,0
never,never,s,Autobio,1
Iou'd,iou'd,s,UNRECOGNIZED,0
that,that,c,,0
.,.,s,,0
I,i,s,Autobio,0
remember,remember,s,Autobio,1
to,to,s,,0
have,have,s,,0
learned,learned,s,ReportingEvents,0
that,that,s,ReportingEvents,1
charity,charity,s,StandardsPos,0
begins,begins,s,Sequence,0
with,with,s,Sequence,1
it,it,n,,0
self,self,c,SubjectivePercept,0
.,.,s,DirectAddress,0
And,and,s,DirectAddress,1
a,a,s,,0
Cook,cook,s,AbstractConcepts,0
licks,licks,s,ReportingEvents,0
his,his,s,ReportingEvents,1
own,own,s,ReportingEvents,0
fingers,fingers,s,SenseObject,0
before,before,s,Sequence,0
he,he,s,PersonPronoun,0
di^hes,di^hes,s,UNRECOGNIZED,0
the,the,s,SenseObject,0
meat,meat,s,SenseObject,1
for,for,n,Specifiers,0
others,others,c,Specifiers,1
.,.,s,Question,0
Do,do,s,Question,1
they,they,s,Question,2
not,not,s,Uncertainty,0
know,know,s,Uncertainty,1
what,what,s,Uncertainty,2
it,it,s,,0
is,is,s,ProjectAhead,0
to,to,s,ProjectAhead,1
get,get,s,,0
writings,writings,s,GenericEvents,0
out,out,s,Contingency,0
of,of,s,Contingency,1
my,my,s,Contingency,2
hands,hands,c,Contingency,3
?,?,s,Question,0
It,it,s,PrivateThinking,0
seems,seems,n,PrivateThinking,1
they,they,s,Biographical_Time,0
never,never,s,Biographical_Time,1
entered,entered,s,ReportingEvents,0
bond,bond,s,AbstractConcepts,0
to,to,s,SelfDisclosure,0
me,me,c,SelfDisclosure,1
.,.,s,,0
If,if,s,Contingency,0
they,they,s,Contingency,1
had,had,c,Contingency,2
",",",",s,,0
they,they,s,Biographical_Time,0
would,would,s,Biographical_Time,1
not,not,s,DenyDisclaim,0
presume,presume,s,ReasonForward,0
thus,thus,c,ReasonForward,0
.,.,s,,0
If,if,n,Contingency,0
nothing,nothing,s,Contingency,1
else,else,s,Contingency,2
would,would,s,ProjectBack,0
serve,serve,s,ProjectAhead,0
to,to,s,ProjectAhead,1
hold,hold,s,,0
them,them,c,,0
",",",",s,Resistance,0
yet,yet,s,Resistance,1
this,this,s,,0
I,i,s,Contingency,0
can,can,s,Contingency,1
allege,allege,c,Neg_Citation,0
",",",",s,,0
that,that,s,,0
they,they,s,ReportingStates,0
are,are,s,ReportingStates,1
my,my,n,FirstPer,0
security,security,s,StandardsPos,0
for,for,s,,0
his,his,s,PersonPronoun,0
good,good,s,StandardsPos,0
behavior,behavior,s,StandardsPos,1
(,(,c,,0
although,although,s,Concessive,0
I,i,s,FirstPer,0
care,care,s,Negativity,0
not,not,s,Negativity,1
six,six,s,Numbers,0
pence,pence,s,AbstractConcepts,0
for,for,s,Specifiers,0
any,any,n,Specifiers,1
security,security,c,StandardsPos,0
",",",",s,,0
because,because,s,ReasonBackward,0
I,i,s,Autobio,0
never,never,s,Autobio,1
mean,mean,s,ProjectAhead,0
to,to,s,ProjectAhead,1
trust,trust,s,Confidence,0
him,him,s,Confidence,1
for,for,s,Confidence,2
a,a,s,SenseObject,0
crowns,crowns,s,SenseObject,1
worth,worth,s,AbstractConcepts,0
of,of,s,,0
any,any,s,Specifiers,0
thing,thing,c,Specifiers,1
.,.,n,DirectAddress,0
And,and,s,DirectAddress,1
I,i,s,SelfDisclosure,0
have,have,s,SelfDisclosure,1
all,all,s,DirectAddress,0
you,you,s,DirectAddress,1
to,to,s,,0
witness,witness,c,PersonProperty,0
",",",",s,,0
that,that,s,,0
for,for,s,,0
his,his,s,PersonPronoun,0
good,good,s,StandardsPos,0
behavior,behavior,s,StandardsPos,1
he,he,s,Neutral_Attribution,0
pawned,pawned,s,Neutral_Attribution,1
them,them,s,,0
to,to,s,SelfDisclosure,0
me,me,nn,SelfDisclosure,1
I,i,s,SelfDisclosure,0
am,am,s,SelfDisclosure,1
glad,glad,s,Positivity,0
to,to,s,Positivity,1
meet,meet,s,ReportingEvents,0
you,you,s,DirectAddress,0
here,here,s,SpaceRelation,0
Sir,sir,c,PersonProperty,0
",",",",s,,0
your,your,s,Positivity,0
man,man,s,Positivity,1
and,and,s,,0
I,i,s,SelfDisclosure,0
have,have,s,SelfDisclosure,1
bargained,bargained,s,ProjectAhead,0
for,for,s,ProjectAhead,1
his,his,s,PersonPronoun,0
land,land,n,AbstractConcepts,0
not,not,s,SpaceRelation,0
far,far,s,SpaceRelation,1
from,from,s,SpaceRelation,2
me,me,c,FirstPer,0
",",",",s,Resistance,0
but,but,s,Resistance,1
very,very,s,Intensity,0
near,near,s,SpaceRelation,0
you,you,nnn,DirectAddress,0
Welcome,welcome,s,Positivity,0
neighbor,neighbor,s,PersonProperty,0
Frith,frith,c,SpaceRelation,0
.,.,s,DirectAddress,0
Let,let,s,DirectAddress,1
me,me,s,DirectAddress,2
speak,speak,s,SpaceRelation,0
with,with,s,SpaceRelation,1
you,you,s,DirectAddress,0
a^ide,a^ide,c,UNRECOGNIZED,0
.,.,s,Imperative,0
Take,take,s,Imperative,1
heed,heed,s,PrivateThinking,0
what,what,s,DirectAddress,0
you,you,s,DirectAddress,1
do,do,c,GenericEvents,0
.,.,n,GenericEvents,1
His,his,s,PersonPronoun,0
title,title,s,LangRef,0
is,is,s,ReportingStates,0
naught,naught,c,Negativity,0
",",",",s,,0
else,else,s,Contingency,0
I,i,s,SelfDisclosure,0
would,would,s,SelfDisclosure,1
have,have,s,SelfDisclosure,2
had,had,s,ProjectBack,0
it,it,s,,0
my,my,s,FirstPer,0
self,self,c,SubjectivePercept,0
",",",",s,,0
and,and,s,,0
you,you,s,DirectAddress,0
know,know,s,DirectAddress,1
it,it,s,DirectAddress,2
lies,lies,s,,0
^,^,c,UNRECOGNIZED,0
it,it,n,,0
for,for,s,SelfDisclosure,0
me,me,c,SelfDisclosure,1
.,.,s,Resistance,0
But,but,s,Resistance,1
let,let,s,ReportingEvents,0
him,him,s,ReportingEvents,1
not,not,s,Uncertainty,0
know,know,s,Uncertainty,1
I,i,s,FirstPer,0
said,said,s,Citations,0
so,so,nnn,,0
I,i,s,FirstPer,0
were,were,s,ProjectBack,0
much,much,s,Intensity,0
to,to,s,Anger,0
blame,blame,s,Anger,1
if,if,s,Contingency,0
I,i,s,Insist,0
should,should,s,Insist,1
Sir,sir,c,PersonProperty,0
:,:,s,,0
no,no,c,OralCues,0
",",",",s,OralCues,1
I,i,s,FirstPer,0
warrant,warrant,s,CommonAuthorities,0
you,you,c,DirectAddress,0
.,.,s,,0
I,i,s,Acknowledge,0
thank,thank,s,Acknowledge,1
you,you,s,Acknowledge,2
for,for,s,,0
this,this,n,,0
caveat,caveat,c,Resistance,0
.,.,s,,0
I,i,s,FirstPer,0
might,might,s,ProjectAhead,0
soon,soon,s,ProjectAhead,1
have,have,s,,0
lost,lost,s,Sad,0
my,my,s,Sad,1
money,money,s,AbstractConcepts,0
so,so,nnn,,0
Stay,stay,s,TimeDuration,0
awhile,awhile,c,TimeDuration,0
",",",",s,,0
you,you,s,Insist,0
shall,shall,s,Insist,1
hear,hear,s,SpaceRelation,0
more,more,s,Comparison,0
to,to,s,Intensity,0
his,his,s,Intensity,1
face,face,c,Intensity,2
.,.,s,Imperative,0
Come,come,s,Imperative,1
hither,hither,s,SpaceRelation,0
Simplo,simplo,c,UNRECOGNIZED,0
.,.,s,,0
This,this,s,,0
honest,honest,n,StandardsPos,0
man,man,s,StandardsPos,1
tells,tells,s,Citations,0
me,me,c,Citations,1
",",",",s,,0
he,he,s,Updates,0
is,is,s,Updates,1
in,in,s,,0
speech,speech,s,LangRef,0
with,with,s,DirectAddress,0
you,you,s,DirectAddress,1
about,about,s,DirectAddress,0
your,your,s,DirectAddress,1
land,land,c,AbstractConcepts,0
",",",",s,,0
and,and,s,,0
I,i,s,Autobio,0
was,was,s,Autobio,1
content,content,s,Positivity,0
to,to,s,Positivity,1
^,^,c,UNRECOGNIZED,0
et,et,n,AbstractConcepts,0
you,you,s,DirectAddress,0
run,run,s,ReportingEvents,0
(,(,c,,0
...,...,c,UNRECOGNIZED,0
),),s,,0
your,your,s,DirectAddress,0
course,course,c,AbstractConcepts,0
.,.,s,Resistance,0
But,but,s,Resistance,1
do,do,s,DirectAddress,0
you,you,s,DirectAddress,1
forget,forget,s,Negativity,0
that,that,s,Negativity,1
it,it,s,,0
is,is,s,ReportingStates,0
pawned,pawned,s,ReportingEvents,0
to,to,s,SelfDisclosure,0
me,me,s,SelfDisclosure,1
for,for,s,DirectAddress,0
your,your,n,DirectAddress,1
good,good,s,StandardsPos,0
behavior,behavior,nnn,StandardsPos,1
Sir,sir,c,PersonProperty,0
",",",",s,,0
such,such,s,Specifiers,0
a,a,s,Specifiers,1
thing,thing,s,Specifiers,2
there,there,s,ProjectBack,0
was,was,c,ProjectBack,1
.,.,s,Resistance,0
But,but,s,Resistance,1
my,my,s,FirstPer,0
hope,hope,s,Positivity,0
is,is,s,DirectAddress,0
you,you,s,DirectAddress,1
will,will,s,PredictedFuture,0
not,not,s,PredictedFuture,1
be,be,s,PredictedFuture,2
my,my,s,FirstPer,0
hinderance,hinderance,c,Resistance,0
.,.,nnn,,0
Your,your,s,DirectAddress,0
hinderance,hinderance,c,Resistance,0
.,.,s,,0
No,no,c,DenyDisclaim,0
;,;,s,Resistance,0
but,but,s,Resistance,1
if,if,s,Contingency,0
this,this,s,,0
be,be,s,ReportingStates,0
true,true,s,StandardsPos,0
(,(,c,Aside,0
as,as,s,Aside,1
you,you,s,Confront,0
cannot,cannot,s,Confront,1
deny,deny,s,Repair_Citation,0
it,it,c,,0
),),s,,0
have,have,s,DirectAddress,0
you,you,s,DirectAddress,1
not,not,n,DenyDisclaim,0
forfeited,forfeited,s,,0
your,your,s,DirectAddress,0
land,land,s,AbstractConcepts,0
and,and,s,,0
w,w,c,LangRef,0
^^,^^,c,UNRECOGNIZED,0
tings,tings,s,SenseProperty,0
by,by,s,DirectAddress,0
your,your,s,DirectAddress,1
evil,evil,s,StandardsNeg,0
behavior,behavior,c,GenericEvents,0
",",",",s,,0
offering,offering,s,ProjectAhead,0
to,to,s,ProjectAhead,1
sell,sell,s,GenericEvents,0
it,it,n,,0
^,^,c,UNRECOGNIZED,0
o,o,s,LangRef,0
a,a,s,SubjectivePercept,0
strange,strange,c,SubjectivePercept,1
^,^,s,UNRECOGNIZED,0
and,and,s,DenyDisclaim,0
not,not,s,DenyDisclaim,1
to,to,s,SelfDisclosure,0
me,me,nnn,SelfDisclosure,1
That,that,s,Specifiers,0
Is,is,s,Specifiers,1
a,a,s,Specifiers,2
plain,plain,s,SenseProperty,0
case,case,s,AbstractConcepts,0
Sir,sir,c,PersonProperty,0
.,.,s,,0
I,i,s,FirstPer,0
Will,will,s,PredictedFuture,0
not,not,s,PredictedFuture,1
(,(,c,,0
...,...,c,UNRECOGNIZED,0
),),s,,0
with,with,s,,0
hi,hi,c,OralCues,0
^,^,s,UNRECOGNIZED,0
land,land,c,AbstractConcepts,0
",",",",s,,0
nor,nor,s,DenyDisclaim,0
any,any,s,Specifiers,0
of,of,s,Specifiers,1
my,my,n,FirstPer,0
neighbors,neighbors,s,PersonProperty,0
shall,shall,c,ProjectAhead,0
",",",",s,ReasonForward,0
for,for,s,ReasonForward,1
I,i,s,ReasonForward,2
will,will,s,PredictedFuture,0
(,(,c,,0
...,...,c,UNRECOGNIZED,0
),),s,,0
them,them,s,,0
all,all,c,,0
^,^,s,UNRECOGNIZED,0
Nay,nay,c,OralCues,0
",",",",s,,0
I,i,s,ReceivedPOV,0
may,may,s,ReceivedPOV,1
say,say,s,ReceivedPOV,2
to,to,s,DirectAddress,0
you,you,s,DirectAddress,1
Sir,sir,c,PersonProperty,0
",",",",s,,0
I,i,s,SelfDisclosure,0
am,am,n,SelfDisclosure,1
told,told,s,ReportingEvents,0
he,he,s,Neutral_Attribution,0
has,has,s,Neutral_Attribution,1
no,no,s,Negativity,0
good,good,s,Negativity,1
title,title,s,LangRef,0
to,to,s,,0
it,it,nnn,,0
Were,were,s,ProjectBack,0
you,you,s,DirectAddress,0
told,told,s,ReportingEvents,0
so,so,c,,0
?,?,s,Question,0
Well,well,c,OralCues,0
",",",",s,OralCues,1
farewell,farewell,s,SceneShift,0
neighbor,neighbor,s,PersonProperty,0
Frith,frith,c,SpaceRelation,0
.,.,s,,0
Simplo,simplo,c,UNRECOGNIZED,0
.,.,s,,0
To,to,s,TimeDuration,0
keep,keep,s,TimeDuration,1
your,your,s,DirectAddress,0
land,land,c,AbstractConcepts,0
*,*,n,,0
no,no,s,DenyDisclaim,0
man,man,s,DenyDisclaim,1
will,will,s,PredictedFuture,0
be,be,s,PredictedFuture,1
your,your,s,DirectAddress,0
Tenant,tenant,c,PersonProperty,0
?,?,s,Question,0
and,and,s,,0
to,to,s,,0
^,^,c,UNRECOGNIZED,0
ell,ell,s,SenseObject,0
it,it,c,,0
",",",",s,Future_Question,0
who,who,s,Future_Question,1
will,will,s,Future_Question,2
dea,dea,c,UNRECOGNIZED,0
^^,^^,s,UNRECOGNIZED,0
with,with,s,DirectAddress,0
you,you,c,DirectAddress,1
?,?,s,Question,0
Did,did,s,DirectAddress,0
you,you,n,DirectAddress,1
not,not,s,DenyDisclaim,0
hear,hear,s,SpaceRelation,0
him,him,s,PersonPronoun,0
say,say,s,Citations,0
it,it,s,Uncertainty,0
is,is,s,Uncertainty,1
reported,reported,s,Uncertainty,2
you,you,s,DirectAddress,0
have,have,s,DirectAddress,1
no,no,s,Negativity,0
good,good,s,Negativity,1
title,title,c,LangRef,0
?,?,s,Question,0
Well,well,c,SenseObject,0
;,;,s,,0
in,in,s,ProjectAhead,0
hope,hope,s,ProjectAhead,1
you,you,s,DirectAddress,0
will,will,n,PredictedFuture,0
do,do,s,Intensity,0
me,me,s,FirstPer,0
true,true,s,StandardsPos,0
service,service,c,StandardsPos,0
",",",",s,,0
I,i,s,FirstPer,0
will,will,s,DirectAddress,0
help,help,s,DirectAddress,1
you,you,s,DirectAddress,2
out,out,s,,0
of,of,s,,0
these,these,s,Immediacy,0
briars,briars,c,SenseObject,0
.,.,s,DirectAddress,0
Tell,tell,s,DirectAddress,1
me,me,s,DirectAddress,2
true,true,c,StandardsPos,0
*,*,s,,0
What,what,n,Future_Question,0
should,should,s,Future_Question,1
he,he,s,Future_Question,2
have,have,s,,0
given,given,s,ReportingStates,0
for,for,s,DirectAddress,0
your,your,s,DirectAddress,1
land,land,nnn,AbstractConcepts,0
Indeed,indeed,s,Intensity,0
Sir,sir,s,PersonProperty,0
he,he,s,Insist,0
should,should,s,Insist,1
have,have,s,Insist,2
paid,paid,s,ReportingEvents,0
me,me,s,FirstPer,0
150,150,c,Numbers,0
^,^,c,UNRECOGNIZED,0
.,.,s,DirectAddress,0
And,and,s,DirectAddress,1
if,if,s,Contingency,0
you,you,s,DirectAddress,0
help,help,s,SelfDisclosure,0
me,me,s,SelfDisclosure,1
not,not,s,DenyDisclaim,0
I,i,s,SelfDisclosure,0
am,am,s,SelfDisclosure,1
undone,undone,c,Negativity,0
.,.,nnn,,0
It,it,s,ProjectBack,0
had,had,s,ProjectBack,1
been,been,s,ProjectBack,2
worth,worth,s,AbstractConcepts,0
150,150,c,Numbers,0
^,^,c,UNRECOGNIZED,0
.,.,s,,0
if,if,s,Contingency,0
it,it,s,Contingency,1
had,had,s,ProjectBack,0
not,not,s,ProjectBack,1
been,been,s,ProjectBack,2
thus,thus,s,ReasonForward,0
disgraced,disgraced,c,StandardsNeg,0
",",",",s,Resistance,0
but,but,s,Resistance,1
now,now,s,Immediacy,0
it,it,s,,0
is,is,n,SubjectivePercept,0
worth,worth,s,SubjectivePercept,1
little,little,c,SenseProperty,0
.,.,s,OralCues,0
Well,well,c,OralCues,1
",",",",s,OralCues,2
if,if,s,Contingency,0
I,i,s,FirstPer,0
give,give,s,DirectAddress,0
you,you,s,DirectAddress,1
100,100,c,Numbers,0
^,^,c,UNRECOGNIZED,0
.,.,s,,0
for,for,s,,0
it,it,c,,0
",",",",s,Future_Question,0
what,what,s,Future_Question,1
will,will,s,Future_Question,2
you,you,s,DirectAddress,0
say,say,nnn,DirectAddress,1
If,if,s,Contingency,0
you,you,s,DirectAddress,0
will,will,s,PredictedFuture,0
give,give,s,ReportingEvents,0
me,me,s,ReportingEvents,1
100,100,c,Numbers,0
^,^,c,UNRECOGNIZED,0
.,.,s,,0
for,for,s,,0
it,it,c,,0
",",",",s,,0
I,i,s,Metadiscourse,0
shall,shall,s,Metadiscourse,1
think,think,s,PrivateThinking,0
my,my,s,FirstPer,0
self,self,s,SubjectivePercept,0
much,much,s,Intensity,0
bound,bound,s,AbstractConcepts,0
to,to,s,AbstractConcepts,1
you,you,n,DirectAddress,0
while,while,s,TimeDuration,0
I,i,s,SelfDisclosure,0
live,live,c,SelfDisclosure,1
.,.,s,ReasonForward,0
And,and,s,ReasonForward,1
so,so,s,ReasonForward,2
I,i,s,FirstPer,0
doubt,doubt,s,Uncertainty,0
not,not,s,Uncertainty,1
but,but,s,Resistance,0
you,you,s,DirectAddress,0
will,will,s,PredictedFuture,0
keep,keep,s,TimeDuration,0
the,the,s,SenseObject,0
land,land,s,SenseObject,1
safe,safe,c,StandardsPos,0
.,.,s,,0
For,for,s,,0
the,the,n,,0
title,title,s,LangRef,0
was,was,s,ProjectBack,0
as,as,s,Comparison,0
good,good,s,Comparison,1
as,as,s,Comparison,2
could,could,s,Contingency,0
be,be,s,Contingency,1
until,until,s,TimeDuration,0
you,you,s,DirectAddress,0
had,had,s,DirectAddress,1
my,my,s,FirstPer,0
writings,writings,c,GenericEvents,0
.,.,s,,0
It,it,s,Contingency,0
may,may,s,Contingency,1
be,be,s,Contingency,2
they,they,s,Neutral_Attribution,0
took,took,n,Neutral_Attribution,1
wet,wet,s,SenseProperty,0
in,in,s,Immediacy,0
the,the,s,Immediacy,1
last,last,s,Immediacy,2
great,great,s,Intensity,0
rain,rain,c,SenseObject,0
",",",",s,ReasonForward,0
and,and,s,ReasonForward,1
so,so,s,ReasonForward,2
they,they,s,Intensity,0
did,did,s,Intensity,1
shrink,shrink,nnn,Transformation,0
I,i,s,FirstPer,0
will,will,s,PredictedFuture,0
give,give,s,,0
thee,thee,s,DirectAddress,0
100,100,c,Numbers,0
^,^,c,UNRECOGNIZED,0
.,.,s,DirectAddress,0
And,and,s,DirectAddress,1
no,no,s,DenyDisclaim,0
rain,rain,s,SenseObject,0
will,will,s,PredictedFuture,0
shrink,shrink,s,Transformation,0
the,the,s,SenseObject,0
money,money,c,SenseObject,1
:,:,s,,0
the,the,s,SenseObject,0
Sun,sun,s,SenseObject,1
will,will,s,PredictedFuture,0
do,do,n,ReportingEvents,0
it,it,s,ReportingEvents,1
most,most,s,Comparison,0
hurt,hurt,c,Negativity,0
:,:,s,,0
for,for,s,,0
it,it,s,PredictedFuture,0
will,will,s,PredictedFuture,1
melt,melt,s,Motions,0
very,very,s,SubjectiveTime,0
fast,fast,nnn,SubjectiveTime,1
You,you,s,DirectAddress,0
know,know,s,DirectAddress,1
how,how,s,Curiosity,0
to,to,s,Curiosity,1
keep,keep,s,Resistance,0
it,it,s,Resistance,1
from,from,s,Resistance,2
melting,melting,s,Motions,0
better,better,s,Comparison,0
then,then,s,Sequence,0
I,i,c,Sequence,1
.,.,s,DirectAddress,0
Let,let,s,DirectAddress,1
me,me,s,DirectAddress,2
entreat,entreat,s,Request,0
you,you,s,DirectAddress,0
to,to,n,,0
order,order,s,AbstractConcepts,0
it,it,s,,0
as,as,s,DirectAddress,0
your,your,s,DirectAddress,1
own,own,nnn,ReportingEvents,0
I,i,s,FirstPer,0
will,will,s,PredictedFuture,0
give,give,s,,0
thee,thee,s,DirectAddress,0
my,my,s,FirstPer,0
credit,credit,s,StandardsPos,0
for,for,s,StandardsPos,1
that,that,c,,0
.,.,nnn,,0
It,it,c,,0
*,*,s,,0
is,is,s,Intensity,0
much,much,s,Intensity,1
to,to,s,GenericEvents,0
be,be,s,GenericEvents,1
feared,feared,s,Fear,0
that,that,s,Fear,1
this,this,s,,0
greedy,greedy,s,Negativity,0
griper,griper,s,Negativity,0
will,will,s,PredictedFuture,0
utterly,utterly,s,Intensity,0
spoil,spoil,s,Negativity,0
this,this,n,,0
poor,poor,s,PersonProperty,0
man,man,s,PersonProperty,1
both,both,s,,0
of,of,s,,0
money,money,s,AbstractConcepts,0
and,and,s,,0
land,land,c,AbstractConcepts,0
",",",",s,,0
h,h,c,LangRef,0
^^,^^,s,UNRECOGNIZED,0
mind,mind,s,SubjectivePercept,0
is,is,s,ReportingStates,0
altogether,altogether,s,Intensity,0
upon,upon,s,,0
dece,dece,c,UNRECOGNIZED,0
^^,^^,s,UNRECOGNIZED,0
and,and,s,,0
ruin,ruin,n,Negativity,0
of,of,s,AbstractConcepts,0
others,others,c,AbstractConcepts,1
.,.,s,,0
Tispitie,tispitie,s,UNRECOGNIZED,0
any,any,s,,0
^,^,c,UNRECOGNIZED,0
onest,onest,s,UNRECOGNIZED,0
body,body,s,SenseObject,0
should,should,s,Insist,0
have,have,s,ReportingEvents,0
to,to,s,ReportingEvents,1
do,do,s,ReportingEvents,2
with,with,s,ReportingEvents,3
him,him,s,PersonPronoun,0
that,that,s,,0
^^^,^^^,c,UNRECOGNIZED,0
dieth,dieth,n,UNRECOGNIZED,0
nothing,nothing,s,Intensity,0
but,but,s,Intensity,1
mischief,mischief,nnn,StandardsNeg,0
I,i,s,SelfReluctance,0
am,am,s,SelfReluctance,1
sorry,sorry,s,SelfReluctance,2
to,to,s,SelfReluctance,3
see,see,s,,0
so,so,s,Intensity,0
much,much,s,Intensity,1
wickedness,wickedness,s,Negativity,0
in,in,s,,0
one,one,s,Numbers,0
man,man,s,Numbers,1
as,as,s,,0
appears,appears,s,SpaceRelation,0
in,in,s,SpaceRelation,1
him,him,c,PersonPronoun,0
",",",",s,,0
he,he,s,Updates,0
is,is,n,Updates,1
able,able,s,StandardsPos,0
to,to,s,StandardsPos,1
infect,infect,s,StandardsNeg,0
a,a,s,Specifiers,0
whole,whole,s,Specifiers,1
country,country,c,AbstractConcepts,0
.,.,s,DirectAddress,0
And,and,s,DirectAddress,1
it,it,s,,0
were,were,s,ProjectBack,0
a,a,s,Positivity,0
happy,happy,s,Positivity,1
thing,thing,s,Uncertainty,0
if,if,s,Contingency,0
he,he,s,Contingency,1
were,were,n,Contingency,2
banished,banished,s,Resistance,0
the,the,s,,0
commerce,commerce,s,AbstractConcepts,0
of,of,s,Specifiers,0
all,all,s,Specifiers,1
Christians,christians,nnn,PersonProperty,0
Of,of,s,Specifiers,0
all,all,s,Specifiers,1
the,the,s,Specifiers,2
music,music,s,SenseProperty,0
in,in,s,Intensity,0
the,the,s,Intensity,1
world,world,s,Intensity,2
there,there,s,ReportingStates,0
is,is,s,ReportingStates,1
none,none,s,DenyDisclaim,0
like,like,s,SubjectivePercept,0
to,to,s,SubjectivePercept,1
that,that,s,Specifiers,0
which,which,s,Specifiers,1
is,is,s,ReportingStates,0
found,found,s,SpaceRelation,0
in,in,n,SpaceRelation,1
hauking,hauking,c,UNRECOGNIZED,0
.,.,s,,0
For,for,c,,0
",",",",s,,0
the,the,s,,0
questing,questing,s,ProjectAhead,0
of,of,s,,0
Spaniels,spaniels,c,SenseObject,0
",",",",s,,0
the,the,s,,0
spring,spring,s,SpaceRelation,0
of,of,s,SpaceRelation,1
pa,pa,c,AbstractConcepts,0
^^,^^,c,UNRECOGNIZED,0
ridges,ridges,c,SenseObject,0
",",",",s,,0
the,the,s,,0
gingling,gingling,n,UNRECOGNIZED,0
of,of,s,,0
Hawks,hawks,s,SenseObject,0
bells,bells,c,SenseObject,0
",",",",s,,0
and,and,s,,0
thundering,thundering,s,SenseProperty,0
of,of,s,,0
horse,horse,s,SenseObject,0
heels,heels,s,SenseObject,0
is,is,s,Positivity,0
the,the,s,Positivity,1
best,best,s,Positivity,2
consort,consort,c,Negativity,0
",",",",s,,0
and,and,s,,0
pleases,pleases,n,Positivity,0
me,me,s,FirstPer,0
above,above,s,Intensity,0
all,all,s,Intensity,1
delights,delights,nn,Positivity,0
Your,your,s,DirectAddress,0
Comparison,comparison,s,Comparison,0
is,is,s,Negativity,0
too,too,s,Negativity,1
general,general,c,AbstractConcepts,0
.,.,s,Question,0
Had,had,s,Question,1
you,you,s,DirectAddress,0
excepted,excepted,s,Exceptions,0
hunting,hunting,s,ReportingEvents,0
I,i,s,FirstPer,0
might,might,s,Contingency,0
have,have,s,Contingency,1
joined,joined,n,Inclusive,0
hands,hands,s,Inclusive,1
with,with,s,Inclusive,2
you,you,s,DirectAddress,0
against,against,s,,0
all,all,s,Generalization,0
others,others,c,Generalization,1
",",",",s,Resistance,0
but,but,s,Resistance,1
now,now,s,Immediacy,0
I,i,s,SelfDisclosure,0
am,am,s,SelfDisclosure,1
become,become,s,Transformation,0
your,your,s,DirectAddress,0
adversary,adversary,c,Resistance,0
.,.,s,,0
For,for,s,ReasonBackward,0
it,it,n,ReasonBackward,1
is,is,s,ReasonBackward,2
confe,confe,c,UNRECOGNIZED,0
^^,^^,c,UNRECOGNIZED,0
ed,ed,s,,0
of,of,s,Specifiers,0
all,all,s,Specifiers,1
sorts,sorts,c,Specifiers,2
",",",",s,,0
that,that,s,,0
the,the,s,,0
mu^icke,mu^icke,s,UNRECOGNIZED,0
in,in,s,,0
hunting,hunting,c,ReportingEvents,0
",",",",s,,0
both,both,s,,0
for,for,s,,0
con^inuance,con^inuance,s,UNRECOGNIZED,0
of,of,n,,0
the,the,s,,0
sport,sport,c,AbstractConcepts,0
.,.,s,,0
for,for,s,,0
a,a,s,,0
delightful,delightful,s,Positivity,0
exercise,exercise,s,GenericEvents,0
contenting,contenting,s,StandardsPos,0
the,the,s,SenseObject,0
ear,ear,c,SenseObject,1
",",",",s,,0
and,and,s,,0
gentle-men-like,gentle-men-like,n,UNRECOGNIZED,0
pastime,pastime,s,GenericEvents,0
the,the,s,,0
world,world,s,AbstractConcepts,0
cannot,cannot,s,DenyDisclaim,0
compare,compare,s,Comparison,0
with,with,s,Comparison,1
us,us,c,Inclusive,0
*,*,s,,0
and,and,s,ReasonForward,0
so,so,s,ReasonForward,1
we,we,s,,0
hunters,hunters,s,PersonProperty,0
carry,carry,s,Motions,0
the,the,s,,0
Bell,bell,s,SenseObject,0
away,away,nnn,,0
Indeed,indeed,s,Intensity,0
you,you,s,DirectAddress,0
hunter,hunter,s,PersonProperty,0
carry,carry,s,Motions,0
the,the,s,,0
Bell,bell,c,SenseObject,0
",",",",s,Resistance,0
but,but,s,Resistance,1
not,not,s,DenyDisclaim,0
for,for,s,Specifiers,0
any,any,s,Specifiers,1
good,good,s,,0
doing,doing,c,,0
",",",",s,,0
no,no,s,DenyDisclaim,0
more,more,s,DenyDisclaim,1
then,then,s,Sequence,0
you,you,n,Sequence,1
do,do,s,Intensity,0
by,by,s,,0
carrying,carrying,s,Motions,0
the,the,s,SenseObject,0
horn,horn,s,SenseObject,1
to,to,s,,0
very,very,s,Intensity,0
man's,man's,s,PersonProperty,0
house,house,c,SenseObject,0
.,.,s,Question,0
What,what,s,Question,1
time,time,s,,0
and,and,s,,0
order,order,s,AbstractConcepts,0
your,your,s,DirectAddress,0
hounds,hounds,n,Negative_Relation,0
observe,observe,s,ReportingEvents,0
with,with,s,,0
their,their,s,PersonPronoun,0
natural,natural,s,AbstractConcepts,0
harmony,harmony,c,StandardsPos,0
",",",",s,,0
I,i,s,FirstPer,0
will,will,s,PredictedFuture,0
not,not,s,PredictedFuture,1
dispute,dispute,s,Resistance,0
(,(,c,,0
they,they,s,,0
and,and,s,,0
their,their,n,PersonPronoun,0
keepers,keepers,s,PersonProperty,0
being,being,s,ReportingStates,0
seldom,seldom,s,Exceptions,0
in,in,s,CommonAuthorities,0
order,order,c,CommonAuthorities,1
),),s,,0
but,but,s,Resistance,0
of,of,s,Specifiers,0
this,this,s,Specifiers,1
I,i,s,SelfDisclosure,0
am,am,s,SelfDisclosure,1
sure,sure,c,ConfirmedThght,0
",",",",s,ConfirmedThght,1
that,that,s,,0
there,there,s,ReportingStates,0
are,are,s,ReportingStates,1
few,few,n,SubjectivePercept,0
kennells,kennells,s,UNRECOGNIZED,0
of,of,s,,0
hounds,hounds,s,Negative_Relation,0
in,in,s,,0
England,england,c,,0
*,*,s,,0
but,but,s,Resistance,0
while,while,s,TimeDuration,0
some,some,s,ReportingStates,0
are,are,s,ReportingStates,1
in,in,s,,0
chase,chase,s,Motions,0
after,after,s,Motions,1
Hare,hare,c,SenseObject,0
",",",",s,,0
or,or,s,,0
Fox,fox,c,SenseObject,0
",",",",n,,0
others,others,s,ReportingStates,0
are,are,s,ReportingStates,1
killing,killing,s,Negativity,0
sheep,sheep,s,SenseObject,0
in,in,s,SenseProperty,0
full,full,s,SenseProperty,1
cry,cry,s,SenseProperty,2
of,of,s,,0
the,the,s,StandardsNeg,0
poor,poor,s,StandardsNeg,1
harmless,harmless,s,SubjectivePercept,0
beast,beast,c,Negativity,0
:,:,s,,0
whereupon,whereupon,n,CommonAuthorities,0
is,is,s,ReportingStates,0
grown,grown,s,ReportingEvents,0
that,that,s,,0
proverb,proverb,c,CommonAuthorities,0
.,.,s,,0
The,the,s,,0
Foxkills,foxkills,s,UNRECOGNIZED,0
the,the,s,SenseObject,0
lambs,lambs,c,SenseObject,1
*,*,s,,0
and,and,s,,0
the,the,s,SenseObject,0
hounds,hounds,s,SenseObject,1
the,the,s,,0
old,old,s,SenseProperty,0
sheep,sheep,c,SenseObject,0
.,.,n,Resistance,0
But,but,s,Resistance,1
I,i,s,Insist,0
cannot,cannot,s,Insist,1
endure,endure,s,Resistance,0
you,you,s,Insist,0
should,should,s,Insist,1
challenge,challenge,s,Resistance,0
hunting,hunting,s,ReportingEvents,0
to,to,s,,0
(,(,c,,0
...,...,c,UNRECOGNIZED,0
),),s,,0
better,better,s,Comparison,0
with,with,s,Specifiers,0
a,a,n,Specifiers,1
gentleman,gentleman,s,Positivity,0
then,then,s,,0
hauking,hauking,c,UNRECOGNIZED,0
.,.,s,,0
Every,every,s,Generalization,0
Clown,clown,s,PersonProperty,0
can,can,s,Contingency,0
keep,keep,s,TimeDuration,0
a,a,s,SenseObject,0
dog,dog,c,SenseObject,1
",",",",s,,0
and,and,s,,0
^,^,c,UNRECOGNIZED,0
he,he,s,PersonPronoun,0
more,more,s,Comparison,0
carrion,carrion,s,SenseObject,0
he,he,n,PersonPronoun,0
eats,eats,s,ReportingEvents,0
the,the,s,Comparison,0
more,more,s,Comparison,1
egregiou,egregiou,c,UNRECOGNIZED,0
^^^,^^^,s,UNRECOGNIZED,0
he,he,s,Neutral_Attribution,0
smells,smells,c,Neutral_Attribution,1
:,:,s,,0
but,but,s,Resistance,0
the,the,s,SenseObject,0
hawk,hawk,s,SenseObject,1
ador^eth,ador^eth,s,UNRECOGNIZED,0
a,a,s,SenseObject,0
kings,kings,s,SenseObject,1
(,(,c,,0
...,...,c,UNRECOGNIZED,0
),),c,,0
",",",",n,,0
besides,besides,s,Exceptions,0
the,the,s,Exceptions,1
admirable,admirable,s,StandardsPos,0
conquest,conquest,s,Intensity,0
the,the,s,,0
faulkner,faulkner,s,UNRECOGNIZED,0
makes,makes,s,ReportingEvents,0
in,in,s,,0
a,a,s,,0
ha^kes,ha^kes,s,UNRECOGNIZED,0
nature,nature,c,AbstractConcepts,0
",",",",s,,0
bringing,bringing,n,,0
the,the,s,SenseProperty,0
wild,wild,s,SenseProperty,1
Haggard,haggard,s,Negativity,0
having,having,s,ReportingEvents,0
all,all,s,Generalization,0
the,the,s,Generalization,1
earth,earth,s,SpaceRelation,0
and,and,s,,0
seas,seas,s,SenseObject,0
to,to,s,,0
scowre,scowre,s,UNRECOGNIZED,0
over,over,s,,0
uncontrollable,uncontrollable,c,StandardsNeg,0
",",",",n,,0
(,(,c,,0
...,...,c,UNRECOGNIZED,0
),),s,,0
attend,attend,s,SpaceRelation,0
and,and,s,,0
obeie,obeie,s,UNRECOGNIZED,0
her,her,s,PersonPronoun,0
keeper,keeper,s,PersonProperty,0
so,so,c,AbstractConcepts,0
",",",",s,AbstractConcepts,1
that,that,s,,0
at,at,s,,0
his,his,s,PersonPronoun,0
very,very,s,Intensity,0
voice,voice,s,,0
she,she,s,Neutral_Attribution,0
turns,turns,n,Neutral_Attribution,1
toward,toward,s,,0
and,and,s,,0
stoupes,stoupes,s,UNRECOGNIZED,0
to,to,s,,0
his,his,s,PersonPronoun,0
glove,glove,c,SenseObject,0
.,.,s,,0
Hounds,hounds,s,Negative_Relation,0
are,are,s,Intensity,0
so,so,s,Intensity,1
prejudieiall,prejudieiall,s,UNRECOGNIZED,0
to,to,s,,0
the,the,n,CommonAuthorities,0
commonwealth,commonwealth,c,CommonAuthorities,1
",",",",s,,0
that,that,s,,0
I,i,s,FirstPer,0
dare,dare,s,SubjectivePercept,0
undertake,undertake,s,ProjectAhead,0
to,to,s,ProjectAhead,1
prove,prove,c,Confidence,0
",",",",s,,0
that,that,s,,0
(,(,c,,0
next,next,s,Sequence,0
unto,unto,s,CommonAuthorities,0
drunkards,drunkards,c,PersonProperty,0
),),s,,0
they,they,n,ReportingStates,0
are,are,s,ReportingStates,1
the,the,s,Intensity,0
greatest,greatest,s,Intensity,1
spoilers,spoilers,s,Negative_Relation,0
of,of,s,,0
poor,poor,s,Negativity,0
men's,men's,s,PersonProperty,0
bread,bread,nnn,SenseObject,0
I,i,s,SelfDisclosure,0
like,like,s,SelfDisclosure,1
all,all,s,,0
well,well,s,SubjectivePercept,0
enough,enough,s,SubjectivePercept,1
but,but,s,Resistance,0
the,the,s,SubjectiveTime,0
last,last,s,SubjectiveTime,1
words,words,s,SubjectiveTime,2
of,of,s,DirectAddress,0
yours,yours,s,DirectAddress,1
(,(,c,,0
Sperto,sperto,c,UNRECOGNIZED,0
),),s,,0
for,for,s,SelfDisclosure,0
me,me,s,SelfDisclosure,1
thinks,thinks,s,PrivateThinking,0
it,it,n,PrivateThinking,1
is,is,s,ReportingStates,0
as,as,s,,0
good,good,s,StandardsPos,0
sport,sport,s,StandardsPos,1
to,to,s,,0
hear,hear,s,SenseProperty,0
the,the,s,SenseProperty,1
Falconer,falconer,s,PersonProperty,0
and,and,s,,0
the,the,s,,0
Hu^ter,hu^ter,s,UNRECOGNIZED,0
fall,fall,s,Motions,0
out,out,c,Motions,1
",",",",s,,0
as,as,s,Specifiers,0
for,for,s,Specifiers,1
thieves,thieves,n,Negative_Relation,0
to,to,s,,0
appeache,appeache,s,UNRECOGNIZED,0
one,one,s,Numbers,0
an,an,s,Specifiers,0
other,other,c,Specifiers,1
*,*,s,,0
Good,good,s,,0
fellows,fellows,s,PersonProperty,0
take,take,s,ReportingEvents,0
their,their,s,ReportingEvents,1
liquor,liquor,s,SenseObject,0
quietly,quietly,s,SenseProperty,0
without,without,s,Contingency,0
any,any,n,Contingency,1
of,of,s,,0
these,these,s,Immediacy,0
faults,faults,c,StandardsNeg,0
",",",",s,,0
and,and,s,StandardsPos,0
help,help,s,StandardsPos,1
to,to,s,,0
hold,hold,s,ReportingEvents,0
up,up,s,ReportingEvents,1
tillage,tillage,s,AbstractConcepts,0
by,by,s,,0
the,the,s,,0
swift,swift,s,SenseProperty,0
utterance,utterance,s,SenseObject,0
of,of,s,,0
the,the,n,,0
surmounting,surmounting,s,ReportingEvents,0
grain,grain,nnn,Transformation,0
The,the,s,Transformation,1
immoderate,immoderate,s,Negativity,0
and,and,s,,0
excessive,excessive,s,Negativity,0
disorder,disorder,s,StandardsNeg,0
in,in,s,,0
drinking,drinking,c,Motions,0
",",",",s,,0
and,and,s,,0
more,more,s,Comparison,0
then,then,s,,0
swinish,swinish,n,SenseProperty,0
swallowing,swallowing,c,Motions,0
",",",",s,,0
that,that,s,,0
neither,neither,s,DenyDisclaim,0
belly,belly,s,SenseObject,0
nor,nor,s,DenyDisclaim,0
head,head,s,SenseObject,0
can,can,s,Contingency,0
contain,contain,c,ReportingEvents,0
",",",",s,Resistance,0
but,but,s,Resistance,1
must,must,s,Insist,0
recoile,recoile,s,UNRECOGNIZED,0
by,by,s,Aside,0
the,the,n,Aside,1
way,way,s,Aside,2
it,it,s,,0
entered,entered,s,Sequence,0
in,in,c,Sequence,1
",",",",s,ReportingStates,0
is,is,s,ReportingStates,1
the,the,s,ReportingStates,2
most,most,s,Comparison,0
pernicious,pernicious,s,Negativity,0
inconvenience,inconvenience,s,StandardsNeg,0
that,that,s,,0
this,this,s,,0
kingdom,kingdom,n,CommonAuthorities,0
suffers,suffers,nnn,Negativity,0
Your,your,s,DirectAddress,0
invective,invective,s,Negative_Relation,0
against,against,s,,0
good,good,s,,0
companions,companions,s,Positivity,0
(,(,c,,0
for,for,s,,0
so,so,s,,0
I,i,s,Insist,0
must,must,s,Insist,1
needs,needs,s,Insist,0
call,call,s,ReportingEvents,0
them,them,s,,0
that,that,n,,0
love,love,s,Positivity,0
drink,drink,c,Motions,0
),),s,,0
is,is,s,ReportingStates,0
^,^,c,UNRECOGNIZED,0
o,o,s,LangRef,0
be,be,s,ReportingStates,0
refelled,refelled,s,UNRECOGNIZED,0
rather,rather,s,Resistance,0
with,with,s,Specifiers,0
a,a,s,Specifiers,1
Cudgill,cudgill,c,UNRECOGNIZED,0
",",",",s,,0
then,then,s,,0
with,with,s,StandardsPos,0
reason,reason,c,StandardsPos,1
.,.,s,Question,0
When,when,n,Question,1
had,had,s,Question,2
you,you,s,DirectAddress,0
any,any,s,,0
gallant,gallant,s,StandardsPos,0
Captain,captain,c,PersonProperty,0
",",",",s,,0
or,or,s,,0
man,man,s,PersonProperty,0
of,of,s,PersonProperty,1
resolution,resolution,s,StandardsPos,0
but,but,s,Resistance,0
would,would,s,ProjectBack,0
drink,drink,s,Motions,0
health,health,n,StandardsPos,0
after,after,s,Sequence,0
health,health,c,StandardsPos,0
",",",",s,,0
until,until,s,TimeDuration,0
themself,themself,s,,0
were,were,s,ProjectBack,0
past,past,s,AbstractConcepts,0
health,health,s,StandardsPos,0
and,and,s,StandardsPos,0
help,help,nn,StandardsPos,1
Who,who,s,ProjectBack,0
was,was,s,ProjectBack,1
more,more,s,Comparison,0
valiant,valiant,s,StandardsPos,0
then,then,s,,0
Captain,captain,s,PersonProperty,0
Shinke,shinke,c,UNRECOGNIZED,0
?,?,n,Question,0
Yet,yet,s,Resistance,0
moore,moore,s,UNRECOGNIZED,0
then,then,s,Sequence,0
he,he,c,Sequence,1
",",",",s,,0
who,who,s,,0
loved,loved,s,Positivity,0
drink,drink,c,Motions,0
?,?,nn,Question,0
Like,like,s,SubjectivePercept,0
matter,matter,c,AbstractConcepts,0
",",",",s,,0
like,like,s,SubjectivePercept,0
patron,patron,s,PersonProperty,0
was,was,s,ProjectBack,0
his,his,s,ProjectBack,1
valor,valor,s,StandardsPos,0
in,in,s,Specifiers,0
his,his,s,Specifiers,1
drink,drink,c,Motions,0
?,?,s,Question,0
or,or,s,,0
was,was,s,ProjectBack,0
he,he,s,PersonPronoun,0
best,best,s,Comparison,0
able,able,s,StandardsPos,0
to,to,n,StandardsPos,1
perform,perform,s,ReportingEvents,0
a,a,s,CommonAuthorities,0
noble,noble,s,CommonAuthorities,1
exploite,exploite,c,UNRECOGNIZED,0
",",",",s,,0
when,when,s,,0
his,his,s,PersonPronoun,0
legs,legs,s,SenseObject,0
failed,failed,s,StandardsNeg,0
his,his,s,PersonPronoun,0
giddie,giddie,s,UNRECOGNIZED,0
head,head,nn,SenseObject,0
No,no,c,OralCues,0
",",",",s,OralCues,1
he,he,s,PersonPronoun,0
was,was,s,ProjectBack,0
ever,ever,s,Biographical_Time,0
like,like,s,Resemblances,0
a,a,s,Resemblances,1
Swine,swine,c,SenseObject,0
",",",",n,,0
When,when,s,,0
strength,strength,s,StandardsPos,0
of,of,s,StandardsPos,1
drink,drink,c,Motions,0
^,^,s,UNRECOGNIZED,0
closed,closed,s,Narrative_Verbs,0
his,his,s,Narrative_Verbs,1
^,^,c,UNRECOGNIZED,0
yen,yen,c,AbstractConcepts,0
.,.,nn,,0
Boy,boy,c,PersonProperty,0
",",",",s,,0
a,a,s,SenseObject,0
pipe,pipe,s,SenseObject,1
of,of,s,,0
Tobaccho,tobaccho,s,UNRECOGNIZED,0
What,what,s,Curiosity,0
is,is,s,Curiosity,1
it,it,s,Curiosity,2
a,a,s,SenseObject,0
Clock,clock,c,SenseObject,1
?,?,nn,Question,0
It,it,s,,0
is,is,s,ReportingStates,0
almost,almost,s,SubjectivePercept,0
eleven,eleven,c,AbstractConcepts,0
.,.,nnn,,0
I,i,s,FirstPer,0
doubt,doubt,s,Uncertainty,0
it,it,s,Contingency,0
be,be,s,Contingency,1
no,no,s,DenyDisclaim,0
more,more,s,DenyDisclaim,1
indeed,indeed,c,Intensity,0
.,.,s,,0
I,i,s,SelfDisclosure,0
am,am,s,SelfDisclosure,1
so,so,s,,0
sleepie,sleepie,s,UNRECOGNIZED,0
still,still,c,Updates,0
:,:,s,,0
go,go,s,ReportingEvents,0
see,see,s,Contingency,0
if,if,s,Contingency,1
Monsieur,monsieur,n,PersonProperty,0
Parvagracio,parvagracio,s,UNRECOGNIZED,0
be,be,s,ReportingStates,0
stirring,stirring,c,Motions,0
.,.,nnn,,0
Sir,sir,c,PersonProperty,0
",",",",s,,0
he,he,s,PersonPronoun,0
was,was,s,ProjectBack,0
asleep,asleep,s,SenseProperty,0
when,when,s,Autobio,0
I,i,s,Autobio,1
came,came,s,ReportingEvents,0
to,to,s,,0
his,his,s,PersonPronoun,0
chamber,chamber,c,SenseObject,0
",",",",s,Resistance,0
but,but,s,Resistance,1
his,his,s,PersonPronoun,0
page,page,s,SenseObject,0
waked,waked,s,Narrative_Verbs,0
him,him,c,Narrative_Verbs,1
.,.,s,,0
He,he,n,ProjectBack,0
remembers,remembers,s,ProjectBack,1
his,his,s,PersonPronoun,0
love,love,c,Positivity,0
",",",",s,,0
and,and,s,,0
desires,desires,s,Positivity,0
you,you,s,DirectAddress,0
to,to,s,,0
beat,beat,s,Motions,0
his,his,s,Motions,1
chamber,chamber,s,SenseObject,0
an,an,s,TimeDuration,0
hour,hour,s,TimeDuration,1
hence,hence,c,ReasonForward,0
",",",",s,ReasonForward,1
then,then,n,,0
his,his,s,PersonPronoun,0
Barber,barber,s,PersonProperty,0
comes,comes,c,ReportingEvents,0
",",",",s,,0
as,as,s,TimeDuration,0
he,he,s,TimeDuration,1
does,does,s,ReportingEvents,0
every,every,s,RecurringEvents,0
sunday,sunday,s,RecurringEvents,1
in,in,s,,0
steed,steed,s,SenseObject,0
of,of,s,,0
prayers,prayers,c,CommonAuthorities,0
.,.,s,,0
He,he,s,PersonPronoun,0
charged,charged,s,ReportingEvents,0
me,me,n,FirstPer,0
to,to,s,,0
tell,tell,s,Updates,0
you,you,s,Updates,1
that,that,s,Updates,2
he,he,s,Neutral_Attribution,0
has,has,s,Neutral_Attribution,1
an,an,s,,0
ounce,ounce,s,AbstractConcepts,0
of,of,s,,0
the,the,s,Intensity,0
most,most,s,Intensity,1
transcende^t,transcende^t,s,UNRECOGNIZED,0
Tobaccho,tobaccho,s,UNRECOGNIZED,0
that,that,s,,0
ever,ever,n,Biographical_Time,0
crossed,crossed,s,Narrative_Verbs,0
the,the,s,Narrative_Verbs,1
salts,salts,c,SenseObject,0
",",",",s,,0
sent,sent,s,Narrative_Verbs,0
him,him,s,Narrative_Verbs,1
by,by,s,,0
a,a,s,PersonProperty,0
Lady,lady,s,PersonProperty,1
of,of,s,,0
his,his,s,Disclosure,0
secret,secret,s,Disclosure,1
knowledge,knowledge,s,CommonAuthorities,0
and,and,s,,0
yours,yours,c,DirectAddress,0
",",",",s,,0
with,with,n,SpaceRelation,0
whom,whom,s,SpaceRelation,1
you,you,s,DirectAddress,0
both,both,s,,0
must,must,s,Insist,0
dine,dine,s,SpaceRelation,0
this,this,s,Immediacy,0
day,day,c,Immediacy,1
.,.,s,,0
The,the,s,,0
property,property,s,AbstractConcepts,0
of,of,s,AbstractConcepts,1
this,this,s,,0
Tobaccho,tobaccho,s,UNRECOGNIZED,0
is,is,s,ProjectAhead,0
to,to,s,ProjectAhead,1
yield,yield,s,ReportingEvents,0
a,a,n,,0
porringer,porringer,s,SenseObject,0
full,full,s,Specifiers,0
of,of,s,Specifiers,1
Rheum,rheum,s,SenseObject,0
every,every,s,Generalization,0
pipefull,pipefull,c,UNRECOGNIZED,0
:,:,s,,0
and,and,s,,0
procure,procure,s,,0
ventositie,ventositie,s,UNRECOGNIZED,0
conveniently,conveniently,n,StandardsPos,0
to,to,s,,0
descend,descend,s,SpaceRelation,0
very,very,s,Intensity,0
odoriferous,odoriferous,c,SenseObject,0
",",",",s,,0
and,and,s,,0
secure,secure,s,StandardsPos,0
from,from,s,,0
audibility,audibility,c,AbstractConcepts,0
.,.,s,,0
She,she,s,PersonPronoun,0
reserues,reserues,s,UNRECOGNIZED,0
store,store,s,SenseObject,0
of,of,n,,0
it,it,s,,0
for,for,s,Exceptions,0
her,her,s,Exceptions,1
own,own,s,Exceptions,2
special,special,s,Exceptions,0
use,use,s,ReportingEvents,0
in,in,s,TimeDuration,0
times,times,s,TimeDuration,1
of,of,s,TimeDuration,2
necessity,necessity,c,Insist,0
",",",",s,,0
as,as,s,,0
of,of,s,,0
attendance,attendance,s,GenericEvents,0
in,in,s,CommonAuthorities,0
Court,court,c,CommonAuthorities,1
",",",",n,,0
hearing,hearing,s,SubjectivePercept,0
of,of,s,SubjectivePercept,1
Plays,plays,c,ReportingEvents,0
",",",",s,,0
^,^,c,UNRECOGNIZED,0
itting,itting,s,UNRECOGNIZED,0
at,at,s,,0
Cards,cards,c,SenseObject,0
",",",",s,,0
and,and,s,Specifiers,0
the,the,s,Specifiers,1
like,like,c,Specifiers,2
.,.,s,Specifiers,3
Further,further,c,Metadiscourse,0
",",",",s,Metadiscourse,1
that,that,s,,0
a,a,s,SubjectivePercept,0
little,little,s,SubjectivePercept,1
of,of,s,,0
it,it,n,,0
taken,taken,s,ProjectBack,0
pill-fashion,pill-fashion,c,UNRECOGNIZED,0
",",",",s,,0
will,will,s,PredictedFuture,0
diffuse,diffuse,s,PredictedFuture,1
and,and,s,,0
disperse,disperse,s,,0
mixion,mixion,c,UNRECOGNIZED,0
",",",",s,ReasonForward,0
so,so,s,ReasonForward,1
that,that,s,,0
a,a,s,PersonProperty,0
Lady,lady,s,PersonProperty,1
may,may,s,Contingency,0
abide,abide,n,ReportingEvents,0
in,in,s,SpaceRelation,0
company,company,s,SpaceRelation,1
forty,forty,s,AbstractConcepts,0
eight,eight,s,TimeDuration,0
hours,hours,c,TimeDuration,1
",",",",s,,0
not,not,s,DenyDisclaim,0
disposed,disposed,s,SubjectivePercept,0
to,to,s,SubjectivePercept,1
evaporation,evaporation,c,Transformation,0
.,.,s,Metadiscourse,0
Besides,besides,s,Metadiscourse,1
he,he,s,PersonPronoun,0
willed,willed,n,SubjectivePercept,0
me,me,s,FirstPer,0
to,to,s,,0
tell,tell,s,DirectAddress,0
you,you,c,DirectAddress,1
*,*,s,,0
that,that,s,,0
this,this,s,,0
Lady,lady,s,PersonProperty,0
yesterday,yesterday,s,ProjectBack,0
has,has,s,,0
received,received,s,Narrative_Verbs,0
a,a,s,Narrative_Verbs,1
book,book,s,,0
from,from,s,,0
a,a,s,Positivity,0
friend,friend,n,Positivity,1
of,of,s,Positivity,2
hers,hers,s,PersonPronoun,0
that,that,s,,0
went,went,s,SpaceRelation,0
over,over,s,SpaceRelation,1
with,with,s,SpaceRelation,2
Sir,sir,s,PersonProperty,0
Rob^rt,rob^rt,s,UNRECOGNIZED,0
Sherley,sherley,s,UNRECOGNIZED,0
in^o,in^o,s,UNRECOGNIZED,0
Persia,persia,c,UNRECOGNIZED,0
",",",",s,,0
entitled,entitled,s,Transformation,0
de,de,n,AbstractConcepts,0
flatibus,flatibus,s,UNRECOGNIZED,0
separandis,separandis,s,UNRECOGNIZED,0
ac,ac,s,UNRECOGNIZED,0
dividendis,dividendis,c,UNRECOGNIZED,0
",",",",s,,0
cosque,cosque,s,UNRECOGNIZED,0
emittendis,emittendis,c,UNRECOGNIZED,0
;,;,s,,0
not,not,s,DenyDisclaim,0
forward,forward,s,AbstractConcepts,0
at,at,s,SpaceRelation,0
the,the,s,SpaceRelation,1
face,face,n,SenseObject,0
as,as,s,,0
gamers,gamers,s,StandardsPos,0
use,use,s,ReportingEvents,0
to,to,s,,0
do,do,s,Intensity,0
in,in,s,,0
wars,wars,c,GenericEvents,0
",",",",s,Resistance,0
but,but,s,Resistance,1
a^e^e,a^e^e,c,UNRECOGNIZED,0
",",",",s,,0
as,as,s,,0
Iacke-an-apes,iacke-an-apes,s,UNRECOGNIZED,0
delivers,delivers,s,ReportingEvents,0
squibs,squibs,c,SenseObject,0
",",",",n,,0
written,written,s,Citations,0
by,by,s,Citations,1
a,a,s,StandardsPos,0
learned,learned,s,StandardsPos,1
Physician,physician,s,PersonProperty,0
doctorated,doctorated,s,UNRECOGNIZED,0
by,by,s,,0
the,the,s,,0
magnificent,magnificent,s,Positivity,0
order,order,s,AbstractConcepts,0
of,of,s,AbstractConcepts,1
the,the,n,,0
Mountebankes,mountebankes,s,UNRECOGNIZED,0
there,there,c,SpaceRelation,0
",",",",s,SpaceRelation,1
she,she,s,PersonPronoun,0
will,will,s,PredictedFuture,0
anon,anon,s,ProjectAhead,0
at,at,s,,0
diner,diner,s,SenseObject,0
entreat,entreat,s,Request,0
you,you,s,DirectAddress,0
two,two,s,Numbers,0
to,to,s,,0
lay,lay,s,DirectAddress,0
your,your,s,DirectAddress,1
heads,heads,n,SenseObject,0
together,together,s,Inclusive,0
for,for,s,,0
translating,translating,s,ReportingEvents,0
this,this,s,,0
book,book,s,ReportingEvents,0
into,into,s,ReportingEvents,1
English,english,c,AbstractConcepts,0
.,.,s,DirectAddress,0
And,and,s,DirectAddress,1
where,where,s,DirectAddress,0
you,you,s,DirectAddress,1
find,find,s,,0
any,any,s,,0
sent,sent,n,ReportingEvents,0
worth,worth,s,StandardsPos,0
the,the,s,StandardsPos,1
nothing,nothing,c,DenyDisclaim,0
*,*,s,,0
you,you,s,DirectAddress,0
will,will,s,PredictedFuture,0
make,make,s,ReportingEvents,0
stoppes,stoppes,s,UNRECOGNIZED,0
upon,upon,s,,0
it,it,c,,0
",",",",s,,0
and,and,s,,0
deliver,deliver,s,DirectAddress,0
your,your,s,DirectAddress,1
opinion,opinion,s,SubjectivePercept,0
by,by,n,Specifiers,0
way,way,s,Specifiers,1
of,of,s,Specifiers,2
comment,comment,s,Citations,0
for,for,s,Positivity,0
the,the,s,Positivity,1
better,better,s,Positivity,2
undertaking,undertaking,s,ProjectAhead,0
the,the,s,ProjectAhead,1
fence,fence,c,SenseObject,0
",",",",s,,0
with,with,s,Specifiers,0
the,the,s,Specifiers,1
particular,particular,s,Specifiers,0
causes,causes,n,Cause,0
and,and,s,,0
effects,effects,s,Consequence,0
of,of,s,Consequence,1
every,every,s,Generalization,0
several,several,s,Specifiers,0
and,and,s,,0
distinct,distinct,s,Confidence,0
^,^,c,UNRECOGNIZED,0
ume,ume,s,UNRECOGNIZED,0
produced,produced,s,ReportingEvents,0
thereby,thereby,c,ReasonForward,0
.,.,s,DirectAddress,0
And,and,s,DirectAddress,1
hereafter,hereafter,n,ProjectAhead,0
at,at,s,,0
better,better,s,Comparison,0
leisure,leisure,s,AbstractConcepts,0
she,she,s,PersonPronoun,0
will,will,s,PredictedFuture,0
have,have,s,PredictedFuture,1
the,the,s,PredictedFuture,2
subject,subject,s,LangRef,0
of,of,s,,0
the,the,s,Specifiers,0
whole,whole,s,Specifiers,1
book,book,s,,0
Anatomatized,anatomatized,s,UNRECOGNIZED,0
by,by,n,,0
her,her,s,SubjectivePercept,0
own,own,s,SubjectivePercept,1
Surgeon,surgeon,c,SenseObject,0
",",",",s,,0
and,and,s,,0
set,set,s,Citations,0
forth,forth,s,Citations,1
in,in,s,ProjectAhead,0
due,due,s,ProjectAhead,1
proportion,proportion,s,Comparison,0
and,and,s,,0
colors,colors,c,SenseProperty,0
",",",",s,,0
and,and,s,,0
give,give,s,ReportingEvents,0
it,it,s,ReportingEvents,1
a,a,n,,0
convenient,convenient,s,StandardsPos,0
room,room,s,SenseObject,0
in,in,s,Specifiers,0
her,her,s,Specifiers,1
gallerie,gallerie,nnn,UNRECOGNIZED,0
This,this,s,ReportingStates,0
is,is,s,ReportingStates,1
good,good,s,Updates,0
news,news,c,Updates,1
;,;,s,,0
shall,shall,s,Future_Question,0
we,we,s,Future_Question,1
dine,dine,s,SpaceRelation,0
there,there,c,,0
?,?,s,Question,0
and,and,s,,0
snuff,snuff,s,SenseObject,0
this,this,s,,0
dainty,dainty,s,PersonProperty,0
Tobaccho,tobaccho,c,UNRECOGNIZED,0
?,?,n,Question,0
that,that,s,Specifiers,0
is,is,s,Specifiers,1
excellent,excellent,c,StandardsPos,0
.,.,s,Immediacy,0
here,here,s,Immediacy,1
is,is,s,Immediacy,2
a,a,s,Immediacy,3
shilling,shilling,s,Negativity,0
to,to,s,,0
drink,drink,nnn,Motions,0
Have,have,s,DirectAddress,0
you,you,s,DirectAddress,1
done,done,s,GenericEvents,0
my,my,s,GenericEvents,1
business,business,s,GenericEvents,2
(,(,s,,0
Proberio,proberio,c,UNRECOGNIZED,0
),),s,,0
with,with,s,Specifiers,0
the,the,s,Specifiers,1
Knight,knight,s,PersonProperty,0
and,and,s,,0
his,his,s,PersonPronoun,0
sonne-in-law,sonne-in-law,c,UNRECOGNIZED,0
?,?,nn,Question,0
I,i,s,SelfDisclosure,0
have,have,s,SelfDisclosure,1
cast,cast,s,Motions,0
up,up,s,Motions,1
these,these,s,Immediacy,0
accounts,accounts,s,AbstractConcepts,0
exactly,exactly,c,Confidence,0
",",",",s,,0
and,and,s,,0
your,your,s,DirectAddress,0
share,share,s,ReportingEvents,0
is,is,s,ProjectAhead,0
to,to,s,ProjectAhead,1
pay,pay,s,ReportingEvents,0
200,200,c,Numbers,0
^,^,c,UNRECOGNIZED,0
",",",",s,,0
and,and,s,,0
no,no,n,DenyDisclaim,0
more,more,c,DenyDisclaim,1
.,.,s,,0
I,i,s,Autobio,0
have,have,s,Autobio,1
often,often,s,Autobio,2
visi^ed,visi^ed,s,UNRECOGNIZED,0
them,them,c,,0
*,*,s,,0
and,and,s,,0
put,put,s,Narrative_Verbs,0
them,them,s,Narrative_Verbs,1
to,to,s,,0
such,such,s,Specifiers,0
a,a,s,Specifiers,1
plunge,plunge,s,Motions,0
as,as,s,DirectAddress,0
you,you,s,DirectAddress,1
never,never,n,DenyDisclaim,0
saw,saw,c,,0
:,:,s,,0
for,for,s,,0
they,they,s,Citations,0
say,say,s,Citations,1
you,you,s,Insist,0
ought,ought,s,Insist,1
to,to,s,Insist,2
pay,pay,s,ReportingEvents,0
400,400,c,Numbers,0
^,^,c,UNRECOGNIZED,0
.,.,s,DirectAddress,0
and,and,s,DirectAddress,1
yet,yet,s,Resistance,0
they,they,s,,0
cannot,cannot,s,DenyDisclaim,0
avoid,avoid,s,Resistance,0
but,but,s,Resistance,0
they,they,n,Insist,0
must,must,s,Insist,1
pay,pay,s,ReportingEvents,0
800,800,c,Numbers,0
^,^,c,UNRECOGNIZED,0
.,.,s,,0
They,they,s,,0
have,have,s,,0
lost,lost,s,Negativity,0
their,their,s,Negativity,1
notes,notes,c,SenseObject,0
",",",",s,,0
their,their,s,PersonPronoun,0
servants,servants,s,PersonProperty,0
be,be,s,ReportingStates,0
changed,changed,c,ReportingEvents,0
:,:,s,,0
and,and,s,,0
they,they,n,ReportingStates,0
are,are,s,ReportingStates,1
so,so,s,,0
pusled,pusled,s,UNRECOGNIZED,0
as,as,s,DirectAddress,0
you,you,s,DirectAddress,1
never,never,s,Uncertainty,0
knew,knew,s,Uncertainty,1
men,men,c,PersonProperty,0
:,:,s,,0
they,they,s,,0
desire,desire,s,Positivity,0
respite,respite,s,Positivity,0
a,a,s,TimeDuration,0
week,week,c,TimeDuration,1
.,.,s,,0
I,i,s,FirstPer,0
gave,gave,s,ReportingEvents,0
it,it,n,ReportingEvents,1
them,them,c,,0
",",",",s,ReasonForward,0
and,and,s,ReasonForward,1
so,so,s,ReasonForward,2
it,it,s,,0
rests,rests,nnn,ReportingEvents,0
Ha,ha,c,OralCues,0
",",",",s,,0
ha,ha,c,OralCues,0
",",",",s,,0
he,he,c,PersonPronoun,0
.,.,s,DirectAddress,0
And,and,s,DirectAddress,1
did,did,s,Narrative_Verbs,0
the,the,s,Narrative_Verbs,1
fat,fat,s,SenseProperty,0
Knight,knight,s,PersonProperty,0
fret,fret,s,Negativity,0
so,so,c,,0
?,?,s,Question,0
let,let,s,ReportingEvents,0
him,him,s,ReportingEvents,1
fry,fry,s,Motions,0
too,too,c,Metadiscourse,0
.,.,s,Metadiscourse,1
I,i,s,FirstPer,0
will,will,s,PredictedFuture,0
stick,stick,n,Positivity,0
close,close,s,Positivity,1
to,to,s,Positivity,2
my,my,s,FirstPer,0
counterbands,counterbands,nnn,UNRECOGNIZED,0
Sir,sir,s,PersonProperty,0
I,i,s,SelfDisclosure,0
thought,thought,s,SelfDisclosure,1
good,good,s,StandardsPos,0
to,to,s,StandardsPos,1
put,put,s,DirectAddress,0
you,you,s,DirectAddress,1
in,in,s,DirectAddress,2
mind,mind,s,DirectAddress,3
of,of,s,DirectAddress,4
one,one,s,Numbers,0
thing,thing,c,Uncertainty,0
.,.,s,,0
You,you,s,DirectAddress,0
have,have,s,DirectAddress,1
my,my,s,FirstPer,0
bonds,bonds,s,AbstractConcepts,0
of,of,s,,0
eight,eight,n,Numbers,0
or,or,s,,0
nine,nine,s,Numbers,0
score,score,s,AbstractConcepts,0
pounds,pounds,s,Motions,0
in,in,s,DirectAddress,0
your,your,s,DirectAddress,1
hands,hands,c,DirectAddress,2
*,*,s,,0
discharged,discharged,s,ReportingEvents,0
ten,ten,s,TimeDuration,0
years,years,s,TimeDuration,1
since,since,c,,0
",",",",s,,0
I,i,s,FirstPer,0
pray,pray,s,Intensity,0
you,you,n,DirectAddress,0
let,let,s,DirectAddress,1
me,me,s,FirstPer,0
have,have,s,Cause,0
them,them,s,Cause,1
up,up,nnn,,0
O,o,c,LangRef,0
",",",",s,,0
take,take,s,ReportingEvents,0
no,no,s,DenyDisclaim,0
care,care,c,StandardsPos,0
",",",",s,,0
they,they,s,,0
shall,shall,s,ProjectAhead,0
never,never,s,DenyDisclaim,0
hurt,hurt,s,Negativity,0
you,you,c,DirectAddress,0
.,.,nnn,Resistance,0
But,but,s,Resistance,1
I,i,s,FirstPer,0
wish,wish,s,SubjectivePercept,0
I,i,s,Autobio,0
had,had,s,Autobio,1
them,them,s,,0
up,up,c,,0
",",",",s,,0
we,we,s,Inclusive,0
are,are,s,Inclusive,1
all,all,s,Inclusive,2
mortal,mortal,c,PersonProperty,0
.,.,nnn,,0
The,the,s,Sequence,0
next,next,s,Sequence,1
time,time,c,Sequence,2
",",",",s,,0
I,i,s,FirstPer,0
light,light,s,SpaceRelation,0
on,on,s,SpaceRelation,1
them,them,s,,0
I,i,s,FirstPer,0
will,will,s,PredictedFuture,0
cancel,cancel,s,Resistance,0
them,them,c,,0
.,.,nn,,0
Simplo,simplo,s,UNRECOGNIZED,0
go,go,s,ReportingEvents,0
you,you,s,DirectAddress,0
to,to,s,,0
Mistress,mistress,s,PersonProperty,0
Boe,boe,c,UNRECOGNIZED,0
*,*,s,,0
desire,desire,s,SubjectivePercept,0
her,her,s,SubjectivePercept,1
to,to,s,,0
lend,lend,s,DirectAddress,0
me,me,s,DirectAddress,1
half,half,s,Numbers,0
a,a,s,Numbers,1
dozen,dozen,s,Numbers,2
eggs,eggs,n,SenseObject,0
until,until,s,TimeDuration,0
market,market,s,AbstractConcepts,0
day,day,c,TimeDuration,0
",",",",s,,0
look,look,s,ReportingEvents,0
you,you,s,DirectAddress,0
choose,choose,s,ReportingEvents,0
the,the,s,,0
fair^st,fair^st,c,UNRECOGNIZED,0
.,.,s,,0
Proberio,proberio,c,UNRECOGNIZED,0
",",",",s,,0
I,i,s,SelfDisclosure,0
would,would,s,SelfDisclosure,1
feign,feign,s,SubjectivePercept,0
do,do,n,Intensity,0
somewhat,somewhat,s,Uncertainty,0
for,for,s,DirectAddress,0
you,you,c,DirectAddress,1
.,.,s,,0
A,a,s,Positivity,0
friend,friend,s,Positivity,1
of,of,s,Positivity,2
mine,mine,s,FirstPer,0
wants,wants,s,PrivateThinking,0
a,a,s,Positivity,0
good,good,s,Positivity,1
Steward,steward,c,PersonProperty,0
",",",",s,,0
I,i,s,FirstPer,0
will,will,s,DirectAddress,0
help,help,s,DirectAddress,1
you,you,s,DirectAddress,2
with,with,n,Specifiers,0
the,the,s,Specifiers,1
place,place,c,SpaceRelation,0
:,:,s,,0
or,or,s,,0
there,there,s,ReportingStates,0
is,is,s,ReportingStates,1
a,a,s,ReportingStates,2
widow,widow,s,PersonProperty,0
worth,worth,s,AbstractConcepts,0
400,400,c,Numbers,0
^,^,c,UNRECOGNIZED,0
.,.,s,,0
I,i,s,SelfDisclosure,0
think,think,s,SelfDisclosure,1
I,i,s,Contingency,0
can,can,s,Contingency,1
make,make,s,ReportingEvents,0
the,the,s,,0
march,march,s,AbstractConcepts,0
for,for,n,DirectAddress,0
you,you,nnn,DirectAddress,1
I,i,s,Acknowledge,0
thank,thank,s,Acknowledge,1
you,you,s,Acknowledge,2
Sir,sir,c,PersonProperty,0
",",",",s,,0
either,either,s,Metadiscourse,0
of,of,s,,0
them,them,s,,0
I,i,s,FirstPer,0
will,will,s,PredictedFuture,0
accept,accept,c,StandardsPos,0
.,.,nnn,,0
I,i,s,SelfDisclosure,0
would,would,s,SelfDisclosure,1
feign,feign,s,SubjectivePercept,0
have,have,s,DirectAddress,0
your,your,s,DirectAddress,1
opinion,opinion,s,SubjectivePercept,0
in,in,s,Positivity,0
a,a,s,Positivity,1
bargain,bargain,s,Positivity,2
of,of,s,,0
land,land,s,AbstractConcepts,0
I,i,s,SelfDisclosure,0
have,have,s,SelfDisclosure,1
made,made,s,ReportingEvents,0
with,with,s,ReportingEvents,1
one,one,n,Numbers,0
Pohssib,pohssib,c,UNRECOGNIZED,0
",",",",s,,0
to,to,s,,0
the,the,s,,0
value,value,s,StandardsPos,0
of,of,s,StandardsPos,1
7000,7000,c,,0
^,^,c,UNRECOGNIZED,0
.,.,s,,0
drawn,drawn,s,ReportingEvents,0
into,into,s,ReportingEvents,1
articles,articles,s,,0
with,with,s,,0
both,both,s,,0
our,our,s,Inclusive,0
hands,hands,s,SenseObject,0
to,to,s,,0
it,it,c,,0
.,.,n,,0
The,the,s,,0
chief,chief,s,CommonAuthorities,0
motive,motive,s,SubjectivePercept,0
of,of,s,Inclusive,0
our,our,s,Inclusive,1
bargain,bargain,s,AbstractConcepts,0
is,is,s,ReportingStates,0
a,a,s,ReportingStates,1
marriage,marriage,s,CommonAuthorities,0
between,between,s,,0
two,two,s,Numbers,0
young,young,s,SenseProperty,0
children,children,c,PersonProperty,0
.,.,s,,0
I,i,n,FirstPer,0
pray,pray,s,Intensity,0
you,you,s,DirectAddress,0
calculate,calculate,s,ReportingEvents,0
whether,whether,s,Contingency,0
the,the,s,,0
bargain,bargain,s,AbstractConcepts,0
be,be,s,ReportingStates,0
gainefull,gainefull,s,UNRECOGNIZED,0
or,or,s,,0
no,no,nnn,DenyDisclaim,0
If,if,s,Contingency,0
you,you,s,DirectAddress,0
ha,ha,c,OralCues,0
^^,^^,s,UNRECOGNIZED,0
bargained,bargained,s,ReportingEvents,0
already,already,c,Updates,0
",",",",s,,0
it,it,s,,0
i,i,c,FirstPer,0
^,^,s,UNRECOGNIZED,0
too,too,s,Negativity,0
late,late,s,Negativity,1
for,for,s,SelfDisclosure,0
me,me,s,SelfDisclosure,1
to,to,s,,0
deliver,deliver,s,ReportingEvents,0
my,my,s,SelfDisclosure,0
opinion,opinion,c,SelfDisclosure,1
.,.,nnn,,0
Not,not,s,Negativity,0
a,a,s,Negativity,1
whit,whit,s,Negativity,2
too,too,s,Negativity,0
late,late,c,Negativity,1
.,.,s,ReportingStates,0
There,there,s,ReportingStates,1
is,is,s,ReportingStates,2
nothing,nothing,s,DenyDisclaim,0
done,done,s,ReportingStates,0
but,but,s,Resistance,0
the,the,s,SenseObject,0
land,land,s,SenseObject,1
assured,assured,s,Confidence,0
to,to,s,SelfDisclosure,0
me,me,c,SelfDisclosure,1
",",",",s,SelfDisclosure,2
and,and,n,,0
3000,3000,c,,0
^,^,c,UNRECOGNIZED,0
.,.,s,,0
of,of,s,,0
money,money,s,AbstractConcepts,0
paid,paid,c,ReportingStates,0
.,.,s,ReportingStates,1
If,if,s,Contingency,0
I,i,s,Metadiscourse,0
find,find,s,Metadiscourse,1
It,it,s,,0
not,not,s,StandardsNeg,0
fit,fit,s,StandardsNeg,1
for,for,s,StandardsNeg,2
me,me,c,FirstPer,0
",",",",s,,0
I,i,s,FirstPer,0
Will,will,s,Fear,0
rend,rend,s,Fear,1
the,the,s,,0
bargain,bargain,s,AbstractConcepts,0
all,all,s,,0
to,to,n,,0
shivers,shivers,c,Motions,0
.,.,s,Question,0
What,what,c,Question,1
?,?,s,Question,0
two,two,s,Numbers,0
words,words,s,LangRef,0
to,to,s,,0
a,a,s,,0
bargain,bargain,nnn,AbstractConcepts,0
Why,why,c,Question,0
.,.,s,,0
I,i,s,Reassure,0
know,know,s,Reassure,1
you,you,s,Reassure,2
can,can,s,Reassure,3
do,do,s,ReportingEvents,0
it,it,s,ReportingEvents,1
if,if,s,Contingency,0
you,you,s,DirectAddress,0
list,list,c,,0
",",",",s,,0
you,you,s,DirectAddress,0
can,can,s,Contingency,0
play,play,s,StandardsNeg,0
fast,fast,s,StandardsNeg,1
and,and,s,StandardsNeg,2
loose,loose,s,StandardsNeg,3
as,as,s,Metadiscourse,0
well,well,s,Metadiscourse,1
as,as,n,Metadiscourse,2
any,any,s,,0
man,man,c,PersonProperty,0
.,.,s,OralCues,0
Well,well,c,OralCues,1
",",",",s,OralCues,2
you,you,s,Insist,0
shall,shall,s,Insist,1
soon,soon,s,ProjectAhead,0
know,know,s,Confidence,0
how,how,s,Confidence,1
I,i,s,PosFeedback,0
like,like,s,PosFeedback,1
it,it,nnn,PosFeedback,2
I,i,s,Autobio,0
never,never,s,Autobio,1
finished,finished,s,ReportingEvents,0
any,any,s,,0
bargain,bargain,s,AbstractConcepts,0
yet,yet,c,Resistance,0
",",",",s,,0
nor,nor,s,DenyDisclaim,0
do,do,s,Question,0
I,i,s,Question,1
mean,mean,s,,0
this,this,s,,0
shall,shall,s,ProjectAhead,0
be,be,s,ProjectAhead,1
the,the,s,,0
first,first,c,Sequence,0
.,.,nn,Sequence,1
Go,go,s,ReportingEvents,0
to,to,s,ReportingEvents,1
the,the,s,ReportingEvents,2
Lawyer,lawyer,c,PersonProperty,0
",",",",s,,0
and,and,s,,0
ask,ask,s,Request,0
if,if,s,Contingency,0
the,the,s,Contingency,1
writings,writings,s,GenericEvents,0
be,be,s,ProjectAhead,0
ready,ready,s,ProjectAhead,1
for,for,s,ProjectAhead,2
your,your,s,DirectAddress,0
land,land,c,AbstractConcepts,0
",",",",s,,0
that,that,s,DirectAddress,0
you,you,n,DirectAddress,1
may,may,s,Contingency,0
receive,receive,s,ReportingEvents,0
your,your,s,DirectAddress,0
100,100,c,Numbers,0
^,^,c,UNRECOGNIZED,0
.,.,s,,0
Proberio,proberio,s,UNRECOGNIZED,0
is,is,s,Intensity,0
so,so,s,Intensity,1
full,full,s,Specifiers,0
of,of,s,Specifiers,1
scrupulosity,scrupulosity,c,StandardsPos,0
",",",",s,,0
that,that,s,,0
nothing,nothing,s,DenyDisclaim,0
passes,passes,n,Motions,0
his,his,s,Motions,1
fingers,fingers,s,Motions,2
that,that,s,,0
savers,savers,s,PersonProperty,0
not,not,s,DenyDisclaim,0
of,of,s,,0
conscience,conscience,c,StandardsPos,0
.,.,s,ReasonForward,0
Such,such,s,ReasonForward,1
a,a,s,PersonProperty,0
man,man,s,PersonProperty,1
would,would,s,Future_Question,0
I,i,s,Future_Question,1
deal,deal,s,,0
withal,withal,c,Metadiscourse,0
",",",",n,Resistance,0
but,but,s,Resistance,1
not,not,s,DenyDisclaim,0
dwell,dwell,s,SpaceRelation,0
withal,withal,c,Metadiscourse,0
.,.,s,ReasonForward,0
Such,such,s,ReasonForward,1
a,a,s,PersonProperty,0
man,man,s,PersonProperty,1
would,would,s,Future_Question,0
I,i,s,Future_Question,1
have,have,s,,0
deal,deal,s,ReportingEvents,0
with,with,s,ReportingEvents,1
me,me,c,FirstPer,0
",",",",s,Resistance,0
but,but,s,Resistance,1
not,not,s,DenyDisclaim,0
deal,deal,s,ReportingEvents,0
for,for,n,ReportingEvents,1
me,me,c,FirstPer,0
.,.,s,,0
Simplo,simplo,c,UNRECOGNIZED,0
",",",",s,,0
he,he,s,Updates,0
is,is,s,Updates,1
diligent,diligent,c,StandardsPos,0
",",",",s,Resistance,0
but,but,s,Resistance,1
alas,alas,s,Negativity,0
his,his,s,PersonPronoun,0
brains,brains,s,SenseObject,0
want,want,s,ProjectAhead,0
salt,salt,nnn,SenseObject,0
Sir,sir,c,PersonProperty,0
",",",",s,,0
the,the,s,GenericEvents,0
writings,writings,s,GenericEvents,1
are,are,s,Updates,0
done,done,c,Updates,1
",",",",s,,0
when,when,s,DirectAddress,0
you,you,s,DirectAddress,1
please,please,s,Positivity,0
I,i,s,SelfDisclosure,0
am,am,s,SelfDisclosure,1
ready,ready,s,ProjectAhead,0
to,to,s,ProjectAhead,1
seal,seal,c,SenseObject,0
.,.,s,,0
I,i,s,SelfDisclosure,0
think,think,s,SelfDisclosure,1
the,the,n,,0
Lawyer,lawyer,s,PersonProperty,0
is,is,s,Intensity,0
a,a,s,Intensity,1
very,very,s,Intensity,2
honest,honest,s,StandardsPos,0
man,man,c,StandardsPos,1
",",",",s,,0
he,he,s,Neutral_Attribution,0
has,has,s,Neutral_Attribution,1
made,made,s,ReportingEvents,0
them,them,s,,0
reasonable,reasonable,s,StandardsPos,0
me,me,s,FirstPer,0
thinks,thinks,c,PrivateThinking,0
:,:,s,,0
for,for,s,ReasonForward,0
I,i,s,ReasonForward,1
am,am,n,ReasonForward,2
but,but,s,Resistance,0
to,to,s,Resistance,1
warrant,warrant,s,CommonAuthorities,0
it,it,s,,0
from,from,s,Generalization,0
all,all,s,Generalization,1
men,men,c,PersonProperty,0
",",",",s,,0
I,i,s,SelfDisclosure,0
have,have,s,SelfDisclosure,1
nothing,nothing,s,DenyDisclaim,0
to,to,s,DenyDisclaim,1
do,do,s,DenyDisclaim,2
with,with,s,DenyDisclaim,3
women,women,nnn,PersonProperty,0
It,it,s,,0
is,is,s,Positive_Attribution,0
well,well,c,Positive_Attribution,1
.,.,s,,0
We,we,s,Metadiscourse,0
will,will,s,Metadiscourse,1
go,go,s,Metadiscourse,2
presently,presently,c,TimeShift,0
.,.,s,Resistance,0
But,but,s,Resistance,1
I,i,s,Insist,0
must,must,s,Insist,1
stay,stay,s,TimeDuration,0
until,until,s,TimeDuration,0
Proberio,proberio,s,UNRECOGNIZED,0
come,come,c,ReportingEvents,0
:,:,s,,0
for,for,n,,0
I,i,s,FirstPer,0
do,do,s,DenyDisclaim,0
not,not,s,DenyDisclaim,1
well,well,s,SenseObject,0
know,know,s,Confidence,0
where,where,s,Confidence,1
I,i,s,SelfDisclosure,0
am,am,s,SelfDisclosure,1
until,until,s,TimeDuration,0
he,he,s,TimeDuration,1
have,have,s,ReportingEvents,0
done,done,s,ReportingEvents,1
a,a,s,,0
business,business,s,AbstractConcepts,0
of,of,s,,0
mine,mine,nnn,FirstPer,0
Sir,sir,s,PersonProperty,0
I,i,s,FirstPer,0
met,met,s,Narrative_Verbs,0
him,him,s,Narrative_Verbs,1
in,in,s,,0
Chauncery,chauncery,s,UNRECOGNIZED,0
Lane,lane,c,SpaceRelation,0
",",",",s,,0
he,he,s,PersonPronoun,0
promised,promised,s,Promise,0
to,to,s,Promise,1
be,be,s,Promise,2
here,here,s,SpaceRelation,0
before,before,s,Sequence,0
me,me,c,FirstPer,0
",",",",s,Resistance,0
but,but,s,Resistance,1
I,i,s,FirstPer,0
made,made,n,ReportingEvents,0
great,great,s,Intensity,0
haste,haste,s,Negativity,0
to,to,s,,0
tell,tell,s,DirectAddress,0
you,you,s,DirectAddress,1
the,the,s,GenericEvents,0
writings,writings,s,GenericEvents,1
were,were,s,ProjectBack,0
ready,ready,c,ProjectAhead,0
.,.,s,,0
I,i,s,SelfDisclosure,0
would,would,s,SelfDisclosure,1
so,so,s,,0
feign,feign,s,SubjectivePercept,0
be,be,s,ReportingStates,0
a,a,n,ReportingStates,1
sealing,sealing,c,SenseObject,0
.,.,s,,0
I,i,s,SelfDisclosure,0
am,am,s,SelfDisclosure,1
wonderfully,wonderfully,s,Positivity,0
fallen,fallen,s,Negative_Relation,0
out,out,s,Negative_Relation,1
with,with,s,,0
my,my,s,FirstPer,0
land,land,nnn,AbstractConcepts,0
Sir,sir,c,PersonProperty,0
",",",",s,,0
the,the,s,,0
bargain,bargain,s,ReportingEvents,0
with,with,s,ReportingEvents,1
Master,master,s,PersonProperty,0
Pohssib,pohssib,s,UNRECOGNIZED,0
is,is,s,Negativity,0
the,the,s,Negativity,1
worst,worst,s,Negativity,2
that,that,s,,0
ever,ever,s,Biographical_Time,0
was,was,s,Biographical_Time,1
made,made,c,ReportingEvents,0
:,:,s,,0
for,for,s,Contingency,0
if,if,n,Contingency,1
he,he,s,PersonPronoun,0
or,or,s,,0
his,his,s,PersonPronoun,0
wife,wife,s,PersonProperty,0
do,do,s,Intensity,0
live,live,s,,0
30,30,s,TimeDuration,0
years,years,c,TimeDuration,1
",",",",s,,0
(,(,c,Aside,0
as,as,s,Aside,1
by,by,s,,0
probability,probability,s,Contingency,0
they,they,s,,0
will,will,c,PredictedFuture,0
),),s,,0
you,you,s,DirectAddress,0
lose,lose,n,Negativity,0
17000l,17000l,c,UNRECOGNIZED,0
.,.,s,,0
by,by,s,,0
the,the,s,,0
bargain,bargain,s,AbstractConcepts,0
at,at,s,SubjectivePercept,0
least,least,c,SubjectivePercept,1
.,.,s,DirectAddress,0
And,and,s,DirectAddress,1
if,if,s,Contingency,0
they,they,s,Contingency,1
die,die,s,AbstractConcepts,0
sooner,sooner,c,Comparison,0
",",",",s,,0
you,you,s,Insist,0
shall,shall,s,Insist,1
save,save,s,StandardsPos,0
little,little,c,SenseProperty,0
.,.,n,,0
Therefore,therefore,s,ReasonForward,0
my,my,s,FirstPer,0
advice,advice,s,GenericEvents,0
is,is,c,ReportingStates,0
",",",",s,,0
that,that,s,,0
either,either,s,Metadiscourse,0
you,you,s,DirectAddress,0
buy,buy,s,ReportingEvents,0
it,it,s,ReportingEvents,1
absolutely,absolutely,s,Confidence,0
for,for,s,,0
ready,ready,s,Immediacy,0
money,money,c,Immediacy,1
",",",",s,,0
or,or,n,,0
yield,yield,s,ReportingEvents,0
it,it,s,,0
back,back,s,,0
with,with,s,,0
reasonable,reasonable,s,StandardsPos,0
consideration,consideration,s,StandardsPos,0
for,for,s,StandardsPos,1
your,your,s,DirectAddress,0
money,money,s,AbstractConcepts,0
lent,lent,c,AbstractConcepts,0
",",",",s,ReasonForward,0
so,so,s,ReasonForward,1
shall,shall,s,ProjectAhead,0
you,you,n,DirectAddress,0
be,be,s,DirectAddress,1
free,free,s,AbstractConcepts,0
from,from,s,AbstractConcepts,1
exclamations,exclamations,nnn,Intensity,0
I,i,s,SelfDisclosure,0
thought,thought,s,SelfDisclosure,1
so,so,c,AbstractConcepts,0
",",",",s,AbstractConcepts,1
I,i,s,FirstPer,0
warrant,warrant,s,CommonAuthorities,0
thou,thou,s,DirectAddress,0
art,art,s,AbstractConcepts,0
as,as,s,,0
fearful,fearful,s,Fear,0
of,of,s,Fear,1
exclamations,exclamations,c,Intensity,0
",",",",s,,0
as,as,s,,0
of,of,n,,0
thunderbolts,thunderbolts,c,SenseObject,0
:,:,s,,0
there,there,s,DenyDisclaim,0
is,is,s,DenyDisclaim,1
nothing,nothing,s,DenyDisclaim,2
with,with,s,DirectAddress,0
you,you,s,DirectAddress,1
but,but,s,Resistance,0
exclamations,exclamations,c,Intensity,0
",",",",s,,0
imputations,imputations,c,Negative_Attribution,0
",",",",n,,0
infamy,infamy,c,StandardsNeg,0
",",",",s,,0
reports,reports,c,LangRef,0
",",",",s,,0
discredit,discredit,c,Negative_Relation,0
",",",",s,,0
and,and,s,Specifiers,0
the,the,s,Specifiers,1
like,like,c,Specifiers,2
.,.,s,Specifiers,3
A,a,s,SubjectiveTime,0
rush,rush,c,SubjectiveTime,1
",",",",s,,0
a,a,s,SubjectiveTime,0
rush,rush,c,SubjectiveTime,1
",",",",s,,0
and,and,s,,0
they,they,s,Exceptions,0
are,are,s,Exceptions,1
all,all,n,Exceptions,2
one,one,s,Numbers,0
to,to,s,SelfDisclosure,0
me,me,c,SelfDisclosure,1
.,.,s,OralCues,0
Well,well,c,OralCues,1
",",",",s,OralCues,2
I,i,s,Acknowledge,0
thank,thank,s,Acknowledge,1
you,you,s,Acknowledge,2
for,for,s,DirectAddress,0
your,your,s,DirectAddress,1
pains,pains,c,SenseProperty,0
.,.,s,,0
Now,now,s,Immediacy,0
ply,ply,s,ReportingEvents,0
the,the,s,,0
Knight,knight,s,PersonProperty,0
and,and,s,,0
his,his,n,PersonPronoun,0
Father-in-law,father-in-law,s,PersonProperty,0
about,about,s,,0
the,the,s,,0
1000l,1000l,c,UNRECOGNIZED,0
.,.,s,,0
account,account,nnn,AbstractConcepts,0
I,i,s,FirstPer,0
will,will,c,PredictedFuture,0
.,.,nnn,Question,0
What,what,s,Question,1
is,is,s,Question,2
your,your,s,DirectAddress,0
opinion,opinion,s,SubjectivePercept,0
sir,sir,s,PersonProperty,0
Hermito,hermito,s,UNRECOGNIZED,0
of,of,s,Specifiers,0
this,this,s,Specifiers,1
man's,man's,s,PersonProperty,0
disposition,disposition,c,AbstractConcepts,0
?,?,nnn,Question,0
Alas,alas,c,Negativity,0
",",",",s,,0
I,i,s,Contingency,0
could,could,s,Contingency,1
wish,wish,s,SubjectivePercept,0
the,the,s,PersonProperty,0
poor,poor,s,PersonProperty,1
man,man,s,PersonProperty,2
would,would,s,ProjectBack,0
consider,consider,s,Curiosity,0
better,better,s,Positivity,0
of,of,s,Positivity,1
his,his,s,PersonPronoun,0
souls,souls,s,Disclosure,0
state,state,c,,0
.,.,n,,0
He,he,s,Resemblances,0
seems,seems,s,Resemblances,1
to,to,s,,0
have,have,s,ReportingEvents,0
a,a,s,ReportingEvents,1
great,great,s,Intensity,0
wit,wit,c,StandardsPos,0
",",",",s,Aside,0
which,which,s,Aside,1
he,he,s,Aside,2
bends,bends,s,SpaceRelation,0
wholly,wholly,s,Intensity,0
to,to,s,,0
gather,gather,s,ReportingEvents,0
worldly,worldly,n,,0
wealth,wealth,c,Positivity,0
",",",",s,,0
not,not,s,DenyDisclaim,0
regarding,regarding,s,Curiosity,0
how,how,s,Curiosity,1
he,he,s,PersonPronoun,0
gets,gets,s,,0
it,it,c,,0
.,.,s,,0
We,we,s,,0
that,that,s,,0
have,have,s,,0
put,put,s,ReportingEvents,0
riches,riches,s,Positivity,0
in,in,s,Immediacy,0
the,the,s,Immediacy,1
last,last,s,Immediacy,2
place,place,n,SpaceRelation,0
of,of,s,SpaceRelation,1
our,our,s,Inclusive,0
care,care,c,StandardsPos,0
",",",",s,,0
or,or,s,,0
rather,rather,s,Resistance,0
fly,fly,s,SceneShift,0
from,from,s,SceneShift,1
them,them,s,,0
as,as,s,,0
pernicious,pernicious,s,Negativity,0
do,do,s,Intensity,0
indeed,indeed,c,Intensity,1
",",",",s,,0
condemn,condemn,s,Negative_Relation,0
for,for,n,,0
folly,folly,s,StandardsNeg,0
all,all,s,Generalization,0
the,the,s,Generalization,1
carking,carking,s,Negativity,0
and,and,s,,0
study,study,s,ProjectAhead,0
to,to,s,ProjectAhead,1
increase,increase,s,Transformation,0
our,our,s,Inclusive,0
own,own,s,Inclusive,1
hurts,hurts,s,Negativity,0
as,as,s,TimeDuration,0
they,they,s,TimeDuration,1
will,will,s,PredictedFuture,0
prove,prove,n,Confidence,0
to,to,s,Confidence,1
be,be,c,Confidence,2
",",",",s,,0
especially,especially,s,Specifiers,0
gotten,gotten,s,,0
by,by,s,,0
indirect,indirect,s,SubjectivePercept,0
means,means,nnn,AbstractConcepts,0
Do,do,s,DirectAddress,0
you,you,s,DirectAddress,1
call,call,s,ReportingEvents,0
him,him,s,PersonPronoun,0
poor,poor,c,Negativity,0
",",",",s,,0
who,who,s,Question,0
is,is,s,Question,1
reckoned,reckoned,s,PrivateThinking,0
very,very,s,Intensity,0
rich,rich,c,Positivity,0
",",",",s,,0
and,and,s,,0
full,full,s,Specifiers,0
of,of,s,Specifiers,1
money,money,s,AbstractConcepts,0
to,to,s,,0
put,put,n,Transformation,0
out,out,s,Transformation,1
for,for,s,ProjectAhead,0
gain,gain,c,ProjectAhead,1
?,?,s,Question,0
such,such,s,Intensity,0
men,men,s,PersonProperty,0
are,are,s,ReportingStates,0
now-a-dayes,now-a-dayes,s,UNRECOGNIZED,0
highly,highly,s,StandardsPos,0
esteemed,esteemed,c,StandardsPos,1
",",",",s,,0
much,much,s,Intensity,0
sued,sued,s,ReportingEvents,0
unto,unto,c,CommonAuthorities,0
",",",",s,,0
and,and,n,,0
among,among,s,,0
their,their,s,PersonPronoun,0
praises,praises,s,StandardsPos,0
that,that,s,Specifiers,0
is,is,s,Specifiers,1
chief,chief,c,CommonAuthorities,0
",",",",s,,0
that,that,s,,0
he,he,s,PersonPronoun,0
excels,excels,s,StandardsPos,0
others,others,s,Uncertainty,0
in,in,s,,0
money,money,s,AbstractConcepts,0
at,at,s,,0
use,use,c,ReportingEvents,0
.,.,n,DirectAddress,0
And,and,s,DirectAddress,1
in,in,s,SpaceRelation,0
the,the,s,SpaceRelation,1
country,country,s,SpaceRelation,2
among,among,s,,0
plain,plain,s,SenseProperty,0
fellows,fellows,s,PersonProperty,0
it,it,s,,0
is,is,s,Exceptions,0
a,a,s,Exceptions,1
special,special,s,Exceptions,2
mark,mark,s,AbstractConcepts,0
or,or,s,,0
token,token,s,AbstractConcepts,0
that,that,n,,0
he,he,s,Neutral_Attribution,0
is,is,s,Neutral_Attribution,1
a,a,s,Neutral_Attribution,2
good,good,s,StandardsPos,0
man,man,s,StandardsPos,1
(,(,c,Aside,0
as,as,s,Aside,1
they,they,s,,0
call,call,s,ReportingEvents,0
him,him,c,PersonPronoun,0
),),s,,0
if,if,s,Contingency,0
he,he,s,Contingency,1
have,have,s,,0
100^1,100^1,c,UNRECOGNIZED,0
.,.,s,,0
or,or,s,,0
tow,tow,s,Motions,0
at,at,s,,0
use,use,c,ReportingEvents,0
",",",",s,,0
and,and,n,,0
without,without,s,Contingency,0
that,that,s,,0
he,he,s,Updates,0
is,is,s,Updates,1
not,not,s,DenyDisclaim,0
counted,counted,s,ReportingEvents,0
sound,sound,c,SenseProperty,0
",",",",s,,0
or,or,s,,0
out,out,s,Positivity,0
of,of,s,Positivity,1
debt,debt,nnn,Positivity,2
More,more,s,Comparison,0
is,is,s,ReportingStates,0
the,the,s,ReportingStates,1
pity,pity,c,Sad,0
.,.,s,ProjectBack,0
It,it,s,ProjectBack,1
was,was,s,ProjectBack,2
wont,wont,s,SubjectivePercept,0
to,to,s,GenericEvents,0
be,be,s,GenericEvents,1
a,a,s,Specifiers,0
thing,thing,s,Specifiers,1
odious,odious,s,Negativity,0
among,among,s,,0
Christians,christians,c,PersonProperty,0
",",",",s,,0
and,and,n,,0
used,used,s,ReportingEvents,0
by,by,s,,0
none,none,s,DenyDisclaim,0
but,but,s,Resistance,0
Jews,jews,c,PersonProperty,0
*,*,s,,0
And,and,s,,0
therefore,therefore,s,ReasonForward,0
we,we,s,,0
call,call,s,ReportingEvents,0
such,such,s,Intensity,0
men,men,s,PersonProperty,0
poor,poor,c,Negativity,0
",",",",s,,0
as,as,s,ReportingStates,0
being,being,s,ReportingStates,1
needy,needy,n,Negativity,0
of,of,s,Negativity,1
goodness,goodness,s,StandardsPos,0
and,and,s,,0
grace,grace,c,StandardsPos,0
",",",",s,,0
have,have,s,Question,0
they,they,s,Question,1
never,never,s,Intensity,0
so,so,s,Intensity,1
great,great,s,StandardsPos,0
abundance,abundance,s,StandardsPos,1
so,so,s,,0
gotten,gotten,s,,0
as,as,s,TimeDuration,0
they,they,n,TimeDuration,1
make,make,s,ReportingEvents,0
their,their,s,PersonPronoun,0
owners,owners,s,PersonProperty,0
beggarly,beggarly,s,Negativity,0
for,for,s,,0
grace,grace,nnn,StandardsPos,0
It,it,s,,0
Is,is,s,ReportingStates,0
a,a,s,ReportingStates,1
marvailous,marvailous,s,UNRECOGNIZED,0
toil,toil,s,Negativity,0
and,and,s,Negativity,1
trouble,trouble,s,Negativity,2
that,that,s,Inclusive,0
we,we,s,Inclusive,1
courtiers,courtiers,s,PersonProperty,0
are,are,s,ReportingStates,0
put,put,s,ReportingEvents,0
to,to,c,ReportingEvents,1
",",",",s,,0
and,and,s,,0
little,little,n,SenseProperty,0
considered,considered,s,Curiosity,0
by,by,s,,0
the,the,s,,0
world,world,s,AbstractConcepts,0
abroad,abroad,c,SceneShift,0
:,:,s,,0
for,for,s,ReasonBackward,0
it,it,s,ReasonBackward,1
is,is,s,ReasonBackward,2
commonly,commonly,s,ReceivedPOV,0
midnight,midnight,s,Sequence,0
before,before,s,Sequence,0
we,we,s,Contingency,0
can,can,s,Contingency,1
be,be,n,Contingency,2
showed,showed,s,ReportingEvents,0
our,our,s,Inclusive,0
chambers,chambers,c,SenseObject,0
.,.,s,,0
There,there,s,SpaceRelation,0
we,we,s,SpaceRelation,1
lie,lie,s,Motions,0
like,like,s,SubjectivePercept,0
dead,dead,s,Negativity,0
persons,persons,s,Negativity,1
until,until,s,TimeDuration,0
next,next,s,TimeDuration,1
day,day,s,TimeDuration,0
at,at,s,,0
noone,noone,c,,0
.,.,n,,0
All,all,s,Generalization,0
this,this,s,Generalization,1
while,while,s,TimeDuration,0
no,no,s,DenyDisclaim,0
body,body,s,SenseObject,0
comes,comes,s,Intensity,0
at,at,s,Intensity,1
us,us,c,Intensity,2
",",",",s,,0
nor,nor,s,DenyDisclaim,0
prouides,prouides,s,UNRECOGNIZED,0
us,us,s,Inclusive,0
any,any,s,,0
supping,supping,c,GenericEvents,0
",",",",s,,0
nor,nor,s,DenyDisclaim,0
so,so,s,Comparison,0
much,much,n,Comparison,1
as,as,s,Comparison,2
moanes,moanes,s,UNRECOGNIZED,0
us,us,c,Inclusive,0
.,.,s,Sequence,0
Then,then,s,Sequence,1
are,are,s,Question,0
we,we,s,Question,1
forced,forced,s,Resistance,0
to,to,s,Resistance,1
ri^e,ri^e,s,UNRECOGNIZED,0
for,for,s,,0
stark,stark,s,Negativity,0
hunger,hunger,c,Negativity,0
.,.,s,,0
Thus,thus,s,ReasonForward,0
tied,tied,s,ReportingEvents,0
to,to,s,Inclusive,0
our,our,n,Inclusive,1
dinner,dinner,s,AbstractConcepts,0
till,till,s,AbstractConcepts,0
two,two,s,Numbers,0
of,of,s,,0
the,the,s,SenseObject,0
clock,clock,c,SenseObject,1
:,:,s,,0
from,from,s,TimeShift,0
that,that,s,TimeShift,1
time,time,s,TimeShift,2
until,until,s,TimeDuration,0
four,four,c,Numbers,0
",",",",s,,0
we,we,s,Insist,0
must,must,s,Insist,1
not,not,s,Insist,2
stir,stir,n,Motions,0
from,from,s,,0
our,our,s,Inclusive,0
seat,seat,c,SenseObject,0
",",",",s,,0
one,one,s,Numbers,0
discourse,discourse,s,AbstractConcepts,0
after,after,s,Sequence,0
an,an,s,Sequence,1
other,other,s,Specifiers,0
holds,holds,s,,0
us,us,s,Inclusive,0
fast,fast,c,SubjectiveTime,0
.,.,s,Sequence,0
Then,then,s,Sequence,1
go,go,s,ReportingEvents,0
we,we,s,,0
on,on,n,,0
visitation,visitation,s,SceneShift,0
from,from,s,,0
chamber,chamber,s,SenseObject,0
to,to,s,,0
chamber,chamber,c,SenseObject,0
:,:,s,,0
and,and,s,,0
before,before,s,Sequence,0
we,we,s,,0
know,know,s,Confidence,0
perfectly,perfectly,s,PosFeedback,0
how,how,s,,0
every,every,s,Generalization,0
one,one,n,Generalization,1
had,had,s,ProjectBack,0
their,their,s,PersonPronoun,0
health,health,s,StandardsPos,0
since,since,s,,0
yesternight,yesternight,c,ProjectBack,0
",",",",s,,0
and,and,s,,0
exchanged,exchanged,s,Substitution,0
our,our,s,Inclusive,0
complementall,complementall,s,UNRECOGNIZED,0
terms,terms,c,AbstractConcepts,0
",",",",n,,0
the,the,s,SenseObject,0
clock,clock,s,SenseObject,1
strikes,strikes,s,Negativity,0
seven,seven,c,Numbers,0
.,.,s,Sequence,0
Then,then,s,Sequence,1
duty,duty,s,CommonAuthorities,0
calls,calls,s,CommonAuthorities,1
us,us,s,Inclusive,0
to,to,s,,0
Court,court,s,AbstractConcepts,0
our,our,s,Inclusive,0
most,most,s,Comparison,0
respected,respected,s,StandardsPos,0
and,and,n,,0
perfumed,perfumed,s,SenseProperty,0
Mistress,mistress,c,PersonProperty,0
",",",",s,,0
whereof,whereof,s,CommonAuthorities,0
we,we,s,ReportingStates,0
are,are,s,ReportingStates,1
not,not,s,DenyDisclaim,0
discharged,discharged,s,ReportingEvents,0
till,till,s,AbstractConcepts,0
nine,nine,c,Numbers,0
.,.,s,,0
Now,now,s,Immediacy,0
supper,supper,s,TimeDuration,0
bids,bids,n,ReportingEvents,0
every,every,s,Generalization,0
one,one,s,Generalization,1
repair,repair,s,SceneShift,0
to,to,s,SceneShift,1
his,his,s,PersonPronoun,0
mess,mess,c,Negativity,0
",",",",s,Aside,0
which,which,s,Aside,1
commonly,commonly,s,ReceivedPOV,0
continues,continues,s,TimeDuration,0
no,no,s,Updates,0
longer,longer,s,Updates,1
then,then,s,,0
ten,ten,c,Numbers,0
.,.,n,ReasonForward,0
And,and,s,ReasonForward,1
so,so,s,ReasonForward,2
after,after,s,Sequence,0
a,a,s,Sequence,1
crash,crash,s,Negativity,0
of,of,s,TimeDuration,0
two,two,s,TimeDuration,1
hours,hours,s,TimeDuration,2
in,in,s,GenericEvents,0
play,play,c,GenericEvents,1
",",",",s,,0
we,we,s,ReportingStates,0
are,are,s,ReportingStates,1
driven,driven,s,ReportingEvents,0
every,every,s,Generalization,0
one,one,s,Generalization,1
to,to,s,,0
his,his,n,PersonPronoun,0
kennell,kennell,s,UNRECOGNIZED,0
at,at,s,TimeDuration,0
midnight,midnight,c,TimeDuration,1
",",",",s,,0
as,as,s,Updates,0
I,i,s,Updates,1
said,said,s,Updates,2
before,before,c,Updates,3
.,.,s,DirectAddress,0
And,and,s,DirectAddress,1
this,this,s,,0
miserable,miserable,s,StandardsNeg,0
life,life,s,AbstractConcepts,0
we,we,s,,0
lead,lead,c,,0
",",",",s,,0
and,and,n,Resistance,0
yet,yet,s,Resistance,1
are,are,s,Question,0
we,we,s,Question,1
envyed,envyed,s,UNRECOGNIZED,0
to,to,s,,0
have,have,s,Generalization,0
all,all,s,Generalization,1
the,the,s,,0
pleasures,pleasures,s,Positivity,0
in,in,s,Intensity,0
the,the,s,Intensity,1
world,world,c,Intensity,2
.,.,s,Intensity,3
But,but,s,Resistance,0
I,i,s,SelfDisclosure,0
think,think,s,SelfDisclosure,1
no,no,s,DenyDisclaim,0
wise,wise,n,StandardsPos,0
man,man,s,StandardsPos,1
will,will,s,PredictedFuture,0
so,so,s,,0
judge,judge,s,PrivateThinking,0
if,if,s,Contingency,0
he,he,s,Contingency,1
felt,felt,s,SubjectivePercept,0
that,that,s,SubjectivePercept,1
we,we,s,,0
know,know,nn,Confidence,0
Master,master,s,PersonProperty,0
Sperato,sperato,c,UNRECOGNIZED,0
.,.,s,,0
I,i,s,SelfDisclosure,0
have,have,s,SelfDisclosure,1
much,much,s,Intensity,0
desired,desired,s,ProjectAhead,0
to,to,s,ProjectAhead,1
debate,debate,s,Resistance,0
with,with,s,DirectAddress,0
you,you,s,DirectAddress,1
the,the,s,,0
matter,matter,s,Specifiers,0
of,of,s,Specifiers,1
drinking,drinking,c,Motions,0
",",",",n,,0
and,and,s,,0
necessity,necessity,s,Insist,0
thereof,thereof,c,CommonAuthorities,0
",",",",s,,0
because,because,s,ReasonBackward,0
at,at,s,SpaceRelation,0
our,our,s,SpaceRelation,1
last,last,s,Sequence,0
meeting,meeting,s,GenericEvents,0
here,here,s,DirectAddress,0
you,you,s,DirectAddress,1
were,were,s,ProjectBack,0
so,so,s,,0
bitter,bitter,s,Negativity,0
in,in,n,,0
speech,speech,s,LangRef,0
as,as,s,Resemblances,0
if,if,s,Resemblances,1
worme-wood,worme-wood,s,UNRECOGNIZED,0
had,had,s,ProjectBack,0
been,been,s,ProjectBack,1
all,all,s,ProjectBack,2
night,night,s,,0
steep't,steep't,s,UNRECOGNIZED,0
in,in,s,DirectAddress,0
your,your,s,DirectAddress,1
stomach,stomach,c,SenseObject,0
.,.,s,,0
Therefore,therefore,s,ReasonForward,0
I,i,n,FirstPer,0
sent,sent,s,ProjectAhead,0
for,for,s,ProjectAhead,1
you,you,s,DirectAddress,0
once,once,s,RecurringEvents,0
again,again,s,RecurringEvents,1
to,to,s,ProjectAhead,0
try,try,s,ProjectAhead,1
if,if,s,Contingency,0
I,i,s,Contingency,1
can,can,s,Contingency,2
persuade,persuade,s,DirectAddress,0
you,you,s,DirectAddress,1
to,to,s,,0
recantation,recantation,s,Negativity,0
of,of,s,DirectAddress,0
your,your,n,DirectAddress,1
error,error,nn,StandardsNeg,0
That,that,s,DirectAddress,0
you,you,s,DirectAddress,1
may,may,s,Contingency,0
easily,easily,s,Confidence,0
do,do,s,Intensity,0
Gulato,gulato,c,UNRECOGNIZED,0
.,.,s,,0
For,for,s,Contingency,0
if,if,s,Contingency,1
singing,singing,s,Motions,0
the,the,s,Comparison,0
same,same,s,Comparison,1
song,song,s,SenseObject,0
over,over,s,RecurringEvents,0
again,again,s,RecurringEvents,1
may,may,n,Contingency,0
pleasure,pleasure,s,Positivity,0
you,you,c,DirectAddress,0
",",",",s,,0
I,i,s,Contingency,0
can,can,s,Contingency,1
do,do,s,ReportingEvents,0
it,it,s,ReportingEvents,1
with,with,s,,0
much,much,s,Intensity,0
addition,addition,s,AbstractConcepts,0
of,of,s,,0
voluntary,voluntary,nnn,SubjectivePercept,0
Is,is,s,Question,0
it,it,s,Question,1
even,even,s,Resistance,0
so,so,c,Resistance,1
?,?,s,Question,0
then,then,s,Sequence,0
I,i,s,Sequence,1
see,see,s,,0
thou,thou,s,DirectAddress,0
want,want,s,ProjectAhead,0
breeding,breeding,c,ReportingEvents,0
",",",",s,,0
that,that,s,,0
art,art,s,AbstractConcepts,0
ungrateful,ungrateful,s,Negative_Relation,0
for,for,s,Negative_Relation,1
a,a,n,,0
kindness,kindness,s,StandardsPos,0
offered,offered,c,ReportingStates,0
;,;,s,ReportingStates,1
and,and,s,,0
ignorant,ignorant,c,StandardsNeg,0
",",",",s,,0
not,not,s,DenyDisclaim,0
sensible,sensible,s,AbstractConcepts,0
of,of,s,AbstractConcepts,1
the,the,s,,0
salutiferous,salutiferous,s,AbstractConcepts,0
operation,operation,s,AbstractConcepts,0
of,of,n,,0
well,well,s,SenseObject,0
brewed,brewed,s,SenseProperty,0
Ale,ale,c,SenseObject,0
:,:,s,,0
which,which,s,,0
for,for,s,,0
thy,thy,s,DirectAddress,0
edification,edification,c,Positivity,0
",",",",s,,0
I,i,s,FirstPer,0
will,will,s,PredictedFuture,0
manifest,manifest,s,Confidence,0
and,and,s,,0
demonstrate,demonstrate,s,Confidence,0
by,by,n,,0
a,a,s,Intensity,0
very,very,s,Intensity,1
familiar,familiar,s,PriorKnowledge,0
and,and,s,,0
apt,apt,s,StandardsPos,0
similitude,similitude,c,Comparison,0
:,:,s,,0
and,and,s,,0
within,within,s,,0
the,the,s,,0
circumference,circumference,s,SpaceRelation,0
of,of,s,SpaceRelation,1
thy,thy,s,DirectAddress,0
feeble,feeble,n,Negativity,0
comprehension,comprehension,c,PrivateThinking,0
",",",",s,,0
whereunto,whereunto,s,CommonAuthorities,0
I,i,s,FirstPer,0
will,will,s,PredictedFuture,0
now,now,s,Immediacy,0
accommodate,accommodate,s,StandardsPos,0
my,my,s,FirstPer,0
whole,whole,s,,0
oration,oration,nnn,AbstractConcepts,0
You,you,s,DirectAddress,0
are,are,s,DirectAddress,1
grown,grown,s,ReportingEvents,0
very,very,s,Intensity,0
eloquent,eloquent,s,StandardsPos,0
of,of,s,Immediacy,0
late,late,c,Immediacy,1
.,.,s,,0
I,i,s,SelfDisclosure,0
think,think,s,SelfDisclosure,1
the,the,s,,0
Ale,ale,s,SenseObject,0
has,has,s,,0
oiled,oiled,s,SenseProperty,0
your,your,s,DirectAddress,0
tongue,tongue,c,SenseObject,0
.,.,nnn,Question,0
Why,why,c,Question,1
",",",",s,Question,2
thou,thou,s,DirectAddress,0
art,art,s,AbstractConcepts,0
in,in,s,StandardsPos,0
the,the,s,StandardsPos,1
right,right,c,StandardsPos,2
.,.,s,,0
I,i,s,FirstPer,0
tell,tell,s,,0
thee,thee,s,DirectAddress,0
I,i,s,SelfDisclosure,0
am,am,s,SelfDisclosure,1
at,at,s,Immediacy,0
this,this,s,Immediacy,1
instant,instant,s,Immediacy,2
so,so,s,,0
inflamed,inflamed,s,SenseProperty,0
with,with,n,SenseProperty,1
the,the,s,SubjectivePercept,0
spirit,spirit,s,SubjectivePercept,1
of,of,s,,0
malt,malt,c,SenseObject,0
",",",",s,,0
and,and,s,,0
my,my,s,FirstPer,0
wits,wits,s,StandardsPos,0
so,so,s,,0
refined,refined,s,ReportingEvents,0
with,with,s,Specifiers,0
the,the,s,Specifiers,1
manifold,manifold,s,AbstractConcepts,0
reverberations,reverberations,c,Motions,0
",",",",n,,0
and,and,s,,0
continual,continual,s,RecurringEvents,0
posting,posting,s,ReportingEvents,0
correspondence,correspondence,s,SenseObject,0
between,between,s,,0
the,the,s,,0
residence,residence,s,SpaceRelation,0
of,of,s,Specifiers,0
that,that,s,Specifiers,1
liquor,liquor,s,SenseObject,0
in,in,n,,0
my,my,s,FirstPer,0
stomach,stomach,c,SenseObject,0
",",",",s,,0
and,and,s,,0
the,the,s,,0
quintisencicall,quintisencicall,s,UNRECOGNIZED,0
receites,receites,s,UNRECOGNIZED,0
in,in,s,SelfDisclosure,0
my,my,s,SelfDisclosure,1
head,head,c,SelfDisclosure,2
",",",",s,,0
that,that,s,DenyDisclaim,0
no,no,s,DenyDisclaim,1
particle,particle,s,SenseObject,0
of,of,n,SubjectiveTime,0
time,time,s,SubjectiveTime,1
passes,passes,c,ReportingEvents,0
",",",",s,Resistance,0
but,but,s,Resistance,1
whole,whole,s,,0
streams,streams,s,SenseObject,0
of,of,s,,0
exusflations,exusflations,c,UNRECOGNIZED,0
",",",",s,,0
and,and,s,,0
insufflations,insufflations,s,UNRECOGNIZED,0
ascend,ascend,s,ReportingEvents,0
to,to,n,ReportingEvents,1
the,the,s,,0
brains,brains,c,SenseObject,0
",",",",s,,0
and,and,s,,0
there,there,s,,0
work,work,s,StandardsPos,0
wonders,wonders,c,StandardsPos,1
.,.,s,,0
By,by,s,,0
reason,reason,s,StandardsPos,0
whereof,whereof,s,CommonAuthorities,0
it,it,s,,0
were,were,s,ProjectBack,0
not,not,s,DenyDisclaim,0
hard,hard,s,DenyDisclaim,1
for,for,s,SelfDisclosure,0
me,me,n,SelfDisclosure,1
to,to,s,,0
furnish,furnish,s,ReportingEvents,0
Ryder,ryder,s,UNRECOGNIZED,0
himself,himself,s,PersonPronoun,0
with,with,s,,0
2000,2000,s,ProjectBack,0
new,new,s,,0
words,words,s,LangRef,0
not,not,s,Updates,0
yet,yet,s,Updates,1
seen,seen,s,SpaceRelation,0
in,in,s,Specifiers,0
his,his,s,Specifiers,1
Dictionarie,dictionarie,c,UNRECOGNIZED,0
.,.,n,,0
I,i,s,Contingency,0
could,could,s,Contingency,1
turn,turn,s,,0
Astronomer,astronomer,c,PersonProperty,0
*,*,s,,0
and,and,s,,0
give,give,s,,0
names,names,s,LangRef,0
to,to,s,,0
any,any,s,,0
stars,stars,s,SenseObject,0
that,that,s,,0
want,want,c,ProjectAhead,0
.,.,s,,0
I,i,s,Contingency,0
can,can,s,Contingency,1
pass,pass,n,SubjectivePercept,0
for,for,s,SubjectivePercept,1
a,a,s,,0
Physician,physician,s,PersonProperty,0
among,among,s,,0
many,many,s,,0
fools,fools,c,Negativity,0
",",",",s,,0
and,and,s,,0
kill,kill,s,Negativity,0
as,as,s,Intensity,0
many,many,s,Intensity,1
as,as,s,Intensity,2
the,the,s,Positivity,0
best,best,s,Positivity,1
Doctor,doctor,s,PersonProperty,0
of,of,s,,0
them,them,n,,0
all,all,c,Inclusive,0
.,.,s,Inclusive,1
Finally,finally,c,Sequence,0
",",",",s,Sequence,1
what,what,s,Future_Question,0
would,would,s,Future_Question,1
I,i,s,FirstPer,0
not,not,s,DenyDisclaim,0
undertake,undertake,s,ProjectAhead,0
as,as,s,Immediacy,0
now,now,s,Immediacy,1
I,i,s,SelfDisclosure,0
am,am,s,SelfDisclosure,1
armed,armed,c,SpaceRelation,0
?,?,s,Question,0
But,but,s,Resistance,0
to,to,s,Resistance,1
return,return,s,SceneShift,0
to,to,n,SceneShift,1
my,my,s,FirstPer,0
druggicall,druggicall,s,UNRECOGNIZED,0
similitude,similitude,c,Comparison,0
",",",",s,,0
from,from,s,Specifiers,0
which,which,s,Specifiers,1
thy,thy,s,DirectAddress,0
way,way,s,AbstractConcepts,0
wardnes,wardnes,s,UNRECOGNIZED,0
has,has,s,,0
diverted,diverted,s,ReportingEvents,0
me,me,nnn,FirstPer,0
Nay,nay,c,OralCues,0
",",",",s,,0
let,let,s,ReportingEvents,0
that,that,s,Exceptions,0
alone,alone,s,Exceptions,1
until,until,s,TimeDuration,0
an,an,s,TimeDuration,1
other,other,s,Specifiers,0
time,time,c,,0
.,.,s,,0
I,i,s,FirstPer,0
understand,understand,s,PrivateThinking,0
already,already,s,Updates,0
as,as,s,Metadiscourse,0
much,much,s,Metadiscourse,1
as,as,s,Metadiscourse,2
I,i,n,Metadiscourse,3
need,need,s,Insist,0
for,for,s,Metadiscourse,0
that,that,s,Metadiscourse,1
matter,matter,c,Metadiscourse,2
:,:,s,,0
I,i,s,Insist,0
must,must,s,Insist,1
be,be,s,Insist,2
gone,gone,nnn,ReportingEvents,0
You,you,s,Insist,0
shall,shall,s,Insist,1
stay,stay,s,TimeDuration,0
to,to,s,,0
hear,hear,s,SpaceRelation,0
it,it,c,,0
;,;,s,,0
and,and,s,,0
let,let,s,ReportingEvents,0
me,me,s,FirstPer,0
have,have,s,DirectAddress,0
your,your,s,DirectAddress,1
judgment,judgment,c,PrivateThinking,0
",",",",s,Contingency,0
whether,whether,s,Contingency,1
I,i,s,FirstPer,0
might,might,n,Contingency,0
not,not,s,DenyDisclaim,0
with,with,s,Specifiers,0
a,a,s,Specifiers,1
little,little,s,SenseProperty,0
reading,reading,s,GenericEvents,0
prove,prove,s,Confidence,0
a,a,s,StandardsPos,0
perfect,perfect,s,StandardsPos,1
vrinal^st,vrinal^st,nnn,UNRECOGNIZED,0
You,you,s,DirectAddress,0
are,are,s,DirectAddress,1
so,so,s,,0
troublesome,troublesome,s,Negativity,0
when,when,s,DirectAddress,0
you,you,s,DirectAddress,1
fall,fall,s,ReportingEvents,0
into,into,s,ReportingEvents,1
this,this,s,,0
case,case,s,AbstractConcepts,0
that,that,s,,0
I,i,s,Insist,0
cannot,cannot,s,Insist,1
skill,skill,s,StandardsPos,0
of,of,n,StandardsPos,1
your,your,s,DirectAddress,0
company,company,nnn,DirectAddress,1
I,i,s,FirstPer,0
tell,tell,s,,0
thee,thee,s,DirectAddress,0
it,it,s,,0
is,is,s,Positivity,0
the,the,s,Positivity,1
best,best,s,Positivity,2
Physic,physic,s,AbstractConcepts,0
that,that,s,,0
ever,ever,s,Biographical_Time,0
thou,thou,s,DirectAddress,0
had,had,c,ProjectBack,0
.,.,nnn,ProjectBack,1
I,i,s,SelfDisclosure,0
believe,believe,s,SelfDisclosure,1
it,it,s,,0
beforehand,beforehand,c,ProjectBack,0
.,.,s,Question,0
What,what,s,Question,1
need,need,s,Insist,0
you,you,s,DirectAddress,0
more,more,c,Comparison,0
?,?,nnn,Question,0
O,o,s,LangRef,0
Master,master,s,PersonProperty,0
Spurco,spurco,c,UNRECOGNIZED,0
",",",",s,,0
you,you,s,DirectAddress,0
are,are,s,DirectAddress,1
welcome,welcome,c,DirectAddress,2
:,:,s,,0
speak,speak,s,Disclosure,0
your,your,s,Disclosure,1
mind,mind,s,Disclosure,2
freely,freely,c,Disclosure,0
:,:,s,,0
do,do,s,DenyDisclaim,0
not,not,s,DenyDisclaim,1
you,you,s,DirectAddress,0
think,think,n,DirectAddress,1
it,it,s,Insist,0
better,better,s,Insist,1
to,to,s,,0
sit,sit,s,SenseProperty,0
merrily,merrily,s,Positivity,0
a,a,s,Specifiers,0
whole,whole,s,Specifiers,1
winters,winters,s,RecurringEvents,0
day,day,c,TimeDuration,0
",",",",s,,0
and,and,s,,0
most,most,s,Comparison,0
part,part,s,Specifiers,0
of,of,s,Specifiers,1
the,the,s,Specifiers,2
night,night,s,,0
by,by,s,,0
a,a,n,Positivity,0
good,good,s,Positivity,1
fire,fire,c,SenseObject,0
",",",",s,,0
and,and,s,,0
command,command,s,CommonAuthorities,0
(,(,c,,0
like,like,s,SubjectivePercept,0
men,men,s,PersonProperty,0
of,of,s,PersonProperty,1
authority,authority,c,CommonAuthorities,0
),),s,,0
the,the,s,,0
Tapster,tapster,s,PersonProperty,0
to,to,s,,0
fill,fill,s,,0
us,us,s,Inclusive,0
an,an,s,SenseObject,0
Ocean,ocean,n,SenseObject,1
of,of,s,,0
drink,drink,s,Motions,0
if,if,s,Contingency,0
we,we,s,,0
lift,lift,c,ReportingEvents,0
",",",",s,,0
and,and,s,,0
there,there,s,,0
among,among,s,,0
good,good,s,,0
fellows,fellows,s,PersonProperty,0
to,to,s,,0
hear,hear,s,SpaceRelation,0
more,more,s,Comparison,0
news,news,s,Updates,0
then,then,n,,0
all,all,s,SubjectivePercept,0
the,the,s,SubjectivePercept,1
world,world,s,SubjectivePercept,2
knows,knows,s,Confidence,0
to,to,s,Confidence,1
be,be,s,ReportingStates,0
true,true,c,Concessive,0
",",",",s,Concessive,1
then,then,s,TimeShift,0
to,to,s,TimeShift,1
toil,toil,s,Negativity,0
and,and,s,,0
trash,trash,s,Negativity,0
in,in,s,,0
the,the,s,,0
dirt,dirt,s,SenseObject,0
without,without,n,Contingency,0
conversation,conversation,c,AbstractConcepts,0
",",",",s,,0
seldom,seldom,s,Exceptions,0
coming,coming,s,SpaceRelation,0
near,near,s,SpaceRelation,1
one,one,s,Numbers,0
another,another,s,Numbers,1
as,as,s,,0
Hunters,hunters,s,PersonProperty,0
do,do,nnn,Intensity,0
No,no,s,DenyDisclaim,0
certainly,certainly,c,Confidence,0
.,.,s,,0
I,i,s,FirstPer,0
hold,hold,s,ReportingEvents,0
it,it,s,ReportingEvents,1
a,a,s,,0
beastly,beastly,s,Intensity,0
thing,thing,s,Uncertainty,0
to,to,s,,0
sit,sit,s,SenseProperty,0
besealing,besealing,s,UNRECOGNIZED,0
upon,upon,s,,0
a,a,s,,0
bench,bench,c,SenseObject,0
",",",",s,,0
and,and,n,,0
suck,suck,s,Motions,0
in,in,s,Motions,1
drink,drink,c,Motions,0
",",",",s,,0
as,as,s,,0
pigges,pigges,s,UNRECOGNIZED,0
do,do,s,Intensity,0
dregs,dregs,s,Negativity,0
in,in,s,,0
a,a,s,,0
trough,trough,c,SenseObject,0
:,:,s,,0
which,which,s,,0
custom,custom,s,CommonAuthorities,0
although,although,s,Concessive,0
some,some,n,Uncertainty,0
base,base,s,AbstractConcepts,0
Huntimen,huntimen,c,UNRECOGNIZED,0
",",",",s,,0
and,and,s,,0
Falconers,falconers,s,PersonProperty,0
use,use,c,ReportingEvents,0
",",",",s,Resistance,0
yet,yet,s,Resistance,1
if,if,s,Contingency,0
I,i,s,FirstPer,0
did,did,s,ReportingEvents,0
think,think,s,PrivateThinking,0
that,that,s,PrivateThinking,1
Hunting,hunting,s,ReportingEvents,0
were,were,s,ProjectBack,0
as,as,n,,0
odious,odious,s,Negativity,0
and,and,s,,0
displeasing,displeasing,s,Negativity,0
to,to,s,Intensity,0
God,god,s,Intensity,1
as,as,s,,0
drunkenness,drunkenness,s,Negativity,0
is,is,c,ReportingStates,0
",",",",s,,0
I,i,s,SelfDisclosure,0
would,would,s,SelfDisclosure,1
soon,soon,s,ProjectAhead,0
dispatch,dispatch,s,ReportingEvents,0
my,my,n,FirstPer,0
dogs,dogs,nnn,SenseObject,0
And,and,s,,0
I,i,s,FirstPer,0
will,will,s,PredictedFuture,0
free,free,s,StandardsPos,0
the,the,s,StandardsPos,1
Court,court,s,AbstractConcepts,0
from,from,s,,0
the,the,s,,0
foul,foul,s,Negativity,0
and,and,s,,0
loathsome,loathsome,s,Negative_Relation,0
custom,custom,s,CommonAuthorities,0
of,of,n,CommonAuthorities,1
drunkenness,drunkenness,c,Negativity,0
.,.,s,,0
For,for,s,,0
seldom,seldom,s,Exceptions,0
and,and,s,,0
with,with,s,,0
very,very,s,Intensity,0
few,few,s,SubjectivePercept,0
it,it,s,,0
is,is,s,ReportingStates,0
used,used,s,ReportingEvents,0
there,there,c,SpaceRelation,0
.,.,s,SpaceRelation,1
Officers,officers,c,PersonProperty,0
",",",",s,,0
and,and,n,,0
order,order,s,AbstractConcepts,0
forbids,forbids,s,Resistance,0
it,it,s,,0
as,as,s,,0
unseemly,unseemly,s,StandardsNeg,0
for,for,s,,0
a,a,s,,0
Princes,princes,s,PersonProperty,0
palace,palace,c,SenseObject,0
.,.,s,,0
I,i,s,FirstPer,0
wish,wish,s,SubjectivePercept,0
we,we,s,,0
were,were,s,ProjectBack,0
as,as,s,,0
clear,clear,n,Support,0
from,from,s,Support,1
Idleness,idleness,c,Negativity,0
",",",",s,,0
pride,pride,c,StandardsPos,0
",",",",s,,0
disdain,disdain,c,Negative_Relation,0
",",",",s,,0
envy,envy,c,Negative_Relation,0
",",",",s,,0
lechery,lechery,c,StandardsNeg,0
",",",",s,,0
covetousness,covetousness,c,SubjectivePercept,0
",",",",s,,0
flattery,flattery,c,SubjectivePercept,0
",",",",n,,0
lying,lying,c,Negativity,0
",",",",s,,0
cosenage,cosenage,c,UNRECOGNIZED,0
",",",",s,,0
oppress^on,oppress^on,c,UNRECOGNIZED,0
",",",",s,,0
and,and,s,,0
unthriftiness,unthriftiness,c,UNRECOGNIZED,0
",",",",s,,0
as,as,s,,0
we,we,s,ReportingStates,0
are,are,s,ReportingStates,1
from,from,s,,0
drunkenness,drunkenness,nnn,Negativity,0
Mary,mary,s,PersonProperty,0
Sir,sir,c,PersonProperty,0
",",",",s,,0
these,these,s,ReportingStates,0
are,are,s,ReportingStates,1
vices,vices,s,Negativity,0
enough,enough,c,SubjectivePercept,0
.,.,s,DirectAddress,0
And,and,s,DirectAddress,1
except,except,s,Exceptions,0
you,you,s,DirectAddress,0
were,were,s,ProjectBack,0
guilty,guilty,s,Negative_Relation,0
of,of,s,Negative_Relation,1
all,all,s,Generalization,0
the,the,s,Generalization,1
deadly,deadly,n,Negativity,0
sins,sins,c,Negativity,1
",",",",s,,0
and,and,s,,0
breach,breach,s,StandardsNeg,0
of,of,s,StandardsNeg,1
every,every,s,Generalization,0
commandment,commandment,c,CommonAuthorities,0
",",",",s,,0
I,i,s,FirstPer,0
know,know,s,Uncertainty,0
not,not,s,Uncertainty,1
what,what,s,Uncertainty,2
you,you,s,DirectAddress,0
could,could,s,DirectAddress,1
add,add,s,ReportingEvents,0
to,to,n,ReportingEvents,1
these,these,nnn,Immediacy,0
The,the,s,,0
delights,delights,s,Positivity,0
of,of,s,,0
hunting,hunting,s,ReportingEvents,0
and,and,s,,0
hawking,hawking,c,Motions,0
",",",",s,,0
as,as,s,,0
also,also,s,,0
of,of,s,,0
other,other,s,Specifiers,0
exercises,exercises,c,ReportingEvents,0
",",",",s,,0
were,were,s,ProjectBack,0
(,(,c,,0
no,no,n,Confidence,0
doubt,doubt,c,Confidence,1
),),s,,0
ordained,ordained,s,CommonAuthorities,0
by,by,s,,0
God,god,s,CommonAuthorities,0
to,to,s,Positivity,0
comfort,comfort,s,Positivity,1
man,man,s,PersonProperty,0
in,in,s,Specifiers,0
his,his,s,Specifiers,1
banishment,banishment,s,Resistance,0
here,here,c,SpaceRelation,0
",",",",s,SpaceRelation,1
and,and,s,,0
to,to,s,,0
give,give,s,,0
him,him,n,PersonPronoun,0
a,a,s,SenseProperty,0
taste,taste,s,SenseProperty,1
of,of,s,SenseProperty,2
the,the,s,Negativity,0
unspeakable,unspeakable,s,Negativity,1
pleasures,pleasures,s,Positivity,0
in,in,s,Positivity,0
Heaven,heaven,c,Positivity,1
",",",",s,,0
(,(,c,,0
our,our,s,Inclusive,0
own,own,s,Inclusive,1
c^untire,c^untire,c,UNRECOGNIZED,0
),),s,,0
but,but,s,Resistance,0
the,the,n,Negativity,0
excess,excess,s,Negativity,1
and,and,s,,0
abuse,abuse,s,StandardsNeg,0
of,of,s,StandardsNeg,1
any,any,s,,0
pastime,pastime,c,GenericEvents,0
",",",",s,,0
argues,argues,s,Contested_Citation,0
the,the,s,Contested_Citation,1
receiver,receiver,s,SenseObject,0
unreasonable,unreasonable,c,StandardsNeg,0
",",",",s,,0
and,and,s,,0
turns,turns,n,,0
the,the,s,,0
benefit,benefit,s,StandardsPos,0
into,into,s,,0
detriment,detriment,nn,,0
Of,of,s,,0
drunkards,drunkards,s,PersonProperty,0
I,i,s,FirstPer,0
say,say,s,Citations,0
shortly,shortly,s,SubjectiveTime,0
and,and,s,,0
sharply,sharply,c,SenseProperty,0
;,;,s,,0
they,they,s,,0
deprave,deprave,s,Negativity,0
Gods,gods,s,CommonAuthorities,0
blessings,blessings,c,StandardsPos,0
",",",",s,,0
rob,rob,s,Negative_Relation,0
and,and,n,,0
murder,murder,s,Negativity,0
the,the,s,StandardsNeg,0
poor,poor,c,StandardsNeg,1
",",",",s,,0
undo,undo,s,Transformation,0
the,the,s,CommonAuthorities,0
Commonwealth,commonwealth,c,CommonAuthorities,1
",",",",s,,0
bring,bring,s,,0
Gods,gods,s,CommonAuthorities,0
curse,curse,s,Negativity,0
upon,upon,s,,0
the,the,s,,0
country,country,c,AbstractConcepts,0
;,;,n,,0
deprive,deprive,s,StandardsNeg,0
themselves,themselves,s,PersonPronoun,0
of,of,s,CommonAuthorities,0
Heaven,heaven,c,CommonAuthorities,1
",",",",s,,0
and,and,s,,0
merit,merit,s,StandardsPos,0
Hell,hell,nn,Negativity,0
The,the,s,,0
Courtier,courtier,s,PersonProperty,0
(,(,c,,0
who,who,s,,0
ought,ought,s,Insist,0
to,to,s,Insist,1
be,be,s,ReportingStates,0
the,the,s,ReportingStates,1
square,square,s,SenseProperty,0
of,of,s,,0
the,the,s,,0
country,country,s,AbstractConcepts,0
by,by,s,,0
his,his,s,PersonPronoun,0
civil,civil,n,CommonAuthorities,0
example,example,c,AbstractConcepts,0
),),s,,0
pulls,pulls,s,Motions,0
upon,upon,s,,0
himself,himself,s,PersonPronoun,0
the,the,s,Negativity,0
ruin,ruin,s,Negativity,1
of,of,s,Negativity,2
millions,millions,c,Numbers,0
",",",",s,,0
and,and,s,,0
sins,sins,s,StandardsNeg,0
much,much,s,Intensity,0
with,with,s,,0
doing,doing,n,,0
little,little,nnn,SenseProperty,0
I,i,s,Sad,0
am,am,s,Sad,1
crushed,crushed,s,Sad,2
in,in,s,Disclosure,0
the,the,s,Disclosure,1
head,head,c,Disclosure,2
:,:,s,,0
no,no,s,DenyDisclaim,0
more,more,s,DenyDisclaim,1
drinking,drinking,c,Motions,0
;,;,s,,0
farewell,farewell,s,SceneShift,0
good,good,s,,0
Ale,ale,c,SenseObject,0
.,.,nnn,Imperative,0
Give,give,s,Imperative,1
me,me,s,FirstPer,0
thy,thy,s,DirectAddress,0
hand,hand,c,SenseObject,0
.,.,s,,0
We,we,s,Inclusive,0
are,are,s,Inclusive,1
all,all,s,Inclusive,2
in,in,s,SubjectivePercept,0
little,little,s,SubjectivePercept,1
better,better,s,Comparison,0
case,case,s,AbstractConcepts,0
for,for,s,Specifiers,0
any,any,s,Specifiers,1
thing,thing,s,Uncertainty,0
I,i,s,FirstPer,0
hear,hear,s,SpaceRelation,0
by,by,n,,0
the,the,s,CommonAuthorities,0
judgment,judgment,s,CommonAuthorities,1
of,of,s,,0
wise,wise,s,StandardsPos,0
men,men,nnn,StandardsPos,1
I,i,s,Autobio,0
have,have,s,Autobio,1
had,had,s,Autobio,2
such,such,s,Specifiers,0
a,a,s,Specifiers,1
stir,stir,s,Motions,0
with,with,s,Specifiers,0
this,this,s,Specifiers,1
same,same,s,Comparison,0
beggar,beggar,s,PersonProperty,0
Pohssib,pohssib,c,UNRECOGNIZED,0
",",",",s,,0
his,his,s,PersonPronoun,0
wife,wife,c,PersonProperty,0
",",",",s,,0
and,and,s,,0
his,his,n,PersonPronoun,0
friends,friends,c,StandardsPos,0
:,:,s,,0
and,and,s,ReasonForward,0
so,so,s,ReasonForward,1
many,many,s,,0
complaints,complaints,s,Negative_Relation,0
they,they,s,,0
have,have,s,,0
made,made,s,ReportingEvents,0
to,to,s,ReportingEvents,1
the,the,s,SenseObject,0
King,king,s,SenseObject,1
and,and,s,,0
Council,council,c,CommonAuthorities,0
",",",",s,,0
and,and,n,,0
turn,turn,s,,0
themselves,themselves,s,PersonPronoun,0
into,into,s,,0
all,all,s,,0
shapes,shapes,s,AbstractConcepts,0
and,and,s,,0
faces,faces,s,SenseObject,0
to,to,s,Insist,0
force,force,s,Insist,1
me,me,s,FirstPer,0
either,either,s,ReasonForward,0
to,to,s,ReasonForward,1
go,go,s,Negativity,0
through,through,n,Negativity,1
with,with,s,Negativity,2
the,the,s,,0
bargain,bargain,s,AbstractConcepts,0
or,or,s,,0
give,give,s,ReportingEvents,0
it,it,s,ReportingEvents,1
over,over,c,,0
",",",",s,,0
that,that,s,,0
diverse,diverse,s,AbstractConcepts,0
of,of,s,,0
my,my,s,FirstPer,0
friends,friends,s,StandardsPos,0
are,are,s,ReportingStates,0
brought,brought,s,Transformation,0
to,to,n,Transformation,1
favor,favor,s,Positivity,0
his,his,s,Positivity,1
part,part,s,,0
for,for,s,,0
stark,stark,s,Negativity,0
equities,equities,s,StandardsPos,0
sake,sake,c,SenseObject,0
.,.,s,Resistance,0
But,but,s,Resistance,1
do,do,s,Generalization,0
all,all,s,Generalization,1
what,what,s,,0
they,they,s,Contingency,0
can,can,s,Contingency,1
I,i,s,Metadiscourse,0
will,will,s,Metadiscourse,1
have,have,n,Metadiscourse,2
it,it,c,,0
",",",",s,,0
and,and,s,DenyDisclaim,0
not,not,s,DenyDisclaim,1
have,have,s,Cause,0
it,it,c,Cause,1
:,:,s,,0
I,i,s,FirstPer,0
will,will,s,PredictedFuture,0
hold,hold,s,PredictedFuture,1
it,it,c,,0
",",",",s,,0
and,and,s,DenyDisclaim,0
not,not,s,DenyDisclaim,1
hold,hold,s,ReportingEvents,0
it,it,c,ReportingEvents,1
.,.,s,DirectAddress,0
And,and,s,DirectAddress,1
I,i,s,FirstPer,0
will,will,s,PredictedFuture,0
none,none,s,DenyDisclaim,0
of,of,s,DenyDisclaim,1
the,the,n,DenyDisclaim,2
purchase,purchase,c,ReportingEvents,0
",",",",s,,0
and,and,s,Resistance,0
yet,yet,s,Resistance,1
not,not,s,DenyDisclaim,0
give,give,s,DenyDisclaim,1
it,it,s,,0
over,over,nn,,0
I,i,s,FirstPer,0
told,told,s,DirectAddress,0
you,you,s,DirectAddress,1
Sir,sir,c,PersonProperty,0
",",",",s,,0
what,what,s,,0
an,an,s,,0
intricate,intricate,s,AbstractConcepts,0
business,business,s,AbstractConcepts,0
it,it,s,Contingency,0
would,would,s,Contingency,1
prove,prove,s,Confidence,0
to,to,s,Confidence,1
be,be,c,Confidence,2
",",",",s,,0
and,and,s,,0
full,full,s,Specifiers,0
of,of,n,Specifiers,1
slander,slander,c,Negative_Relation,0
:,:,s,,0
therefore,therefore,s,ReasonForward,0
I,i,s,FirstPer,0
wished,wished,s,ProjectAhead,0
you,you,s,DirectAddress,0
to,to,s,,0
end,end,s,Sequence,0
it,it,s,,0
by,by,s,,0
yielding,yielding,s,ReportingEvents,0
the,the,s,,0
bargain,bargain,s,AbstractConcepts,0
back,back,c,,0
",",",",s,ReasonForward,0
for,for,n,ReasonForward,1
that,that,s,PredictedFuture,0
will,will,s,PredictedFuture,1
be,be,s,PredictedFuture,2
the,the,s,PredictedFuture,3
end,end,s,TimeShift,0
of,of,s,TimeShift,1
it,it,nnn,,0
Thou,thou,s,DirectAddress,0
know,know,s,Uncertainty,0
not,not,s,Uncertainty,1
what,what,s,Uncertainty,2
will,will,s,PredictedFuture,0
be,be,s,PredictedFuture,1
the,the,s,PredictedFuture,2
end,end,s,TimeShift,0
of,of,s,TimeShift,1
it,it,c,,0
",",",",s,,0
nor,nor,s,DenyDisclaim,0
I,i,s,FirstPer,0
my,my,s,FirstPer,0
self,self,c,SubjectivePercept,0
;,;,s,Resistance,0
but,but,s,Resistance,1
I,i,s,Contingency,0
can,can,s,Contingency,1
best,best,n,Comparison,0
guess,guess,c,Uncertainty,0
",",",",s,,0
because,because,s,ReasonBackward,0
I,i,s,FirstPer,0
know,know,s,Confidence,0
his,his,s,PersonPronoun,0
poor,poor,s,Negativity,0
estate,estate,c,AbstractConcepts,0
.,.,s,,0
I,i,s,SelfDisclosure,0
have,have,s,SelfDisclosure,1
made,made,s,ReportingEvents,0
a,a,s,,0
privy,privy,s,Disclosure,0
search,search,s,GenericEvents,0
into,into,s,GenericEvents,1
his,his,n,PersonPronoun,0
debts,debts,c,Negativity,0
;,;,s,,0
and,and,s,,0
some,some,s,Uncertainty,0
creditors,creditors,s,PersonProperty,0
I,i,s,SelfDisclosure,0
have,have,s,SelfDisclosure,1
pulled,pulled,s,ReportingEvents,0
upon,upon,s,Immediacy,0
him,him,s,Immediacy,1
sooner,sooner,s,Comparison,0
then,then,s,Sequence,0
they,they,s,Sequence,1
meant,meant,c,SubjectivePercept,0
.,.,s,DirectAddress,0
And,and,s,DirectAddress,1
in,in,n,LangRef,0
writing,writing,s,LangRef,1
I,i,s,SelfDisclosure,0
have,have,s,SelfDisclosure,1
every,every,s,Generalization,0
sum,sum,s,AbstractConcepts,0
he,he,s,PersonPronoun,0
owes,owes,s,ReportingEvents,0
to,to,s,,0
neighbors,neighbors,c,PersonProperty,0
",",",",s,,0
to,to,s,,0
workmen,workmen,c,PersonProperty,0
",",",",s,,0
and,and,s,,0
to,to,s,,0
his,his,s,PersonPronoun,0
very,very,n,Intensity,0
servants,servants,c,PersonProperty,0
.,.,s,DirectAddress,0
And,and,s,DirectAddress,1
this,this,s,ReportingStates,0
is,is,s,ReportingStates,1
the,the,s,,0
plummet,plummet,s,Motions,0
I,i,s,FirstPer,0
sound,sound,s,SenseProperty,0
withal,withal,c,Metadiscourse,0
.,.,s,,0
This,this,s,Insist,0
must,must,s,Insist,1
bring,bring,s,,0
the,the,s,,0
fi^h,fi^h,n,UNRECOGNIZED,0
into,into,s,,0
my,my,s,FirstPer,0
net,net,s,SenseObject,0
Proberio,proberio,c,UNRECOGNIZED,0
.,.,s,Resistance,0
But,but,s,Resistance,1
what,what,s,Confront,0
have,have,s,Confront,1
you,you,s,Confront,2
done,done,s,Confront,3
with,with,s,Specifiers,0
the,the,s,Specifiers,1
Knight,knight,s,PersonProperty,0
and,and,s,,0
his,his,n,PersonPronoun,0
Father-in-Law,father-in-law,s,PersonProperty,0
Master,master,s,PersonProperty,0
Eloc,eloc,c,UNRECOGNIZED,0
",",",",s,ReasonForward,0
for,for,s,ReasonForward,1
the,the,s,,0
1000l,1000l,c,UNRECOGNIZED,0
.,.,s,,0
account,account,nnn,AbstractConcepts,0
Sir,sir,c,PersonProperty,0
",",",",s,,0
that,that,s,,0
account,account,s,AbstractConcepts,0
goes,goes,s,ReportingEvents,0
otherwise,otherwise,s,Contingency,0
then,then,s,Sequence,0
you,you,s,Sequence,1
would,would,s,Contingency,0
have,have,s,Contingency,1
it,it,c,,0
;,;,s,,0
for,for,s,,0
they,they,s,,0
prove,prove,s,Confidence,0
that,that,n,Confidence,1
there,there,s,ProjectBack,0
was,was,s,ProjectBack,1
1200l,1200l,c,UNRECOGNIZED,0
.,.,s,,0
taken,taken,s,ProjectBack,0
up,up,c,,0
",",",",s,,0
and,and,s,,0
of,of,s,Specifiers,0
that,that,s,Specifiers,1
you,you,s,DirectAddress,0
are,are,s,DirectAddress,1
to,to,s,,0
pay,pay,s,ReportingEvents,0
400l,400l,nnn,UNRECOGNIZED,0
Are,are,s,DirectAddress,0
you,you,s,DirectAddress,1
sure,sure,s,Confidence,0
of,of,s,Confidence,1
that,that,c,,0
?,?,nnn,Question,0
I,i,s,SelfDisclosure,0
am,am,s,SelfDisclosure,1
so,so,s,,0
sure,sure,c,ConfirmedThght,0
",",",",s,ConfirmedThght,1
that,that,s,,0
I,i,s,SelfDisclosure,0
am,am,s,SelfDisclosure,1
ashamed,ashamed,s,Sad,0
ever,ever,s,Biographical_Time,0
to,to,s,Biographical_Time,1
have,have,s,Biographical_Time,2
spoken,spoken,s,SenseProperty,0
in,in,s,SenseProperty,1
a,a,s,,0
matter,matter,s,AbstractConcepts,0
so,so,s,,0
contrary,contrary,n,Resistance,0
to,to,s,Resistance,1
good,good,s,,0
conscience,conscience,nnn,StandardsPos,0
You,you,s,DirectAddress,0
are,are,s,DirectAddress,1
so,so,s,,0
spic'd-conscienc'd,spic'd-conscienc'd,c,UNRECOGNIZED,0
",",",",s,,0
that,that,s,DenyDisclaim,0
there,there,s,DenyDisclaim,1
is,is,s,DenyDisclaim,2
no,no,s,DenyDisclaim,3
dealing,dealing,s,ReportingEvents,0
with,with,s,ReportingEvents,1
you,you,c,DirectAddress,0
.,.,s,Request,0
Will,will,s,Request,1
you,you,n,Request,2
demand,demand,s,Intensity,0
if,if,s,Contingency,0
they,they,s,Contingency,1
will,will,s,PredictedFuture,0
swear,swear,s,CommonAuthorities,0
in,in,s,CommonAuthorities,1
Chancery,chancery,c,CommonAuthorities,0
",",",",s,,0
that,that,s,,0
so,so,s,,0
is,is,s,ReportingStates,0
the,the,s,ReportingStates,1
account,account,nnn,AbstractConcepts,0
That,that,s,PredictedFuture,0
I,i,s,PredictedFuture,1
will,will,s,PredictedFuture,2
do,do,c,GenericEvents,0
",",",",s,GenericEvents,1
and,and,s,,0
I,i,s,SelfDisclosure,0
am,am,s,SelfDisclosure,1
sure,sure,s,PredictedFuture,0
they,they,s,PredictedFuture,1
will,will,s,PredictedFuture,2
not,not,s,DenyDisclaim,0
refuse,refuse,s,DenyDisclaim,1
it,it,c,,0
.,.,nnn,,0
These,these,s,Immediacy,0
fellows,fellows,s,PersonProperty,0
are,are,s,Intensity,0
so,so,s,Intensity,1
rash,rash,c,Negativity,0
",",",",s,,0
that,that,s,,0
a,a,s,SubjectivePercept,0
little,little,s,SubjectivePercept,1
thing,thing,s,SubjectivePercept,2
will,will,s,PredictedFuture,0
satisfy,satisfy,s,StandardsPos,0
them,them,c,StandardsPos,1
.,.,s,,0
I,i,s,SelfDisclosure,0
am,am,s,SelfDisclosure,1
partly,partly,n,SubjectivePercept,0
persuaded,persuaded,s,,0
the,the,s,,0
accounts,accounts,s,AbstractConcepts,0
be,be,s,ReportingStates,0
as,as,s,Citations,0
he,he,s,Citations,1
speaks,speaks,c,Citations,2
",",",",s,Resistance,0
but,but,s,Resistance,1
it,it,s,,0
is,is,s,Positivity,0
good,good,s,Positivity,1
to,to,s,Negativity,0
be,be,s,Negativity,1
sure,sure,c,Negativity,2
.,.,s,,0
Thus,thus,s,ReasonForward,0
thou,thou,n,DirectAddress,0
must,must,s,Insist,0
do,do,s,Intensity,0
Simplo,simplo,s,UNRECOGNIZED,0
in,in,s,,0
like,like,s,SubjectivePercept,0
cases,cases,c,AbstractConcepts,0
",",",",s,,0
if,if,s,Contingency,0
thou,thou,s,DirectAddress,0
will,will,s,PredictedFuture,0
be,be,s,PredictedFuture,1
a,a,s,PredictedFuture,2
wise,wise,c,StandardsPos,0
",",",",s,,0
politic,politic,s,StandardsPos,0
and,and,s,,0
wary,wary,n,Negative_Relation,0
fellow,fellow,nnn,PersonProperty,0
I,i,s,FirstPer,0
hear,hear,s,SpaceRelation,0
it,it,s,,0
well,well,s,SenseObject,0
Sir,sir,c,PersonProperty,0
",",",",s,,0
and,and,s,,0
have,have,s,,0
locked,locked,s,ReportingEvents,0
it,it,s,ReportingEvents,1
up,up,s,ReportingEvents,2
safely,safely,s,StandardsPos,0
in,in,s,,0
my,my,s,FirstPer,0
memento,memento,c,SenseObject,0
.,.,s,,0
I,i,s,FirstPer,0
give,give,s,DirectAddress,0
you,you,n,DirectAddress,1
many,many,s,Acknowledge,0
thanks,thanks,s,Acknowledge,1
for,for,s,,0
the,the,s,,0
100l,100l,c,UNRECOGNIZED,0
.,.,s,,0
you,you,s,DirectAddress,0
gave,gave,s,ReportingEvents,0
me,me,s,ReportingEvents,1
for,for,s,,0
my,my,s,FirstPer,0
land,land,c,AbstractConcepts,0
",",",",s,,0
and,and,s,,0
for,for,s,DirectAddress,0
your,your,s,DirectAddress,1
careful,careful,n,StandardsPos,0
putting,putting,s,Transformation,0
out,out,s,Transformation,1
the,the,s,Transformation,2
money,money,s,AbstractConcepts,0
as,as,s,DirectAddress,0
your,your,s,DirectAddress,1
own,own,c,ReportingEvents,0
.,.,s,,0
I,i,s,FirstPer,0
again,again,s,RecurringEvents,0
for,for,s,SelfDisclosure,0
my,my,s,SelfDisclosure,1
part,part,s,SelfDisclosure,2
have,have,s,,0
sealed,sealed,s,Narrative_Verbs,0
the,the,n,Narrative_Verbs,1
writings,writings,c,GenericEvents,0
",",",",s,,0
and,and,s,,0
am,am,s,FirstPer,0
ready,ready,s,ProjectAhead,0
to,to,s,ProjectAhead,1
do,do,s,Intensity,0
any,any,s,Specifiers,0
thing,thing,s,Specifiers,1
else,else,s,Contingency,0
for,for,s,,0
making,making,s,ReportingEvents,0
it,it,s,ReportingEvents,1
sure,sure,s,Confidence,0
to,to,s,Confidence,1
you,you,c,DirectAddress,0
.,.,s,ReportingStates,0
It,it,s,ReportingStates,1
Is,is,s,ReportingStates,2
a,a,n,Positivity,0
good,good,s,Positivity,1
hearing,hearing,s,PrivateThinking,0
that,that,s,PrivateThinking,1
Master,master,s,PersonProperty,0
and,and,s,,0
man,man,s,PersonProperty,0
agree,agree,s,StandardsPos,0
so,so,s,Intensity,0
well,well,s,Intensity,1
as,as,s,DirectAddress,0
your,your,s,DirectAddress,1
worship,worship,s,Positivity,0
and,and,s,,0
I,i,s,FirstPer,0
do,do,s,Intensity,0
now,now,c,Immediacy,0
.,.,n,,0
Now,now,s,Immediacy,0
they,they,s,Citations,0
say,say,s,Citations,1
it,it,s,Positivity,0
is,is,s,Positivity,1
a,a,s,Positivity,2
good,good,s,Positivity,3
title,title,c,LangRef,0
",",",",s,,0
and,and,s,,0
they,they,s,,0
will,will,s,PredictedFuture,0
not,not,s,PredictedFuture,1
make,make,s,Curiosity,0
question,question,s,Curiosity,1
of,of,s,Curiosity,2
it,it,c,,0
",",",",s,ReasonForward,0
since,since,n,ReasonForward,1
you,you,s,DirectAddress,0
have,have,s,DirectAddress,1
gotten,gotten,s,,0
it,it,nnn,,0
No,no,c,OralCues,0
",",",",s,OralCues,1
I,i,s,SelfDisclosure,0
think,think,s,SelfDisclosure,1
not,not,c,DenyDisclaim,0
:,:,s,,0
for,for,s,Specifiers,0
all,all,s,Specifiers,1
their,their,s,Specifiers,2
babbling,babbling,s,SenseProperty,0
they,they,s,,0
will,will,s,PredictedFuture,0
not,not,s,PredictedFuture,1
easily,easily,s,Confidence,0
begin,begin,s,Sequence,0
sui^e,sui^e,n,UNRECOGNIZED,0
with,with,s,,0
me,me,s,FirstPer,0
to,to,s,,0
recover,recover,s,ReportingEvents,0
it,it,s,,0
away,away,nnn,,0
Fear,fear,s,Fear,0
nothing,nothing,s,StandardsNeg,0
of,of,s,StandardsNeg,1
that,that,s,,0
Sir,sir,c,PersonProperty,0
",",",",s,,0
I,i,s,Contingency,0
can,can,s,Contingency,1
tell,tell,s,DirectAddress,0
you,you,s,DirectAddress,1
news,news,c,Updates,0
.,.,s,,0
They,they,s,Citations,0
say,say,s,Citations,1
now,now,s,Immediacy,0
your,your,s,DirectAddress,0
title,title,s,LangRef,0
to,to,s,,0
it,it,n,,0
is,is,s,ReportingStates,0
as,as,s,Comparison,0
good,good,s,Comparison,1
as,as,s,Comparison,2
any,any,s,,0
man,man,s,PersonProperty,0
has,has,s,Insist,0
to,to,s,Insist,1
his,his,s,PersonPronoun,0
land,land,c,AbstractConcepts,0
.,.,s,DirectAddress,0
And,and,s,DirectAddress,1
that,that,s,DirectAddress,0
you,you,s,DirectAddress,1
will,will,s,PredictedFuture,0
keep,keep,s,TimeDuration,0
my,my,s,FirstPer,0
100l,100l,c,UNRECOGNIZED,0
.,.,s,,0
as,as,n,Resemblances,0
safe,safe,s,Resemblances,1
as,as,s,Resemblances,2
the,the,s,SenseObject,0
land,land,c,SenseObject,1
;,;,s,,0
and,and,s,,0
that,that,s,Specifiers,0
is,is,s,Specifiers,1
good,good,s,StandardsPos,0
for,for,s,StandardsPos,1
me,me,nnn,FirstPer,0
That,that,s,Specifiers,0
Is,is,s,Specifiers,1
no,no,s,Updates,0
news,news,c,Updates,1
.,.,s,,0
You,you,s,DirectAddress,0
may,may,s,DirectAddress,1
see,see,s,,0
now,now,s,Immediacy,0
what,what,s,Curiosity,0
it,it,s,Curiosity,1
is,is,s,Curiosity,2
to,to,s,Curiosity,3
be,be,s,Curiosity,4
circumspect,circumspect,s,StandardsPos,0
in,in,s,,0
my,my,s,FirstPer,0
dealing,dealing,c,ReportingEvents,0
",",",",n,,0
and,and,s,,0
to,to,s,,0
have,have,s,ReportingEvents,0
a,a,s,ReportingEvents,1
name,name,s,LangRef,0
to,to,s,,0
hold,hold,s,SubjectivePercept,0
fast,fast,c,SubjectivePercept,1
.,.,s,Imperative,0
Learn,learn,s,Imperative,1
this,this,s,,0
against,against,s,Resistance,0
the,the,s,Resistance,1
time,time,s,,0
that,that,s,DirectAddress,0
you,you,s,DirectAddress,1
have,have,n,,0
more,more,s,Comparison,0
land,land,nnn,AbstractConcepts,0
Did,did,s,DirectAddress,0
you,you,s,DirectAddress,1
ever,ever,s,DirectAddress,2
hear,hear,s,SpaceRelation,0
(,(,c,,0
neighbor,neighbor,s,PersonProperty,0
Hortano,hortano,c,UNRECOGNIZED,0
),),s,,0
such,such,s,Specifiers,0
a,a,s,Specifiers,1
broyle,broyle,s,UNRECOGNIZED,0
between,between,s,,0
man,man,s,PersonProperty,0
and,and,s,PersonProperty,1
wife,wife,s,PersonProperty,2
as,as,n,,0
yonder,yonder,s,SpaceRelation,0
was,was,s,ProjectBack,0
between,between,s,,0
Porco,porco,s,UNRECOGNIZED,0
and,and,s,,0
his,his,s,PersonPronoun,0
wife,wife,c,PersonProperty,0
?,?,s,Question,0
you,you,s,DirectAddress,0
and,and,s,,0
I,i,s,FirstPer,0
did,did,s,ReportingEvents,0
very,very,s,Intensity,0
wisely,wisely,s,StandardsPos,0
to,to,s,,0
come,come,s,SceneShift,0
away,away,c,SceneShift,1
.,.,n,,0
For,for,s,Confidence,0
sure,sure,s,Confidence,1
they,they,s,Intensity,0
did,did,s,Intensity,1
strive,strive,s,ProjectAhead,0
before,before,s,Inclusive,0
us,us,s,Inclusive,1
for,for,s,,0
their,their,s,PersonPronoun,0
credit,credit,s,StandardsPos,0
sake,sake,s,SenseObject,0
to,to,s,ProjectAhead,0
get,get,s,ProjectAhead,1
the,the,s,,0
victory,victory,s,Positivity,0
of,of,n,,0
each,each,s,Specifiers,0
other,other,s,Specifiers,1
by,by,s,,0
scolding,scolding,c,Negative_Relation,0
;,;,s,,0
now,now,s,Immediacy,0
we,we,s,ReportingStates,0
are,are,s,ReportingStates,1
gone,gone,s,ReportingEvents,0
perhpas,perhpas,s,UNRECOGNIZED,0
they,they,s,,0
will,will,s,PredictedFuture,0
give,give,s,ReportingEvents,0
over,over,c,ReportingEvents,1
.,.,s,,0
Me,me,n,FirstPer,0
thought,thought,s,PrivateThinking,0
it,it,s,PrivateThinking,1
was,was,s,ProjectBack,0
very,very,s,Intensity,0
noy,noy,s,UNRECOGNIZED,0
some,some,s,Uncertainty,0
to,to,s,,0
hear,hear,s,SpaceRelation,0
such,such,s,Intensity,0
unseemly,unseemly,s,StandardsNeg,0
words,words,s,LangRef,0
pass,pass,s,Motions,0
from,from,s,Motions,1
married,married,n,Biographical_Time,0
folk,folk,nn,PersonProperty,0
Sure,sure,s,Confidence,0
their,their,s,Negativity,0
bitterness,bitterness,s,Negativity,1
passed,passed,s,Narrative_Verbs,0
the,the,s,Narrative_Verbs,1
bounds,bounds,s,Motions,0
of,of,s,,0
humanity,humanity,c,CommonAuthorities,0
.,.,s,,0
They,they,s,,0
make,make,s,Fear,0
me,me,s,Fear,1
afraid,afraid,s,Fear,2
of,of,n,,0
marying,marying,c,UNRECOGNIZED,0
",",",",s,,0
if,if,s,Contingency,0
such,such,s,Intensity,0
jarres,jarres,s,UNRECOGNIZED,0
fall,fall,s,Motions,0
out,out,s,Motions,1
between,between,s,,0
those,those,s,AbstractConcepts,0
that,that,s,AbstractConcepts,1
be,be,s,ReportingStates,0
one,one,s,Numbers,0
flesh,flesh,nnn,Numbers,1
Let,let,s,ReportingEvents,0
it,it,s,,0
not,not,s,DenyDisclaim,0
discourage,discourage,s,Negative_Relation,0
you,you,s,DirectAddress,0
more,more,s,Comparison,0
then,then,s,,0
it,it,s,,0
repents,repents,s,Negative_Relation,0
me,me,s,FirstPer,0
that,that,s,,0
I,i,s,SelfDisclosure,0
am,am,s,SelfDisclosure,1
married,married,c,Biographical_Time,0
:,:,s,,0
for,for,s,,0
it,it,n,,0
lies,lies,s,DirectAddress,0
in,in,s,DirectAddress,1
your,your,s,DirectAddress,2
power,power,s,DirectAddress,3
to,to,s,,0
have,have,s,Generalization,0
all,all,s,Generalization,1
well,well,s,SenseObject,0
and,and,s,,0
quiet,quiet,s,SenseProperty,0
if,if,s,Contingency,0
you,you,s,DirectAddress,0
chance,chance,s,Contingency,0
to,to,s,,0
mary,mary,s,PersonProperty,0
even,even,s,SubjectivePercept,0
one,one,s,Specifiers,0
of,of,n,Specifiers,1
the,the,s,Specifiers,2
short,short,s,SenseObject,0
rib,rib,c,SenseObject,1
^,^,s,UNRECOGNIZED,0
of,of,s,,0
the,the,s,Intensity,0
great,great,s,Intensity,1
Devil,devil,nnn,AbstractConcepts,0
How,how,s,Curiosity,0
can,can,s,Curiosity,1
that,that,s,Confidence,0
be,be,s,Confidence,1
neighbor,neighbor,s,PersonProperty,0
Rustico,rustico,c,UNRECOGNIZED,0
?,?,s,Question,0
if,if,s,Contingency,0
you,you,s,DirectAddress,0
can,can,s,Contingency,0
teach,teach,s,ReportingEvents,0
me,me,s,FirstPer,0
that,that,c,,0
",",",",s,,0
you,you,s,DirectAddress,0
do,do,s,DirectAddress,1
much,much,c,Intensity,0
.,.,s,,0
For,for,n,,0
I,i,s,SelfDisclosure,0
have,have,s,SelfDisclosure,1
heard,heard,s,Updates,0
many,many,s,,0
say,say,c,Citations,0
",",",",s,,0
that,that,s,,0
it,it,s,,0
is,is,s,ReportingStates,0
impossible,impossible,s,StandardsNeg,0
to,to,s,StandardsNeg,1
tame,tame,s,AbstractConcepts,0
a,a,s,,0
shrew,shrew,s,PersonProperty,0
by,by,s,Intensity,0
any,any,s,Intensity,1
means,means,c,Intensity,2
",",",",n,,0
except,except,s,Exceptions,0
by,by,s,,0
having,having,s,ReportingEvents,0
no,no,s,DenyDisclaim,0
woman,woman,s,PersonProperty,0
at,at,s,Intensity,0
all,all,nnn,Intensity,1
If,if,s,Contingency,0
you,you,s,DirectAddress,0
talk,talk,s,Citations,0
of,of,s,Citations,1
taming,taming,s,ReportingEvents,0
by,by,s,,0
violence,violence,c,StandardsNeg,0
",",",",s,,0
you,you,s,DirectAddress,0
say,say,s,DirectAddress,1
well,well,c,OralCues,0
",",",",s,OralCues,1
it,it,s,DenyDisclaim,0
cannot,cannot,s,DenyDisclaim,1
be,be,c,DenyDisclaim,2
",",",",s,ReasonForward,0
for,for,s,ReasonForward,1
the,the,s,DirectAddress,0
more,more,n,DirectAddress,1
you,you,s,DirectAddress,2
strive,strive,s,ProjectAhead,0
to,to,s,ProjectAhead,1
break,break,s,Negativity,0
their,their,s,Negativity,1
stomach,stomach,c,SenseObject,0
*,*,s,,0
the,the,s,Comparison,0
more,more,s,Comparison,1
it,it,s,,0
grows,grows,c,ReportingEvents,0
;,;,s,,0
like,like,s,SubjectivePercept,0
camamile,camamile,c,UNRECOGNIZED,0
",",",",s,,0
the,the,s,DirectAddress,0
more,more,n,DirectAddress,1
you,you,s,DirectAddress,2
tread,tread,s,ReportingEvents,0
it,it,c,,0
",",",",s,,0
the,the,s,Comparison,0
more,more,s,Comparison,1
it,it,s,,0
spreades,spreades,c,UNRECOGNIZED,0
;,;,s,,0
and,and,s,,0
like,like,s,Resemblances,0
a,a,s,Resemblances,1
tree,tree,s,SenseObject,0
felled,felled,c,ReportingStates,0
",",",",s,ReportingStates,1
where,where,s,Future_Question,0
will,will,s,Future_Question,1
grow,grow,s,ReportingEvents,0
40,40,n,Numbers,0
springs,springs,c,Motions,0
.,.,s,Resistance,0
But,but,s,Resistance,1
take,take,s,ReportingEvents,0
a,a,s,ReportingEvents,1
twig,twig,s,SenseObject,0
by,by,s,,0
the,the,s,SpaceRelation,0
top,top,c,SpaceRelation,1
*,*,s,,0
and,and,s,,0
gently,gently,s,Positivity,0
bend,bend,s,SpaceRelation,0
it,it,s,,0
by,by,s,Motions,0
little,little,s,Motions,1
and,and,s,Motions,2
little,little,c,Motions,3
",",",",s,,0
it,it,n,PredictedFuture,0
will,will,s,PredictedFuture,1
grow,grow,s,SpaceRelation,0
in,in,s,SpaceRelation,1
what,what,s,,0
fashion,fashion,s,SenseObject,0
you,you,s,DirectAddress,0
will,will,c,PredictedFuture,0
.,.,s,,0
A,a,s,,0
wasp,wasp,s,SenseObject,0
is,is,s,ReportingStates,0
a,a,s,ReportingStates,1
shrewd,shrewd,s,StandardsPos,0
stinging,stinging,s,Negativity,0
beast,beast,s,Negativity,0
by,by,n,Specifiers,0
nature,nature,c,Specifiers,1
",",",",s,Resistance,0
but,but,s,Resistance,1
if,if,s,Contingency,0
she,she,s,Contingency,1
light,light,s,SceneShift,0
upon,upon,s,SceneShift,1
your,your,s,DirectAddress,0
face,face,s,SenseObject,0
and,and,s,,0
hands,hands,c,SenseObject,0
",",",",s,,0
and,and,s,,0
creep,creep,s,Fear,0
up,up,s,Motions,0
and,and,s,Motions,1
down,down,c,Motions,2
",",",",n,,0
let,let,s,ReportingEvents,0
her,her,s,ReportingEvents,1
alone,alone,c,ReportingEvents,2
",",",",s,,0
and,and,s,,0
take,take,s,ReportingEvents,0
her,her,s,ReportingEvents,1
pleasure,pleasure,c,Positivity,0
",",",",s,,0
she,she,s,PersonPronoun,0
will,will,s,PredictedFuture,0
do,do,s,DirectAddress,0
you,you,s,DirectAddress,1
no,no,s,Reassure,0
harm,harm,c,Reassure,1
",",",",s,,0
and,and,s,,0
quietly,quietly,n,SenseProperty,0
pass,pass,s,Negativity,0
away,away,c,Negativity,1
.,.,s,ReasonForward,0
So,so,s,ReasonForward,1
if,if,s,Contingency,0
your,your,s,DirectAddress,0
wife,wife,s,PersonProperty,0
will,will,s,Fear,0
meddle,meddle,s,Fear,1
with,with,s,Generalization,0
all,all,s,Generalization,1
things,things,c,Uncertainty,0
",",",",s,,0
give,give,s,,0
her,her,s,PersonPronoun,0
liberty,liberty,s,StandardsPos,0
to,to,n,ProjectAhead,0
do,do,s,ProjectAhead,1
what,what,s,ProjectAhead,2
she,she,s,PersonPronoun,0
will,will,c,PredictedFuture,0
",",",",s,,0
you,you,s,Insist,0
shall,shall,s,Insist,1
have,have,s,Cause,0
her,her,s,Cause,1
merry,merry,s,Positivity,0
else,else,s,Contingency,0
she,she,s,PersonPronoun,0
were,were,s,ProjectBack,0
worse,worse,s,Negativity,0
then,then,s,,0
the,the,s,StandardsNeg,0
Devil,devil,nnn,StandardsNeg,1
I,i,s,SelfDisclosure,0
think,think,s,SelfDisclosure,1
this,this,s,SelfDisclosure,2
is,is,s,SelfDisclosure,3
very,very,s,Confidence,0
likely,likely,c,Confidence,1
:,:,s,,0
but,but,s,Resistance,0
who,who,s,Resistance,1
can,can,s,Contingency,0
endure,endure,s,Contingency,1
his,his,s,PersonPronoun,0
wife,wife,s,PersonProperty,0
to,to,s,ProjectAhead,0
do,do,s,ProjectAhead,1
what,what,s,ProjectAhead,2
she,she,n,PersonPronoun,0
lists,lists,s,AbstractConcepts,0
at,at,s,Intensity,0
all,all,s,Intensity,1
times,times,nnn,Intensity,2
That,that,s,Contingency,0
can,can,s,Contingency,1
I,i,c,FirstPer,0
",",",",s,,0
and,and,s,,0
that,that,s,,0
must,must,s,DirectAddress,0
you,you,c,DirectAddress,1
",",",",s,,0
or,or,s,Contingency,0
else,else,s,Contingency,1
you,you,s,DirectAddress,0
ar,ar,c,,0
^,^,s,UNRECOGNIZED,0
not,not,s,DenyDisclaim,0
wise,wise,c,StandardsPos,0
;,;,s,,0
for,for,s,Contingency,0
if,if,s,Contingency,1
you,you,s,DirectAddress,0
may,may,s,DirectAddress,1
have,have,n,,0
peace,peace,s,StandardsPos,0
upon,upon,s,,0
any,any,s,,0
conditions,conditions,c,AbstractConcepts,0
",",",",s,,0
is,is,s,Question,0
it,it,s,Question,1
not,not,s,Contingency,0
your,your,s,Contingency,1
fault,fault,s,Contingency,2
if,if,s,Contingency,0
you,you,s,DirectAddress,0
^,^,c,UNRECOGNIZED,0
buse,buse,s,UNRECOGNIZED,0
to,to,s,GenericEvents,0
be,be,s,GenericEvents,1
jarring,jarring,nnn,Negativity,0
But,but,s,Resistance,0
I,i,s,SelfDisclosure,0
have,have,s,SelfDisclosure,1
heard,heard,s,Updates,0
say,say,c,Citations,0
*,*,s,,0
it,it,s,,0
is,is,s,Positivity,0
better,better,s,Positivity,1
to,to,s,,0
have,have,s,,0
honorable,honorable,s,StandardsPos,0
wars,wars,c,GenericEvents,0
",",",",s,,0
then,then,s,,0
inconvenient,inconvenient,n,StandardsNeg,0
peace,peace,nnn,StandardsPos,0
That,that,s,Specifiers,0
is,is,s,Specifiers,1
among,among,s,,0
strangers,strangers,s,Uncertainty,0
and,and,s,,0
enemies,enemies,c,Negativity,0
;,;,s,Resistance,0
but,but,s,Resistance,1
among,among,s,,0
friends,friends,c,StandardsPos,0
",",",",s,,0
and,and,s,,0
with,with,s,DirectAddress,0
your,your,s,DirectAddress,1
self,self,c,SubjectivePercept,0
",",",",n,,0
what,what,s,,0
peace,peace,s,StandardsPos,0
can,can,s,Contingency,0
be,be,s,Contingency,1
dishonorable,dishonorable,nnn,StandardsNeg,0
How,how,s,DirectAddress,0
come,come,s,DirectAddress,1
thou,thou,s,DirectAddress,0
to,to,s,GenericEvents,0
be,be,s,GenericEvents,1
so,so,s,,0
cunning,cunning,s,Negativity,0
in,in,s,,0
this,this,s,,0
kind,kind,s,Uncertainty,0
of,of,s,Uncertainty,1
argument,argument,c,LangRef,0
?,?,nnn,Question,0
Even,even,s,Resistance,0
as,as,s,Resistance,1
you,you,s,DirectAddress,0
may,may,s,DirectAddress,1
if,if,s,Contingency,0
you,you,s,DirectAddress,0
will,will,s,PredictedFuture,0
take,take,s,GenericEvents,0
the,the,s,GenericEvents,1
course,course,s,GenericEvents,2
that,that,s,,0
I,i,s,FirstPer,0
do,do,c,GenericEvents,0
.,.,s,GenericEvents,1
I,i,s,SelfDisclosure,0
have,have,s,SelfDisclosure,1
a,a,s,PersonProperty,0
wife,wife,c,PersonProperty,1
",",",",s,,0
the,the,n,Positivity,0
best,best,s,Positivity,1
creature,creature,s,SenseObject,0
that,that,s,,0
ever,ever,s,Biographical_Time,0
you,you,s,DirectAddress,0
saw,saw,s,SpaceRelation,0
in,in,s,SpaceRelation,1
the,the,s,,0
order,order,s,AbstractConcepts,0
that,that,s,,0
she,she,s,Neutral_Attribution,0
takes,takes,s,Neutral_Attribution,1
with,with,s,,0
me,me,c,FirstPer,0
.,.,s,Resistance,0
But,but,s,Resistance,1
if,if,s,Contingency,0
I,i,n,Contingency,1
should,should,s,Contingency,2
be,be,s,Contingency,3
churlish,churlish,c,Negative_Relation,0
",",",",s,,0
as,as,s,,0
perhaps,perhaps,s,Uncertainty,0
you,you,s,DirectAddress,0
would,would,s,DirectAddress,1
be,be,c,ReportingStates,0
",",",",s,,0
and,and,s,,0
cross,cross,s,SpaceRelation,0
her,her,s,PersonPronoun,0
never,never,s,Intensity,0
so,so,s,Intensity,1
little,little,c,SenseProperty,0
",",",",n,,0
she,she,s,Biographical_Time,0
would,would,s,Biographical_Time,1
rage,rage,s,Anger,0
like,like,s,Resemblances,0
a,a,s,Resemblances,1
fury,fury,s,Intensity,0
of,of,s,Intensity,1
Hell,hell,c,Negativity,0
.,.,s,,0
She,she,s,Neutral_Attribution,0
speaks,speaks,c,Neutral_Attribution,1
",",",",s,,0
and,and,s,,0
I,i,s,FirstPer,0
give,give,s,SubjectivePercept,0
ear,ear,c,SubjectivePercept,1
;,;,s,,0
she,she,s,PersonPronoun,0
gives,gives,n,,0
counsel,counsel,c,PersonProperty,0
",",",",s,,0
and,and,s,,0
I,i,s,FirstPer,0
practice,practice,c,GenericEvents,0
;,;,s,,0
she,she,s,PersonPronoun,0
commands,commands,c,CommonAuthorities,0
",",",",s,,0
and,and,s,,0
I,i,s,FirstPer,0
obey,obey,c,CommonAuthorities,0
;,;,s,,0
she,she,s,PersonPronoun,0
chides,chides,c,Negative_Relation,0
",",",",s,,0
and,and,s,,0
I,i,s,FirstPer,0
hold,hold,s,SelfDisclosure,0
my,my,n,SelfDisclosure,1
peace,peace,c,SelfDisclosure,2
;,;,s,,0
she,she,s,Neutral_Attribution,0
preaches,preaches,c,Neutral_Attribution,1
",",",",s,,0
and,and,s,,0
I,i,s,SelfDisclosure,0
believe,believe,c,SelfDisclosure,1
;,;,s,,0
thus,thus,s,ReasonForward,0
we,we,s,Inclusive,0
live,live,s,Inclusive,1
as,as,s,,0
lo^mgly,lo^mgly,s,UNRECOGNIZED,0
as,as,s,,0
Master,master,s,PersonProperty,0
and,and,n,,0
Scholar,scholar,nnn,StandardsPos,0
But,but,s,Resistance,0
who,who,s,Resistance,1
could,could,s,Contingency,0
abide,abide,s,ReportingEvents,0
his,his,s,ReportingEvents,1
wife,wife,s,PersonProperty,0
to,to,s,,0
teach,teach,s,ReportingEvents,0
and,and,s,,0
controlle,controlle,s,UNRECOGNIZED,0
him,him,c,PersonPronoun,0
?,?,nnn,Question,0
Every,every,s,Inclusive,0
man,man,s,Inclusive,1
that,that,s,,0
loves,loves,s,Positivity,0
his,his,s,PersonPronoun,0
ease,ease,c,Reassure,0
.,.,s,DirectAddress,0
And,and,s,DirectAddress,1
if,if,s,Contingency,0
all,all,s,,0
wives,wives,s,PersonProperty,0
be,be,s,ReportingStates,0
(,(,c,,0
...,...,c,UNRECOGNIZED,0
),),s,,0
mine,mine,s,FirstPer,0
is,is,c,ReportingStates,0
",",",",s,,0
she,she,s,PersonPronoun,0
shall,shall,s,ProjectAhead,0
be,be,n,ProjectAhead,1
thrice,thrice,s,Numbers,0
happy,happy,s,Positivity,0
to,to,s,Positivity,1
obey,obey,s,CommonAuthorities,0
her,her,c,PersonPronoun,0
.,.,s,,0
For,for,s,,0
she,she,s,Updates,0
is,is,s,Updates,1
the,the,s,Positivity,0
best,best,s,Positivity,1
woman,woman,s,PersonProperty,0
to,to,s,,0
bring,bring,s,Transformation,0
up,up,s,Transformation,1
husbands,husbands,s,PersonProperty,0
that,that,n,,0
ever,ever,s,Biographical_Time,0
was,was,s,Biographical_Time,1
borne,borne,c,ReportingStates,0
.,.,s,ReportingStates,1
She,she,s,PersonPronoun,0
will,will,s,PredictedFuture,0
so,so,s,,0
instruct,instruct,s,ReportingEvents,0
them,them,s,,0
in,in,s,,0
the,the,s,,0
wonderful,wonderful,s,Positivity,0
virtue,virtue,s,StandardsPos,0
of,of,s,,0
patience,patience,c,StandardsPos,0
",",",",n,,0
that,that,s,,0
if,if,s,Contingency,0
they,they,s,Contingency,1
will,will,s,PredictedFuture,0
be,be,s,PredictedFuture,1
ruled,ruled,s,ReportingEvents,0
by,by,s,,0
her,her,s,PersonPronoun,0
monitions,monitions,c,CommonAuthorities,0
",",",",s,,0
they,they,s,,0
shall,shall,s,ProjectAhead,0
be,be,s,ProjectAhead,1
as,as,s,Comparison,0
good,good,s,Comparison,1
as,as,s,Comparison,2
martyrs,martyrs,c,PersonProperty,0
",",",",s,,0
a,a,n,Intensity,0
great,great,s,Intensity,1
deal,deal,s,Intensity,2
better,better,s,Comparison,0
then,then,s,Sequence,0
living,living,s,Sequence,1
Saints,saints,c,StandardsPos,0
.,.,s,,0
I,i,s,FirstPer,0
thank,thank,s,Acknowledge,0
her,her,s,PersonPronoun,0
heartily,heartily,c,Positivity,0
",",",",s,,0
she,she,s,Updates,0
is,is,s,Updates,1
my,my,n,FirstPer,0
Pilcatory,pilcatory,s,UNRECOGNIZED,0
in,in,s,,0
this,this,s,Immediacy,0
world,world,c,Immediacy,1
",",",",s,,0
I,i,s,Metadiscourse,0
shall,shall,s,Metadiscourse,1
go,go,s,SpaceRelation,0
straight,straight,s,SpaceRelation,1
to,to,s,SpaceRelation,2
Heaven,heaven,s,Positivity,0
whenever,whenever,s,Autobio,0
I,i,s,Autobio,1
dye,dye,c,SenseObject,0
.,.,n,,0
Therefore,therefore,s,ReasonForward,0
left,left,s,SceneShift,0
I,i,s,Insist,0
should,should,s,Insist,1
lose,lose,s,Negativity,0
the,the,s,Negativity,1
benefit,benefit,s,StandardsPos,0
of,of,s,,0
the,the,s,StandardsPos,0
blessed,blessed,s,StandardsPos,1
state,state,s,,0
I,i,s,FirstPer,0
stand,stand,s,SpaceRelation,0
in,in,s,SpaceRelation,1
by,by,n,Uncertainty,0
any,any,s,Uncertainty,1
misdemeanour,misdemeanour,s,UNRECOGNIZED,0
of,of,s,,0
mine,mine,c,FirstPer,0
.,.,s,,0
I,i,s,FirstPer,0
dare,dare,s,SubjectivePercept,0
not,not,s,DenyDisclaim,0
offend,offend,s,Anger,0
her,her,s,PersonPronoun,0
in,in,s,,0
the,the,s,,0
least,least,s,Comparison,0
matter,matter,c,AbstractConcepts,0
.,.,s,,0
O,o,s,LangRef,0
it,it,s,,0
is,is,s,ReportingStates,0
a,a,n,ReportingStates,1
great,great,s,Intensity,0
blessing,blessing,s,StandardsPos,0
to,to,s,,0
have,have,s,Intensity,0
such,such,s,Intensity,1
a,a,s,PersonProperty,0
wife,wife,nnn,PersonProperty,1
But,but,s,Exceptions,0
for,for,s,Exceptions,1
all,all,s,Generalization,0
this,this,s,Generalization,1
it,it,s,Insist,0
should,should,s,Insist,1
be,be,s,Insist,2
long,long,s,SubjectiveTime,0
before,before,s,SubjectiveTime,1
I,i,s,SelfDisclosure,0
would,would,s,SelfDisclosure,1
choose,choose,s,ReportingEvents,0
such,such,s,Specifiers,0
a,a,s,Specifiers,1
wife,wife,c,PersonProperty,0
",",",",s,Aside,0
which,which,n,Aside,1
did,did,s,ReportingEvents,0
desire,desire,s,Positivity,0
to,to,s,Positivity,1
carry,carry,s,Motions,0
such,such,s,Specifiers,0
a,a,s,Specifiers,1
hand,hand,s,Motions,0
over,over,s,Motions,1
me,me,s,FirstPer,0
as,as,s,TimeDuration,0
she,she,s,TimeDuration,1
does,does,s,ReportingEvents,0
over,over,s,ReportingEvents,1
thee,thee,nnn,DirectAddress,0
O,o,s,LangRef,0
neighbor,neighbor,s,PersonProperty,0
Hortan,hortan,c,UNRECOGNIZED,0
^,^,c,UNRECOGNIZED,0
",",",",s,,0
that,that,s,,0
thou,thou,s,DirectAddress,0
did,did,s,ReportingEvents,0
but,but,s,Resistance,0
taste,taste,s,SenseProperty,0
of,of,s,SenseProperty,1
the,the,s,StandardsPos,0
fruits,fruits,s,StandardsPos,1
of,of,s,StandardsPos,2
patience,patience,c,StandardsPos,0
!,!,nnn,,0
Why,why,s,Curiosity,0
does,does,s,Curiosity,1
she,she,s,PersonPronoun,0
carry,carry,s,Motions,0
that,that,s,,0
cudgill,cudgill,s,UNRECOGNIZED,0
while,while,s,TimeDuration,0
she,she,s,TimeDuration,1
is,is,s,TimeDuration,2
praying,praying,c,Intensity,0
?,?,nnnnnn,Question,0
But,but,s,Resistance,0
will,will,s,PredictedFuture,0
she,she,s,PersonPronoun,0
correct,correct,s,StandardsPos,0
her,her,s,PersonPronoun,0
servants,servants,s,PersonProperty,0
with,with,s,Specifiers,0
this,this,s,Specifiers,1
cudgill,cudgill,c,UNRECOGNIZED,0
?,?,nnn,Question,0
O,o,s,LangRef,0
no,no,c,OralCues,0
",",",",s,OralCues,1
very,very,s,Exceptions,0
seldom,seldom,c,Exceptions,1
",",",",s,,0
she,she,s,PersonPronoun,0
does,does,s,DenyDisclaim,0
not,not,s,DenyDisclaim,1
love,love,s,Positivity,0
them,them,s,,0
so,so,s,Intensity,0
well,well,c,Intensity,1
),),s,,0
except,except,s,Exceptions,0
it,it,s,Contingency,0
be,be,s,Contingency,1
a,a,s,Intensity,0
very,very,n,Intensity,1
great,great,s,Intensity,0
fault,fault,c,StandardsNeg,0
.,.,s,Resistance,0
But,but,s,Resistance,1
in,in,s,,0
me,me,s,FirstPer,0
(,(,c,,0
for,for,s,,0
the,the,s,,0
entire,entire,s,Intensity,0
love,love,s,Positivity,0
she,she,s,PersonPronoun,0
bears,bears,s,SenseObject,0
me,me,c,FirstPer,0
),),s,,0
she,she,s,PersonPronoun,0
will,will,s,PredictedFuture,0
not,not,s,PredictedFuture,1
suffer,suffer,n,Negativity,0
the,the,s,Negativity,1
least,least,s,Comparison,0
sin,sin,s,StandardsNeg,0
unpunished,unpunished,c,Negative_Relation,0
",",",",s,,0
lest,lest,s,Negativity,0
(,(,c,Aside,0
as,as,s,Aside,1
she,she,s,Citations,0
says,says,c,Citations,1
),),s,,0
any,any,s,,0
might,might,s,Contingency,0
remain,remain,s,TimeDuration,0
to,to,s,GenericEvents,0
be,be,n,GenericEvents,1
rebuked,rebuked,s,ReportingEvents,0
by,by,s,,0
hell,hell,s,Negativity,0
fire,fire,nnn,SenseObject,0
But,but,s,Resistance,0
I,i,s,SelfDisclosure,0
had,had,s,SelfDisclosure,1
rather,rather,s,SelfDisclosure,2
be,be,s,SelfDisclosure,3
her,her,s,PersonPronoun,0
servant,servant,c,PersonProperty,0
",",",",s,,0
then,then,s,,0
her,her,s,PersonPronoun,0
husband,husband,c,PersonProperty,0
",",",",s,,0
if,if,s,Contingency,0
she,she,s,Contingency,1
strike,strike,s,Motions,0
with,with,s,Motions,1
such,such,n,Intensity,0
twigges,twigges,nnn,UNRECOGNIZED,0
Had,had,s,ProjectBack,0
you,you,s,DirectAddress,0
so,so,c,DirectAddress,1
?,?,s,Question,0
but,but,s,Resistance,0
so,so,s,Resistance,1
had,had,s,ProjectBack,0
not,not,s,ProjectBack,1
I,i,c,FirstPer,0
.,.,s,,0
For,for,s,SpaceRelation,0
by,by,s,SpaceRelation,1
this,this,s,,0
I,i,s,SelfDisclosure,0
am,am,s,SelfDisclosure,1
made,made,s,ReportingEvents,0
sure,sure,s,ReportingEvents,1
of,of,s,ReportingEvents,2
my,my,s,FirstPer,0
election,election,c,GenericEvents,0
",",",",s,Autobio,0
when,when,n,Autobio,1
I,i,s,Autobio,2
do,do,s,Intensity,0
patiently,patiently,s,SubjectivePercept,0
endure,endure,s,Resistance,0
so,so,s,Positivity,0
great,great,s,Positivity,1
correction,correction,nnn,AbstractConcepts,0
How,how,s,Question,0
does,does,s,Question,1
she,she,s,PersonPronoun,0
bring,bring,s,Transformation,0
up,up,s,Transformation,1
thy,thy,s,DirectAddress,0
son,son,s,PersonProperty,0
Jack,jack,c,AbstractConcepts,0
?,?,nnn,Question,0
Admirably,admirably,s,StandardsPos,0
well,well,c,SenseObject,0
:,:,s,,0
for,for,s,,0
lest,lest,s,Contingency,0
he,he,s,Contingency,1
should,should,s,Insist,0
prove,prove,s,Confidence,0
an,an,s,,0
Idolatour,idolatour,s,UNRECOGNIZED,0
she,she,s,PersonPronoun,0
will,will,s,Resistance,0
not,not,s,Resistance,1
let,let,s,Resistance,2
him,him,n,PersonPronoun,0
ask,ask,s,Request,0
blessing,blessing,s,StandardsPos,0
upon,upon,s,,0
his,his,s,PersonPronoun,0
knees,knees,c,SenseObject,0
.,.,s,DirectAddress,0
And,and,s,DirectAddress,1
lest,lest,s,Contingency,0
he,he,s,Contingency,1
should,should,s,Insist,0
abate,abate,s,ReportingEvents,0
of,of,s,,0
his,his,s,PersonPronoun,0
mettle,mettle,s,StandardsPos,0
and,and,n,,0
stomach,stomach,c,SenseObject,0
",",",",s,,0
he,he,s,Insist,0
must,must,s,Insist,1
never,never,s,DenyDisclaim,0
put,put,s,SubjectivePercept,0
off,off,s,SubjectivePercept,1
his,his,s,PersonPronoun,0
hat,hat,s,SenseObject,0
to,to,s,Inclusive,0
us,us,c,Inclusive,1
",",",",s,,0
nor,nor,s,DenyDisclaim,0
be,be,s,ReportingStates,0
denied,denied,s,Repair_Citation,0
any,any,s,Specifiers,0
thing,thing,s,Specifiers,1
he,he,s,PersonPronoun,0
calls,calls,n,ReportingEvents,0
for,for,c,ReportingEvents,1
:,:,s,,0
so,so,s,ReasonForward,0
that,that,s,ReasonForward,1
being,being,s,ReportingStates,0
now,now,s,Immediacy,0
but,but,s,Resistance,0
six,six,s,TimeDuration,0
years,years,s,TimeDuration,1
old,old,s,TimeDuration,2
he,he,s,PersonPronoun,0
will,will,s,PredictedFuture,0
fight,fight,c,Resistance,0
",",",",s,,0
scratch,scratch,c,Negativity,0
",",",",s,,0
and,and,s,,0
tumble,tumble,n,Motions,0
himself,himself,s,PersonPronoun,0
upon,upon,s,,0
the,the,s,SenseObject,0
ground,ground,c,SenseObject,1
",",",",s,,0
crying,crying,s,Motions,0
until,until,s,TimeDuration,0
his,his,s,PersonPronoun,0
heart,heart,s,SenseObject,0
break,break,s,ReportingEvents,0
if,if,s,Contingency,0
he,he,s,Contingency,1
may,may,s,Contingency,0
not,not,s,DenyDisclaim,0
have,have,s,DenyDisclaim,1
his,his,n,PersonPronoun,0
will,will,s,PredictedFuture,0
in,in,s,,0
every,every,s,Generalization,0
thing,thing,c,Generalization,1
.,.,s,Sequence,0
Then,then,s,Sequence,1
is,is,s,ReportingStates,0
there,there,s,DenyDisclaim,0
no,no,s,DenyDisclaim,1
way,way,s,AbstractConcepts,0
but,but,s,Resistance,0
give,give,s,ReportingEvents,0
it,it,s,ReportingEvents,1
him,him,c,PersonPronoun,0
",",",",s,,0
or,or,s,Contingency,0
else,else,s,Contingency,1
he,he,s,PersonPronoun,0
will,will,s,Fear,0
die,die,n,Fear,1
with,with,s,,0
skreming,skreming,c,UNRECOGNIZED,0
.,.,s,,0
O,o,c,LangRef,0
",",",",s,,0
he,he,s,PersonPronoun,0
will,will,s,PredictedFuture,0
prove,prove,s,Confidence,0
a,a,s,PersonProperty,0
man,man,s,PersonProperty,1
of,of,s,,0
outrageous,outrageous,s,Anger,0
spirit,spirit,c,SubjectivePercept,0
.,.,s,,0
It,it,s,,0
makes,makes,s,SelfDisclosure,0
me,me,n,SelfDisclosure,1
sometimes,sometimes,s,Contingency,0
doubt,doubt,s,Uncertainty,0
he,he,s,Insist,0
should,should,s,Insist,1
not,not,s,DenyDisclaim,0
be,be,s,ReportingStates,0
my,my,s,FirstPer,0
child,child,c,PersonProperty,0
",",",",s,,0
he,he,s,Neutral_Attribution,0
has,has,s,Neutral_Attribution,1
so,so,s,,0
noble,noble,s,StandardsPos,0
a,a,s,SenseObject,0
stomach,stomach,c,SenseObject,1
",",",",s,,0
far,far,n,SpaceRelation,0
beyond,beyond,s,,0
mine,mine,c,FirstPer,0
.,.,s,DirectAddress,0
And,and,c,DirectAddress,1
",",",",s,Resistance,0
but,but,s,Resistance,1
that,that,s,Resistance,2
I,i,s,FirstPer,0
know,know,s,Confidence,0
his,his,s,PersonPronoun,0
mother,mother,s,Positivity,0
to,to,s,Positivity,1
be,be,s,ReportingStates,0
a,a,s,ReportingStates,1
very,very,s,Intensity,0
religious,religious,n,PersonProperty,0
professor,professor,c,PersonProperty,0
",",",",s,,0
I,i,s,Reassure,0
assure,assure,s,Reassure,1
you,you,s,Reassure,2
it,it,s,Contingency,0
would,would,s,Contingency,1
trouble,trouble,s,Negativity,0
me,me,s,FirstPer,0
much,much,c,Intensity,0
",",",",s,,0
he,he,s,PersonPronoun,0
discovers,discovers,s,Curiosity,0
s,s,c,LangRef,0
^,^,s,UNRECOGNIZED,0
much,much,s,Intensity,0
fury,fury,n,Anger,0
in,in,s,Specifiers,0
his,his,s,Specifiers,1
fashions,fashions,c,SenseObject,0
",",",",s,,0
and,and,s,,0
such,such,s,Intensity,0
might,might,s,Contingency,0
by,by,s,,0
his,his,s,PersonPronoun,0
madness,madness,c,Negativity,0
",",",",s,,0
that,that,s,,0
I,i,s,SelfDisclosure,0
think,think,s,SelfDisclosure,1
many,many,s,RecurringEvents,0
times,times,s,RecurringEvents,1
some,some,n,Uncertainty,0
giant,giant,s,SenseObject,0
got,got,s,Narrative_Verbs,0
him,him,s,Narrative_Verbs,1
when,when,s,,0
my,my,s,FirstPer,0
wife,wife,s,PersonProperty,0
was,was,s,ProjectBack,0
asleep,asleep,c,SenseProperty,0
",",",",s,ReasonForward,0
for,for,s,ReasonForward,1
I,i,s,ReasonForward,2
am,am,s,FirstPer,0
sure,sure,s,PredictedFuture,0
she,she,s,PredictedFuture,1
would,would,s,PredictedFuture,2
never,never,s,DenyDisclaim,0
suffer,suffer,s,Negativity,0
it,it,n,,0
waking,waking,nnn,ReportingEvents,0
Nay,nay,c,OralCues,0
",",",",s,,0
nay,nay,c,OralCues,0
",",",",s,,0
if,if,s,Contingency,0
your,your,s,DirectAddress,0
wife,wife,s,PersonProperty,0
be,be,s,ReportingStates,0
a,a,s,ReportingStates,1
woman,woman,s,PersonProperty,0
of,of,s,PersonProperty,1
that,that,s,,0
command,command,s,CommonAuthorities,0
as,as,s,DirectAddress,0
you,you,s,DirectAddress,1
describe,describe,s,Citations,0
he,he,c,PersonPronoun,0
^,^,s,UNRECOGNIZED,0
to,to,s,GenericEvents,0
be,be,c,GenericEvents,1
",",",",n,,0
and,and,s,,0
as,as,s,TimeDuration,0
she,she,s,TimeDuration,1
makes,makes,s,ReportingEvents,0
show,show,s,SenseProperty,0
of,of,s,SenseProperty,1
no,no,s,Comparison,0
less,less,s,Comparison,1
by,by,s,,0
her,her,s,PersonPronoun,0
part,part,c,,0
",",",",s,,0
it,it,s,Contingency,0
may,may,s,Contingency,1
well,well,s,SenseObject,0
be,be,c,ReportingStates,0
",",",",s,,0
the,the,s,PersonProperty,0
Boy,boy,s,PersonProperty,1
takes,takes,n,ReportingEvents,0
his,his,s,PersonPronoun,0
courage,courage,s,StandardsPos,0
from,from,s,,0
her,her,c,PersonPronoun,0
",",",",s,,0
and,and,s,,0
his,his,s,PersonPronoun,0
outward,outward,s,SpaceRelation,0
personage,personage,s,PersonProperty,0
from,from,s,DirectAddress,0
you,you,nnn,DirectAddress,1
You,you,s,DirectAddress,0
say,say,s,DirectAddress,1
well,well,s,SenseObject,0
neighbor,neighbor,s,PersonProperty,0
Hortano,hortano,c,UNRECOGNIZED,0
",",",",s,,0
that,that,s,Uncertainty,0
may,may,s,Uncertainty,1
be,be,c,Uncertainty,2
;,;,s,Resistance,0
but,but,s,Resistance,1
I,i,s,FirstPer,0
do,do,s,Intensity,0
half,half,s,Numbers,0
mistrust,mistrust,s,StandardsNeg,0
my,my,s,SelfDisclosure,0
own,own,n,SelfDisclosure,1
worth,worth,s,AbstractConcepts,0
in,in,s,,0
getting,getting,s,,0
such,such,s,Specifiers,0
a,a,s,Specifiers,1
child,child,c,PersonProperty,0
:,:,s,,0
but,but,s,Resistance,0
yet,yet,s,Resistance,0
I,i,s,FirstPer,0
love,love,s,Positivity,0
him,him,s,PersonPronoun,0
as,as,s,Metadiscourse,0
well,well,s,Metadiscourse,1
as,as,s,Metadiscourse,2
if,if,s,Contingency,0
he,he,s,Contingency,1
were,were,s,Contingency,2
my,my,s,SelfDisclosure,0
own,own,nnn,SelfDisclosure,1
I,i,s,FirstPer,0
came,came,s,ReportingEvents,0
hither,hither,s,SpaceRelation,0
to,to,s,ProjectAhead,0
seek,seek,s,ProjectAhead,1
a,a,s,OralCues,0
kind,kind,s,OralCues,1
of,of,s,OralCues,2
husband,husband,s,PersonProperty,0
that,that,s,,0
I,i,s,SelfDisclosure,0
have,have,c,SelfDisclosure,1
.,.,s,,0
He,he,s,Neutral_Attribution,0
wants,wants,s,Neutral_Attribution,1
government,government,s,CommonAuthorities,0
and,and,n,,0
discipline,discipline,s,,0
(,(,c,,0
I,i,s,SelfDisclosure,0
am,am,s,SelfDisclosure,1
sure,sure,c,Confidence,0
),),s,,0
ere,ere,s,ProjectBack,0
this,this,s,Immediacy,0
time,time,c,Immediacy,1
:,:,s,,0
for,for,s,,0
I,i,s,SelfDisclosure,0
have,have,s,SelfDisclosure,1
not,not,s,DenyDisclaim,0
seen,seen,s,SpaceRelation,0
him,him,s,PersonPronoun,0
these,these,s,Immediacy,0
three,three,n,Numbers,0
days,days,s,TimeDuration,0
past,past,c,AbstractConcepts,0
:,:,s,,0
the,the,s,PersonProperty,0
poor,poor,s,PersonProperty,1
man,man,s,PersonProperty,2
will,will,s,Fear,0
be,be,s,Fear,1
undone,undone,c,Fear,2
",",",",s,,0
if,if,s,Contingency,0
I,i,s,FirstPer,0
light,light,s,SenseProperty,0
not,not,s,DenyDisclaim,0
on,on,s,,0
him,him,s,PersonPronoun,0
shortly,shortly,nnn,SubjectiveTime,0
O,o,c,LangRef,0
",",",",s,,0
she,she,s,PersonPronoun,0
seeks,seeks,s,ProjectAhead,0
me,me,c,FirstPer,0
.,.,s,Confidence,0
What,what,s,Confidence,1
a,a,s,Confidence,2
good,good,s,StandardsPos,0
woman,woman,s,StandardsPos,1
is,is,s,ReportingStates,0
this,this,c,,0
?,?,s,Question,0
I,i,s,Insist,0
must,must,s,Insist,1
needs,needs,s,Insist,0
go,go,s,ReportingEvents,0
to,to,s,PersonPronoun,0
her,her,c,PersonPronoun,1
.,.,s,,0
Stand,stand,n,SpaceRelation,0
by,by,s,SpaceRelation,1
neighbor,neighbor,c,PersonProperty,0
*,*,s,,0
and,and,s,,0
note,note,s,Citations,0
how,how,s,Citations,1
zealously,zealously,s,Intensity,0
she,she,s,PersonPronoun,0
will,will,s,PredictedFuture,0
edify,edify,s,Positivity,0
me,me,c,FirstPer,0
.,.,s,Question,0
How,how,s,Question,1
do,do,s,Question,2
you,you,s,DirectAddress,0
good,good,s,,0
wife,wife,c,PersonProperty,0
?,?,n,Question,0
I,i,s,SelfDisclosure,0
knew,knew,s,SelfDisclosure,1
it,it,s,ProjectBack,0
was,was,s,ProjectBack,1
you,you,s,DirectAddress,0
so,so,s,DirectAddress,1
soon,soon,s,ProjectAhead,0
as,as,s,SelfDisclosure,0
I,i,s,SelfDisclosure,1
saw,saw,s,DirectAddress,0
you,you,s,DirectAddress,1
any,any,s,Specifiers,0
thing,thing,s,Specifiers,1
near,near,s,SpaceRelation,0
me,me,c,FirstPer,0
.,.,s,Question,0
May,may,s,Question,1
I,i,s,FirstPer,0
be,be,s,ReportingStates,0
so,so,s,Intensity,0
bold,bold,s,Intensity,1
as,as,n,Specifiers,0
to,to,s,Specifiers,1
ask,ask,s,Curiosity,0
where,where,s,Curiosity,1
you,you,s,DirectAddress,0
have,have,s,DirectAddress,1
been,been,s,ProjectBack,0
these,these,s,Immediacy,0
two,two,s,Numbers,0
or,or,s,Numbers,1
three,three,s,Numbers,2
days,days,c,TimeDuration,0
?,?,s,Question,0
My,my,s,Positivity,0
boy,boy,s,Positivity,1
Jack,jack,s,AbstractConcepts,0
and,and,s,,0
I,i,s,SelfDisclosure,0
think,think,n,SelfDisclosure,1
long,long,s,SenseProperty,0
until,until,s,TimeDuration,0
you,you,s,DirectAddress,0
come,come,s,SceneShift,0
home,home,nnn,SceneShift,1
Why,why,s,Question,0
should,should,s,DirectAddress,0
you,you,s,DirectAddress,1
ask,ask,s,Request,0
so,so,s,,0
foolish,foolish,s,Negativity,0
a,a,s,Curiosity,0
question,question,c,Curiosity,1
?,?,s,Question,0
you,you,s,DirectAddress,0
know,know,s,DirectAddress,1
that,that,s,DirectAddress,2
I,i,s,Insist,0
must,must,s,Insist,1
frequent,frequent,s,RecurringEvents,0
my,my,n,FirstPer,0
contemplation,contemplation,c,PrivateThinking,0
:,:,s,,0
in,in,s,Specifiers,0
which,which,s,Specifiers,1
I,i,s,Insist,0
cannot,cannot,s,Insist,1
be,be,s,ReportingStates,0
less,less,s,Comparison,0
then,then,s,,0
two,two,s,Numbers,0
or,or,s,Numbers,1
three,three,s,Numbers,2
days,days,c,TimeDuration,0
:,:,s,,0
the,the,s,,0
fervor,fervor,n,Intensity,0
of,of,s,,0
spirit,spirit,s,SubjectivePercept,0
is,is,s,Intensity,0
such,such,s,Intensity,1
among,among,s,,0
the,the,s,StandardsPos,0
elect,elect,s,StandardsPos,1
that,that,s,,0
they,they,s,,0
may,may,s,Contingency,0
not,not,s,DenyDisclaim,0
depart,depart,s,SceneShift,0
in,in,s,Metadiscourse,0
short,short,s,Metadiscourse,1
time,time,s,,0
from,from,n,,0
their,their,s,PersonPronoun,0
meditations,meditations,c,PrivateThinking,0
",",",",s,,0
especially,especially,s,Specifiers,0
having,having,s,Intensity,0
such,such,s,Intensity,1
learned,learned,s,ReportingEvents,0
Teachers,teachers,s,PersonProperty,0
among,among,s,Inclusive,0
us,us,c,Inclusive,1
",",",",s,,0
that,that,s,Specifiers,0
are,are,n,Specifiers,1
never,never,s,DenyDisclaim,0
wearied,wearied,c,Negativity,0
",",",",s,,0
and,and,s,,0
willing,willing,s,ProjectAhead,0
to,to,s,ProjectAhead,1
accompany,accompany,s,SpaceRelation,0
and,and,s,,0
conduct,conduct,s,AbstractConcepts,0
us,us,s,Inclusive,0
in,in,s,,0
the,the,s,,0
darkest,darkest,s,Comparison,0
dangers,dangers,c,Fear,0
.,.,n,,0
O,o,s,LangRef,0
the,the,s,,0
delights,delights,c,Positivity,0
",",",",s,,0
pleasures,pleasures,c,Positivity,0
",",",",s,,0
and,and,s,,0
sweet,sweet,s,SenseProperty,0
delectations,delectations,s,Positivity,0
that,that,s,Inclusive,0
we,we,s,Inclusive,1
feel,feel,s,PrivateThinking,0
during,during,s,TimeDuration,0
the,the,s,TimeDuration,1
time,time,n,TimeDuration,2
of,of,s,TimeDuration,3
these,these,s,Immediacy,0
contemplations,contemplations,c,PrivateThinking,0
",",",",s,,0
that,that,s,Inclusive,0
we,we,s,Inclusive,1
think,think,s,PrivateThinking,0
no,no,s,SubjectivePercept,0
time,time,s,SubjectivePercept,1
contentedly,contentedly,s,StandardsPos,0
spent,spent,s,ReportingEvents,0
but,but,s,Resistance,0
when,when,s,Resistance,1
we,we,n,ReportingStates,0
are,are,s,ReportingStates,1
employed,employed,s,ReportingEvents,0
in,in,s,,0
these,these,s,Immediacy,0
exercises,exercises,c,ReportingEvents,0
.,.,s,,0
I,i,s,SelfDisclosure,0
think,think,s,SelfDisclosure,1
verily,verily,s,Confidence,0
my,my,s,FirstPer,0
goodly,goodly,s,StandardsPos,0
boy,boy,s,PersonProperty,0
Jack,jack,s,AbstractConcepts,0
was,was,n,ProjectBack,0
begotten,begotten,s,Transformation,0
and,and,s,,0
conceived,conceived,s,ReportingStates,0
in,in,s,ReportingStates,1
these,these,s,Immediacy,0
deep,deep,s,AbstractConcepts,0
contemplations,contemplations,nnn,PrivateThinking,0
What,what,s,,0
wife,wife,c,PersonProperty,0
;,;,s,,0
and,and,s,,0
I,i,s,FirstPer,0
not,not,s,DenyDisclaim,0
there,there,c,DenyDisclaim,1
?,?,nnn,Question,0
Alas,alas,s,Negativity,0
man,man,c,PersonProperty,0
",",",",s,,0
why,why,s,Question,0
should,should,s,DirectAddress,0
you,you,s,DirectAddress,1
trouble,trouble,s,Negativity,0
your,your,s,Negativity,1
self,self,s,SubjectivePercept,0
with,with,s,,0
these,these,s,Immediacy,0
matters,matters,s,Specifiers,0
which,which,s,,0
be,be,s,ReportingStates,0
so,so,n,Updates,0
far,far,s,Updates,1
out,out,s,DirectAddress,0
of,of,s,DirectAddress,1
your,your,s,DirectAddress,2
reach,reach,c,AbstractConcepts,0
?,?,s,Question,0
was,was,s,ProjectBack,0
it,it,s,,0
not,not,s,DenyDisclaim,0
enough,enough,s,DenyDisclaim,1
if,if,s,Contingency,0
my,my,s,FirstPer,0
spirit,spirit,s,SubjectivePercept,0
did,did,s,ReportingEvents,0
wish,wish,s,SubjectivePercept,0
you,you,s,DirectAddress,0
present,present,c,,0
?,?,n,Question,0
or,or,s,,0
that,that,s,,0
in,in,s,,0
conceit,conceit,s,DirectAddress,0
you,you,s,DirectAddress,1
were,were,s,ProjectBack,0
with,with,s,,0
me,me,c,FirstPer,0
?,?,s,Question,0
what,what,s,Curiosity,0
if,if,s,Curiosity,1
you,you,s,DirectAddress,0
were,were,s,ProjectBack,0
asleep,asleep,s,SenseProperty,0
at,at,s,TimeShift,0
that,that,s,TimeShift,1
instant,instant,c,TimeShift,2
",",",",n,ReasonForward,0
and,and,s,ReasonForward,1
so,so,s,ReasonForward,2
it,it,s,,0
were,were,s,ProjectBack,0
revealed,revealed,s,Disclosure,0
to,to,s,SelfDisclosure,0
me,me,s,SelfDisclosure,1
by,by,s,,0
the,the,s,SubjectivePercept,0
spirit,spirit,c,SubjectivePercept,1
?,?,s,Question,0
or,or,s,,0
if,if,s,Contingency,0
you,you,s,DirectAddress,0
had,had,s,DirectAddress,1
been,been,s,ProjectBack,0
present,present,c,,0
",",",",s,,0
and,and,n,,0
my,my,s,FirstPer,0
spirit,spirit,s,SubjectivePercept,0
should,should,s,Insist,0
inwardly,inwardly,s,PrivateThinking,0
testify,testify,s,ReportingEvents,0
unto,unto,s,CommonAuthorities,0
me,me,s,FirstPer,0
that,that,s,,0
a,a,s,CommonAuthorities,0
teaching,teaching,s,CommonAuthorities,1
Saint,saint,s,StandardsPos,0
must,must,s,Insist,0
be,be,n,ReportingStates,0
preferred,preferred,c,Positivity,0
",",",",s,,0
ought,ought,s,Insist,0
not,not,s,Insist,1
you,you,s,DirectAddress,0
to,to,s,,0
give,give,s,SubjectivePercept,0
place,place,c,SubjectivePercept,1
?,?,s,Question,0
I,i,s,FirstPer,0
pray,pray,s,Intensity,0
you,you,s,DirectAddress,0
husband,husband,s,PersonProperty,0
give,give,s,ReportingEvents,0
over,over,s,ReportingEvents,1
to,to,s,ReportingEvents,2
mu^e,mu^e,s,UNRECOGNIZED,0
on,on,n,,0
these,these,s,Immediacy,0
hidden,hidden,s,Disclosure,0
secrets,secrets,c,Disclosure,1
",",",",s,ReasonForward,0
for,for,s,ReasonForward,1
otherwise,otherwise,s,Contingency,0
these,these,s,Immediacy,0
thoughts,thoughts,s,PrivateThinking,0
man,man,s,PersonProperty,0
make,make,s,DirectAddress,0
you,you,s,DirectAddress,1
^,^,c,UNRECOGNIZED,0
orne-mad,orne-mad,nnn,UNRECOGNIZED,0
How,how,s,Curiosity,0
can,can,s,Curiosity,1
you,you,s,DirectAddress,0
defend,defend,s,Resistance,0
that,that,s,Specifiers,0
to,to,s,Specifiers,1
be,be,s,Specifiers,2
lawful,lawful,s,StandardsPos,0
to,to,s,GenericEvents,0
be,be,s,GenericEvents,1
gotten,gotten,s,Biographical_Time,0
with,with,s,Biographical_Time,1
child,child,s,Biographical_Time,2
by,by,s,Uncertainty,0
any,any,s,Uncertainty,1
but,but,s,Resistance,0
your,your,n,DirectAddress,0
husband,husband,nnn,PersonProperty,0
Inde^d,inde^d,s,UNRECOGNIZED,0
wife,wife,s,PersonProperty,0
I,i,s,Insist,0
cannot,cannot,s,Insist,1
but,but,s,Resistance,0
think,think,s,PrivateThinking,0
this,this,s,,0
reason,reason,s,StandardsPos,0
good,good,s,,0
that,that,s,DirectAddress,0
you,you,s,DirectAddress,1
say,say,c,Citations,0
",",",",s,Resistance,0
but,but,s,Resistance,1
I,i,s,SelfDisclosure,0
would,would,n,SelfDisclosure,1
have,have,s,SelfDisclosure,2
been,been,s,ProjectBack,0
glad,glad,s,Positivity,0
to,to,s,Positivity,1
be,be,s,ReportingStates,0
father,father,s,Positivity,0
to,to,s,Positivity,1
my,my,s,SelfDisclosure,0
own,own,s,SelfDisclosure,1
child,child,s,PersonProperty,0
if,if,s,Contingency,0
it,it,s,Contingency,1
had,had,s,ProjectBack,0
pleased,pleased,s,Positivity,0
you,you,nnn,DirectAddress,0
What,what,s,DirectAddress,0
do,do,s,DirectAddress,1
you,you,s,DirectAddress,2
talk,talk,s,Citations,0
of,of,s,Citations,1
reason,reason,c,StandardsPos,0
?,?,s,Question,0
it,it,s,,0
is,is,s,ReportingStates,0
beyond,beyond,s,StandardsNeg,0
reason,reason,c,StandardsNeg,1
.,.,s,ReportingStates,0
It,it,s,ReportingStates,1
is,is,s,ReportingStates,2
matter,matter,s,Specifiers,0
of,of,n,Specifiers,1
predestination,predestination,c,Sequence,0
",",",",s,,0
and,and,s,,0
preordination,preordination,c,Sequence,0
.,.,s,Question,0
Where,where,s,Question,1
is,is,s,Question,2
now,now,s,Immediacy,0
your,your,s,DirectAddress,0
obedience,obedience,s,CommonAuthorities,0
and,and,s,,0
pati^nce,pati^nce,s,UNRECOGNIZED,0
so,so,n,,0
often,often,s,RecurringEvents,0
inculked,inculked,s,UNRECOGNIZED,0
vn,vn,c,UNRECOGNIZED,0
^^,^^,s,UNRECOGNIZED,0
unto,unto,s,CommonAuthorities,0
you,you,c,DirectAddress,0
?,?,s,Question,0
I,i,s,FirstPer,0
perceive,perceive,s,PrivateThinking,0
it,it,s,,0
is,is,s,ProjectAhead,0
ready,ready,s,ProjectAhead,1
to,to,s,ProjectAhead,2
fly,fly,s,Motions,0
out,out,s,Motions,1
by,by,s,DirectAddress,0
your,your,n,DirectAddress,1
exterior,exterior,s,SpaceRelation,0
parts,parts,c,AbstractConcepts,0
",",",",s,Resistance,0
but,but,s,Resistance,1
I,i,s,FirstPer,0
will,will,s,PredictedFuture,0
chastise,chastise,s,Negative_Relation,0
this,this,s,,0
rebellious,rebellious,s,Resistance,0
flesh,flesh,c,SenseObject,0
",",",",s,,0
and,and,s,,0
make,make,s,ReportingEvents,0
it,it,s,ReportingEvents,1
subie,subie,c,UNRECOGNIZED,0
^^,^^,n,UNRECOGNIZED,0
to,to,s,SubjectivePercept,0
the,the,s,SubjectivePercept,1
spirit,spirit,nnn,SubjectivePercept,2
Where,where,s,,0
learned,learned,s,ReportingEvents,0
you,you,s,DirectAddress,0
to,to,s,,0
beat,beat,s,Negativity,0
your,your,s,DirectAddress,0
husband,husband,c,PersonProperty,0
?,?,nnn,Question,0
It,it,s,,0
is,is,s,ReportingStates,0
lawful,lawful,s,StandardsPos,0
and,and,s,,0
possible,possible,s,Contingency,0
for,for,s,SelfDisclosure,0
me,me,s,SelfDisclosure,1
to,to,s,,0
extract,extract,s,SenseObject,0
tears,tears,s,Motions,0
from,from,s,Motions,1
his,his,s,PersonPronoun,0
f,f,c,AbstractConcepts,0
^^,^^,c,UNRECOGNIZED,0
nty,nty,s,UNRECOGNIZED,0
heart,heart,s,SenseObject,0
with,with,n,Specifiers,0
this,this,s,Specifiers,1
rod,rod,s,SenseObject,0
of,of,s,,0
discipline,discipline,c,,0
",",",",s,,0
correcting,correcting,s,StandardsPos,0
him,him,s,PersonPronoun,0
as,as,s,,0
the,the,s,SubjectivePercept,0
spirit,spirit,s,SubjectivePercept,1
moves,moves,s,Motions,0
me,me,nnn,FirstPer,0
But,but,s,Resistance,0
how,how,s,Resistance,1
shall,shall,s,ProjectAhead,0
he,he,s,PersonPronoun,0
know,know,s,Confidence,0
that,that,s,Confidence,1
a,a,s,Positivity,0
good,good,s,Positivity,1
spirit,spirit,s,SubjectivePercept,0
moves,moves,s,Motions,0
you,you,s,DirectAddress,0
to,to,s,ProjectAhead,0
correct,correct,s,ProjectAhead,1
him,him,c,PersonPronoun,0
?,?,nnn,Question,0
That,that,s,,0
appertains,appertains,s,ReportingEvents,0
not,not,s,DenyDisclaim,0
to,to,s,DenyDisclaim,1
him,him,s,PersonPronoun,0
to,to,s,Curiosity,0
examine,examine,c,Curiosity,1
.,.,s,ReportingStates,0
It,it,s,ReportingStates,1
is,is,s,ReportingStates,2
sufficient,sufficient,s,StandardsPos,0
that,that,s,,0
his,his,s,PersonPronoun,0
wife,wife,s,PersonProperty,0
has,has,n,,0
that,that,s,,0
inward,inward,s,SubjectivePercept,0
testimony,testimony,s,CommonAuthorities,0
which,which,s,,0
enab^eth,enab^eth,s,UNRECOGNIZED,0
and,and,s,,0
emboldeneth,emboldeneth,s,UNRECOGNIZED,0
her,her,s,PersonPronoun,0
to,to,s,,0
do,do,s,Intensity,0
her,her,s,PersonPronoun,0
function,function,c,AbstractConcepts,0
",",",",n,,0
and,and,s,,0
to,to,s,,0
minister,minister,s,CommonAuthorities,0
disciplinary,disciplinary,s,Negativity,0
documents,documents,c,SenseObject,0
.,.,s,DirectAddress,0
And,and,s,DirectAddress,1
this,this,s,,0
he,he,s,Updates,0
is,is,s,Updates,1
firmly,firmly,s,Confidence,0
to,to,s,,0
hold,hold,c,,0
",",",",s,,0
or,or,s,Contingency,0
else,else,n,Contingency,1
he,he,s,Negative_Attribution,0
loses,loses,s,Negative_Attribution,1
his,his,s,PersonPronoun,0
election,election,nnn,GenericEvents,0
Nay,nay,s,OralCues,0
wife,wife,c,PersonProperty,0
;,;,s,,0
rather,rather,s,Resistance,0
then,then,s,Sequence,0
I,i,s,Sequence,1
should,should,s,Insist,0
not,not,s,Insist,1
be,be,s,Insist,2
one,one,s,Specifiers,0
of,of,s,Specifiers,1
the,the,s,Specifiers,2
elect,elect,s,ReportingEvents,0
I,i,s,FirstPer,0
pray,pray,s,Intensity,0
you,you,s,DirectAddress,0
beat,beat,s,Negativity,0
me,me,n,FirstPer,0
again,again,nnn,RecurringEvents,0
You,you,s,DirectAddress,0
are,are,s,DirectAddress,1
not,not,s,DenyDisclaim,0
to,to,s,DenyDisclaim,1
inform,inform,s,ReportingEvents,0
me,me,s,FirstPer,0
when,when,s,Autobio,0
I,i,s,Autobio,1
shall,shall,s,ProjectAhead,0
strike,strike,c,Negativity,0
.,.,s,ReportingStates,0
It,it,s,ReportingStates,1
is,is,s,ReportingStates,2
the,the,s,,0
lively,lively,s,Positivity,0
spirit,spirit,s,SubjectivePercept,0
which,which,n,,0
directs,directs,s,ReportingEvents,0
me,me,c,FirstPer,0
:,:,s,,0
and,and,s,Immediacy,0
now,now,s,Immediacy,1
it,it,s,,0
tells,tells,s,Citations,0
me,me,s,Citations,1
you,you,s,Reassure,0
need,need,s,Reassure,1
not,not,s,Reassure,2
at,at,s,Immediacy,0
this,this,s,Immediacy,1
time,time,s,Immediacy,2
more,more,s,Comparison,0
to,to,s,GenericEvents,0
be,be,n,GenericEvents,1
humbled,humbled,c,SubjectivePercept,0
.,.,s,Imperative,0
Go,go,s,Imperative,1
in,in,s,StandardsPos,0
peace,peace,c,StandardsPos,1
",",",",s,,0
and,and,s,,0
be,be,s,StandardsPos,0
patient,patient,nnn,StandardsPos,1
O,o,s,LangRef,0
Gods,gods,s,CommonAuthorities,0
blessing,blessing,s,StandardsPos,0
on,on,s,,0
thy,thy,s,DirectAddress,0
kind,kind,s,StandardsPos,0
heart,heart,c,StandardsPos,1
.,.,s,Imperative,0
See,see,s,Imperative,1
how,how,s,,0
favorable,favorable,s,Positivity,0
a,a,s,SubjectivePercept,0
spirit,spirit,s,SubjectivePercept,1
she,she,s,Neutral_Attribution,0
has,has,c,Neutral_Attribution,1
.,.,s,,0
I,i,n,Insist,0
cannot,cannot,s,Insist,1
choose,choose,s,ReportingEvents,0
but,but,s,Resistance,0
weep,weep,s,Sad,0
for,for,s,Sad,1
this,this,s,,0
love,love,nnn,Positivity,0
Lo,lo,s,DirectAddress,0
now,now,s,Immediacy,0
Hortano,hortano,s,UNRECOGNIZED,0
the,the,s,,0
virtue,virtue,s,StandardsPos,0
of,of,s,Specifiers,0
this,this,s,Specifiers,1
rod,rod,c,SenseObject,0
",",",",s,Aside,0
which,which,s,Aside,1
brings,brings,s,,0
so,so,s,,0
plentiful,plentiful,s,StandardsPos,0
tears,tears,n,Motions,0
from,from,s,Motions,1
this,this,s,,0
Rock,rock,c,SenseObject,0
^^,^^,s,UNRECOGNIZED,0
stomach,stomach,s,SenseObject,0
of,of,s,,0
his,his,nnn,PersonPronoun,0
But,but,s,Exceptions,0
for,for,s,Exceptions,1
all,all,s,Generalization,0
this,this,s,Generalization,1
I,i,s,FirstPer,0
see,see,s,,0
no,no,s,DenyDisclaim,0
ground,ground,s,SenseObject,0
or,or,s,,0
proof,proof,s,Confidence,0
you,you,s,DirectAddress,0
have,have,c,DirectAddress,1
",",",",s,,0
that,that,s,,0
a,a,s,PersonProperty,0
wife,wife,s,PersonProperty,1
shall,shall,s,ProjectAhead,0
take,take,n,ReportingEvents,0
upon,upon,s,Immediacy,0
her,her,s,Immediacy,1
to,to,s,,0
teach,teach,s,ReportingEvents,0
and,and,s,,0
correct,correct,s,StandardsPos,0
her,her,s,PersonPronoun,0
husband,husband,c,PersonProperty,0
.,.,s,,0
You,you,s,DirectAddress,0
allege,allege,s,Neg_Citation,0
Scripture,scripture,s,CommonAuthorities,0
as,as,s,Specifiers,0
far,far,s,Specifiers,1
as,as,n,Specifiers,2
Rome,rome,s,,0
is,is,s,ReportingStates,0
from,from,s,,0
Rockingham,rockingham,c,UNRECOGNIZED,0
",",",",s,,0
and,and,s,,0
expound,expound,s,Authoritative_Citation,0
it,it,s,,0
at,at,s,DirectAddress,0
your,your,s,DirectAddress,1
pleasure,pleasure,c,DirectAddress,2
",",",",s,,0
and,and,s,,0
frame,frame,s,SenseObject,0
it,it,s,,0
to,to,s,DirectAddress,0
your,your,n,DirectAddress,1
own,own,s,ReportingEvents,0
fancy,fancy,c,SubjectivePercept,0
:,:,s,,0
but,but,s,Resistance,0
if,if,s,Contingency,0
I,i,s,Contingency,1
were,were,s,Contingency,2
your,your,s,DirectAddress,0
husband,husband,s,PersonProperty,0
I,i,s,SelfDisclosure,0
would,would,s,SelfDisclosure,1
cudgill,cudgill,s,UNRECOGNIZED,0
you,you,s,DirectAddress,0
well,well,c,OralCues,0
",",",",s,OralCues,1
and,and,s,,0
by,by,s,,0
the,the,n,LangRef,0
word,word,s,LangRef,1
maintain,maintain,s,TimeDuration,0
it,it,s,Insist,0
better,better,nnn,Insist,1
What,what,s,Uncertainty,0
not,not,s,Uncertainty,1
yet,yet,s,Resistance,0
vnderstand'st,vnderstand'st,s,UNRECOGNIZED,0
thou,thou,s,DirectAddress,0
the,the,s,,0
text,text,c,LangRef,0
?,?,s,Question,0
O,o,s,LangRef,0
fool,fool,c,Negativity,0
",",",",s,,0
and,and,s,,0
slow,slow,s,SubjectiveTime,0
of,of,s,,0
belief,belief,c,PrivateThinking,0
!,!,s,,0
If,if,n,Contingency,0
thou,thou,s,DirectAddress,0
were,were,s,ProjectBack,0
my,my,s,FirstPer,0
husband,husband,s,PersonProperty,0
not,not,s,DenyDisclaim,0
men,men,s,PersonProperty,0
be,be,s,ReportingStates,0
taught,taught,s,ReportingEvents,0
and,and,s,,0
instructed,instructed,nnn,ReportingEvents,0
Yes,yes,c,DirectAddress,0
:,:,s,,0
but,but,s,Resistance,0
what,what,c,Resistance,1
",",",",s,,0
shall,shall,s,ProjectAhead,0
women,women,s,PersonProperty,0
do,do,s,ReportingEvents,0
it,it,c,ReportingEvents,1
?,?,nnn,Question,0
Who,who,s,Question,0
else,else,s,Question,1
I,i,s,FirstPer,0
pray,pray,s,Intensity,0
you,you,c,DirectAddress,0
*,*,s,,0
shall,shall,s,ProjectAhead,0
beasts,beasts,s,Negativity,0
do,do,s,ReportingEvents,0
it,it,c,ReportingEvents,1
?,?,s,Question,0
Although,although,s,Concessive,0
women,women,s,PersonProperty,0
may,may,s,Contingency,0
not,not,s,DenyDisclaim,0
speak,speak,s,ReportingEvents,0
in,in,s,,0
the,the,n,CommonAuthorities,0
Church,church,s,CommonAuthorities,1
(,(,c,,0
which,which,s,,0
is,is,s,Positivity,0
great,great,s,Positivity,1
pity,pity,c,Sad,0
),),s,,0
yet,yet,s,Resistance,0
we,we,s,ReceivedPOV,0
may,may,s,ReceivedPOV,1
preach,preach,s,ReceivedPOV,2
in,in,s,SpaceRelation,0
chambers,chambers,c,SpaceRelation,1
",",",",s,,0
and,and,s,,0
men,men,s,PersonProperty,0
are,are,s,ReportingStates,0
tied,tied,s,ReportingEvents,0
to,to,n,,0
hear,hear,s,SpaceRelation,0
us,us,nnn,Inclusive,0
No,no,c,OralCues,0
",",",",s,OralCues,1
nor,nor,s,DenyDisclaim,0
sluts,sluts,s,Negativity,0
neither,neither,c,DenyDisclaim,0
:,:,s,,0
but,but,s,Resistance,0
men,men,s,PersonProperty,0
shall,shall,s,ProjectAhead,0
instruct,instruct,s,ReportingEvents,0
men,men,c,PersonProperty,0
.,.,nnn,,0
Iump,iump,c,UNRECOGNIZED,0
.,.,s,ReasonForward,0
And,and,s,ReasonForward,1
so,so,s,ReasonForward,2
womnn,womnn,s,UNRECOGNIZED,0
instruct,instruct,s,ReportingEvents,0
women,women,c,PersonProperty,0
",",",",s,,0
and,and,s,,0
none,none,s,DenyDisclaim,0
of,of,s,DenyDisclaim,1
them,them,s,,0
shall,shall,s,ProjectAhead,0
come,come,s,ReportingEvents,0
to,to,s,,0
other,other,c,Specifiers,0
.,.,s,DirectAddress,0
And,and,n,DirectAddress,1
how,how,s,,0
shall,shall,s,ProjectAhead,0
there,there,s,,0
then,then,s,,0
be,be,s,ReportingStates,0
procreation,procreation,s,Transformation,0
of,of,s,,0
the,the,s,StandardsPos,0
holy,holy,s,StandardsPos,1
ones,ones,c,Numbers,0
",",",",s,,0
and,and,s,,0
the,the,s,,0
Israel,israel,s,,0
of,of,s,CommonAuthorities,0
God,god,n,CommonAuthorities,1
be,be,s,ReportingStates,0
multiplied,multiplied,nnn,Transformation,0
Nay,nay,s,OralCues,0
neighbor,neighbor,s,PersonProperty,0
Hortano,hortano,c,UNRECOGNIZED,0
",",",",s,,0
I,i,s,FirstPer,0
warrant,warrant,s,CommonAuthorities,0
you,you,s,DirectAddress,0
my,my,s,FirstPer,0
wife,wife,s,PersonProperty,0
will,will,s,PredictedFuture,0
prove,prove,s,Confidence,0
any,any,s,Specifiers,0
thing,thing,s,Specifiers,1
she,she,s,Citations,0
says,says,n,Citations,1
one,one,s,Numbers,0
way,way,s,AbstractConcepts,0
or,or,s,,0
other,other,c,Specifiers,0
.,.,s,Resistance,0
But,but,s,Resistance,1
good,good,s,,0
wife,wife,c,PersonProperty,0
",",",",s,,0
let,let,s,ReportingEvents,0
me,me,s,FirstPer,0
entreat,entreat,s,Request,0
one,one,s,Numbers,0
thing,thing,s,Uncertainty,0
at,at,s,SpaceRelation,0
your,your,s,SpaceRelation,1
hands,hands,s,SenseObject,0
(,(,c,,0
if,if,n,Contingency,0
your,your,s,DirectAddress,0
spirit,spirit,s,SubjectivePercept,0
consent,consent,c,CommonAuthorities,0
",",",",s,,0
that,that,s,Specifiers,0
is,is,c,Specifiers,1
",",",",s,Specifiers,2
that,that,s,,0
I,i,s,ReceivedPOV,0
may,may,s,ReceivedPOV,1
call,call,s,ReceivedPOV,2
your,your,s,DirectAddress,0
son,son,s,PersonProperty,0
Jack,jack,s,AbstractConcepts,0
my,my,s,Positivity,0
boy,boy,s,Positivity,1
for,for,s,,0
my,my,n,FirstPer,0
credit,credit,s,StandardsPos,0
sake,sake,c,SenseObject,0
.,.,s,DirectAddress,0
And,and,s,DirectAddress,1
that,that,s,,0
he,he,s,PersonPronoun,0
may,may,s,Contingency,0
know,know,s,Confidence,0
no,no,s,Exceptions,0
other,other,s,Exceptions,1
but,but,s,Resistance,0
he,he,s,Updates,0
is,is,s,Updates,1
mine,mine,c,FirstPer,0
",",",",s,,0
and,and,s,Sequence,0
then,then,s,Sequence,1
shall,shall,s,Future_Question,0
I,i,s,Future_Question,1
be,be,n,ReportingStates,0
quiet,quiet,s,SenseProperty,0
in,in,s,PrivateThinking,0
mind,mind,c,PrivateThinking,1
",",",",s,,0
and,and,s,,0
think,think,s,PrivateThinking,0
you,you,s,DirectAddress,0
deal,deal,s,,0
very,very,s,Intensity,0
justly,justly,s,StandardsPos,0
and,and,s,,0
liberally,liberally,s,SubjectivePercept,0
with,with,s,,0
me,me,nnn,FirstPer,0
With,with,s,Positivity,0
all,all,s,Positivity,1
my,my,s,Positivity,2
heart,heart,c,Positivity,3
.,.,s,DirectAddress,0
And,and,s,DirectAddress,1
I,i,s,FirstPer,0
profess,profess,s,Citations,0
unto,unto,s,CommonAuthorities,0
you,you,s,DirectAddress,0
that,that,s,,0
he,he,s,PersonPronoun,0
shall,shall,s,ProjectAhead,0
never,never,s,Uncertainty,0
know,know,s,Uncertainty,1
otherwise,otherwise,n,Contingency,0
by,by,s,Cause,0
me,me,c,Cause,1
:,:,s,,0
but,but,s,Resistance,0
I,i,s,Resistance,1
doubt,doubt,s,Resistance,2
his,his,s,PersonPronoun,0
generous,generous,s,StandardsPos,0
spirit,spirit,s,SubjectivePercept,0
will,will,s,PredictedFuture,0
not,not,s,PredictedFuture,1
suffer,suffer,s,Negativity,0
him,him,s,PersonPronoun,0
(,(,c,,0
after,after,s,Sequence,0
a,a,s,Sequence,1
few,few,s,SubjectivePercept,0
years,years,n,TimeDuration,0
of,of,s,TimeDuration,1
discretion,discretion,c,Contingency,0
),),s,,0
to,to,s,,0
tarry,tarry,s,SubjectiveTime,0
long,long,s,SenseProperty,0
in,in,s,SenseProperty,1
that,that,s,,0
error,error,c,StandardsNeg,0
",",",",s,Resistance,0
but,but,s,Resistance,1
that,that,s,Resistance,2
he,he,s,PersonPronoun,0
will,will,s,PredictedFuture,0
heroicallie,heroicallie,n,UNRECOGNIZED,0
disdain,disdain,s,Negative_Relation,0
to,to,s,DirectAddress,0
have,have,s,DirectAddress,1
you,you,s,DirectAddress,2
otherwise,otherwise,s,Contingency,0
accounted,accounted,s,ReportingStates,0
of,of,s,ReportingStates,1
then,then,s,,0
his,his,s,PersonPronoun,0
reputed,reputed,s,CommonAuthorities,0
father,father,c,PersonProperty,0
:,:,s,,0
and,and,s,,0
that,that,n,,0
he,he,s,Updates,0
is,is,s,Updates,1
rather,rather,s,Resistance,0
the,the,s,Biographical_Time,0
son,son,s,Biographical_Time,1
of,of,s,Biographical_Time,2
some,some,s,Uncertainty,0
zealous,zealous,s,Intensity,0
brother,brother,c,PersonProperty,0
",",",",s,,0
who,who,s,Biographical_Time,0
never,never,s,Biographical_Time,1
sees,sees,s,,0
the,the,s,,0
Relikes,relikes,s,UNRECOGNIZED,0
of,of,n,,0
Charing-crosse,charing-crosse,c,UNRECOGNIZED,0
",",",",s,Resistance,0
but,but,s,Resistance,1
wishes,wishes,s,SubjectivePercept,0
he,he,s,PersonPronoun,0
were,were,s,ProjectBack,0
on,on,s,SpaceRelation,0
horseback,horseback,s,SpaceRelation,1
with,with,s,Specifiers,0
a,a,s,Specifiers,1
lance,lance,s,SenseObject,0
in,in,s,Specifiers,0
his,his,s,Specifiers,1
hand,hand,c,SenseObject,0
",",",",n,,0
in,in,s,Intensity,0
full,full,s,Intensity,1
speed,speed,s,SceneShift,0
to,to,s,SceneShift,1
bear,bear,s,Negativity,0
it,it,s,Negativity,1
down,down,c,,0
.,.,s,DirectAddress,0
And,and,s,DirectAddress,1
yet,yet,s,Resistance,0
his,his,s,PersonPronoun,0
mother,mother,s,PersonProperty,0
extreme,extreme,s,Intensity,0
honest,honest,s,StandardsPos,0
for,for,s,Specifiers,0
all,all,n,Specifiers,1
this,this,nnn,,0
All,all,s,Generalization,0
this,this,s,Generalization,1
I,i,s,FirstPer,0
stedfastlic,stedfastlic,s,UNRECOGNIZED,0
^,^,c,UNRECOGNIZED,0
wprd,wprd,c,UNRECOGNIZED,0
^,^,c,UNRECOGNIZED,0
.,.,s,DirectAddress,0
And,and,s,DirectAddress,1
I,i,s,Fear,0
am,am,s,Fear,1
afraid,afraid,s,Fear,2
my,my,s,SelfDisclosure,0
own,own,s,SelfDisclosure,1
weakness,weakness,s,Negativity,0
will,will,s,PredictedFuture,0
be,be,s,PredictedFuture,1
the,the,n,PredictedFuture,2
first,first,s,Sequence,0
discoverer,discoverer,c,Innovations,0
",",",",s,,0
and,and,s,,0
plead,plead,s,SubjectivePercept,0
not,not,s,DenyDisclaim,0
guilty,guilty,s,DenyDisclaim,1
to,to,s,,0
getting,getting,s,,0
of,of,s,Specifiers,0
such,such,s,Specifiers,1
a,a,s,PersonProperty,0
son,son,c,PersonProperty,1
.,.,n,,0
Nevertheles,nevertheles,s,UNRECOGNIZED,0
(,(,c,,0
good,good,s,,0
wife,wife,c,PersonProperty,0
),),s,,0
I,i,s,Insist,0
cannot,cannot,s,Insist,1
choose,choose,s,ReportingEvents,0
but,but,s,Resistance,0
thank,thank,s,Acknowledge,0
you,you,s,Acknowledge,1
much,much,s,Intensity,0
for,for,s,DirectAddress,0
your,your,s,DirectAddress,1
kindness,kindness,c,StandardsPos,0
",",",",n,,0
that,that,s,,0
he,he,s,PersonPronoun,0
shall,shall,s,ProjectAhead,0
be,be,s,ProjectAhead,1
called,called,s,ReportingEvents,0
my,my,s,FirstPer,0
son,son,c,PersonProperty,0
",",",",s,,0
that,that,s,,0
men,men,s,PersonProperty,0
may,may,s,Contingency,0
think,think,s,PrivateThinking,0
so,so,s,PrivateThinking,1
nobly,nobly,s,StandardsPos,0
yet,yet,s,Resistance,0
of,of,s,,0
me,me,s,FirstPer,0
to,to,s,,0
do,do,n,Intensity,0
such,such,s,Specifiers,0
a,a,s,Specifiers,1
deed,deed,c,AbstractConcepts,0
.,.,s,DirectAddress,0
And,and,s,DirectAddress,1
for,for,s,DirectAddress,0
you,you,s,DirectAddress,1
wife,wife,c,PersonProperty,0
),),s,,0
I,i,s,FirstPer,0
will,will,s,PredictedFuture,0
swear,swear,s,Intensity,0
you,you,s,DirectAddress,0
are,are,s,DirectAddress,1
a,a,s,DirectAddress,2
very,very,s,Intensity,0
honest,honest,s,StandardsPos,0
woman,woman,s,StandardsPos,1
for,for,n,Specifiers,0
all,all,s,Specifiers,1
this,this,nnn,,0
No,no,s,DenyDisclaim,0
husband,husband,c,PersonProperty,0
.,.,s,,0
You,you,s,Insist,0
shall,shall,s,Insist,1
not,not,s,DenyDisclaim,0
swear,swear,s,Intensity,0
so,so,s,,0
rashly,rashly,c,Negativity,0
.,.,s,,0
I,i,s,Acknowledge,0
thank,thank,s,Acknowledge,1
you,you,s,Acknowledge,2
as,as,s,Comparison,0
much,much,s,Comparison,1
as,as,s,Comparison,2
though,though,n,Concessive,0
you,you,s,DirectAddress,0
did,did,c,ReportingStates,0
.,.,s,ReportingStates,1
Your,your,s,DirectAddress,0
says,says,s,DirectAddress,1
shall,shall,s,ProjectAhead,0
save,save,s,DirectAddress,0
you,you,s,DirectAddress,1
without,without,s,Contingency,0
swearing,swearing,nnn,Intensity,0
Was,was,s,ProjectBack,0
ever,ever,s,Biographical_Time,0
man,man,s,PersonProperty,0
more,more,s,Comparison,0
blessed,blessed,s,Positive_Attribution,0
with,with,s,Positive_Attribution,1
a,a,s,PersonProperty,0
wife,wife,s,PersonProperty,1
then,then,s,Sequence,0
I,i,s,Sequence,1
am,am,c,FirstPer,0
?,?,s,Question,0
(,(,c,,0
Then,then,s,Sequence,0
he,he,s,Sequence,1
holds,holds,s,,0
his,his,s,SenseObject,0
hands,hands,n,SenseObject,1
before,before,s,Sequence,0
his,his,s,SenseProperty,0
face,face,c,SenseProperty,1
",",",",s,,0
and,and,s,,0
falls,falls,s,Contingency,0
to,to,s,Contingency,1
a,a,s,,0
silent,silent,s,SenseProperty,0
meditation,meditation,s,PrivateThinking,0
a,a,s,,0
prery,prery,s,UNRECOGNIZED,0
while,while,c,TimeDuration,0
",",",",s,,0
at,at,s,SubjectiveTime,0
last,last,n,SubjectiveTime,1
fetching,fetching,s,Motions,0
a,a,s,Motions,1
great,great,s,Intensity,0
sigh,sigh,c,Motions,0
",",",",s,,0
he,he,s,Citations,0
says,says,c,Citations,1
),),s,,0
The,the,s,,0
Lord,lord,s,CommonAuthorities,0
make,make,s,SelfDisclosure,0
me,me,s,SelfDisclosure,1
thankful,thankful,c,Acknowledge,0
.,.,s,,0
(,(,c,,0
Then,then,s,Sequence,0
he,he,s,Sequence,1
h^des,h^des,n,UNRECOGNIZED,0
his,his,s,SenseProperty,0
face,face,s,SenseProperty,1
with,with,s,,0
his,his,s,SenseObject,0
hands,hands,s,SenseObject,1
again,again,c,RecurringEvents,0
",",",",s,ReasonForward,0
and,and,s,ReasonForward,1
so,so,s,ReasonForward,2
stands,stands,s,SpaceRelation,0
a,a,s,SpaceRelation,1
while,while,s,MoveBody,0
sighing,sighing,s,MoveBody,1
and,and,s,,0
sobbing,sobbing,c,Sad,0
",",",",n,,0
^,^,c,UNRECOGNIZED,0
ntill,ntill,s,UNRECOGNIZED,0
Hortano,hortano,s,UNRECOGNIZED,0
shake,shake,s,Motions,0
him,him,s,PersonPronoun,0
by,by,s,,0
the,the,s,,0
arm,arm,c,SenseObject,0
",",",",s,,0
saying,saying,c,Citations,0
),),nnn,,0
How,how,s,Updates,0
now,now,s,Updates,1
Rustico,rustico,c,UNRECOGNIZED,0
",",",",s,Future_Question,0
what,what,s,Future_Question,1
will,will,s,Future_Question,2
thou,thou,s,DirectAddress,0
do,do,c,Intensity,0
:,:,s,,0
kill,kill,s,Negativity,0
thy,thy,s,DirectAddress,0
self,self,s,SubjectivePercept,0
with,with,s,Specifiers,0
this,this,s,Specifiers,1
same,same,s,Comparison,0
foolish,foolish,n,Negativity,0
zeal,zeal,c,StandardsPos,0
?,?,s,Question,0
pluck,pluck,s,StandardsPos,0
up,up,s,StandardsPos,1
a,a,s,Positivity,0
good,good,s,Positivity,1
heart,heart,c,SenseObject,0
",",",",s,,0
and,and,s,,0
live,live,s,,0
to,to,s,ProjectAhead,0
see,see,s,ProjectAhead,1
thy,thy,s,DirectAddress,0
boy,boy,s,PersonProperty,0
a,a,s,PersonProperty,0
man,man,nnn,PersonProperty,1
A,a,s,PersonProperty,0
man,man,c,PersonProperty,1
.,.,s,,0
He,he,s,Neutral_Attribution,0
is,is,s,Neutral_Attribution,1
a,a,s,Neutral_Attribution,2
man,man,s,PersonProperty,0
already,already,s,Updates,0
at,at,s,TimeDuration,0
six,six,s,TimeDuration,1
years,years,s,TimeDuration,2
age,age,s,Specifiers,0
by,by,s,,0
his,his,s,PersonPronoun,0
great,great,s,Intensity,0
stomach,stomach,c,SenseObject,0
;,;,s,,0
and,and,s,,0
I,i,n,SelfDisclosure,0
think,think,s,SelfDisclosure,1
in,in,s,,0
my,my,s,FirstPer,0
conscience,conscience,s,StandardsPos,0
I,i,s,SelfDisclosure,0
am,am,s,SelfDisclosure,1
not,not,s,DenyDisclaim,0
half,half,s,DenyDisclaim,1
his,his,s,PersonPronoun,0
father,father,c,PersonProperty,0
.,.,s,Resistance,0
But,but,s,Resistance,1
I,i,s,FirstPer,0
beshrew,beshrew,s,Negativity,0
you,you,s,DirectAddress,0
for,for,n,DirectAddress,1
troubling,troubling,s,Negativity,0
me,me,c,FirstPer,0
",",",",s,,0
you,you,s,DirectAddress,0
have,have,s,DirectAddress,1
done,done,s,ReportingStates,0
you,you,s,DirectAddress,0
know,know,s,DirectAddress,1
not,not,s,DenyDisclaim,0
what,what,c,DenyDisclaim,1
:,:,s,,0
for,for,s,,0
I,i,s,Autobio,0
was,was,s,Autobio,1
even,even,s,SubjectivePercept,0
melting,melting,s,Motions,0
into,into,s,,0
^,^,n,UNRECOGNIZED,0
martyr,martyr,nnn,PersonProperty,0
A,a,s,,0
martyr,martyr,c,PersonProperty,0
.,.,s,Curiosity,0
How,how,s,Curiosity,1
can,can,s,Curiosity,2
thou,thou,s,DirectAddress,0
be,be,s,ReportingStates,0
a,a,s,ReportingStates,1
martyr,martyr,c,PersonProperty,0
?,?,nnn,Question,0
O,o,s,LangRef,0
yes,yes,c,OralCues,0
",",",",s,OralCues,1
and,and,s,,0
I,i,s,Metadiscourse,0
shall,shall,s,Metadiscourse,1
die,die,s,AbstractConcepts,0
so,so,s,,0
patiently,patiently,c,SubjectivePercept,0
",",",",s,,0
that,that,s,,0
I,i,s,FirstPer,0
dare,dare,s,SubjectivePercept,0
not,not,s,DenyDisclaim,0
call,call,s,Citations,0
for,for,s,Citations,1
a,a,s,Citations,2
posset,posset,s,SenseProperty,0
how,how,n,,0
sick,sick,s,Negativity,0
soever,soever,s,Intensity,0
I,i,s,FirstPer,0
be,be,s,ReportingStates,0
for,for,s,Fear,0
fear,fear,s,Fear,1
of,of,s,Fear,2
sinning,sinning,c,StandardsNeg,0
",",",",s,,0
till,till,s,Motions,0
the,the,s,Motions,1
very,very,s,Intensity,0
point,point,s,AbstractConcepts,0
of,of,s,,0
death,death,c,Negativity,0
.,.,s,DirectAddress,0
And,and,s,DirectAddress,1
now,now,s,Immediacy,0
I,i,n,FirstPer,0
begin,begin,s,Sequence,0
to,to,s,Sequence,1
be,be,s,Sequence,2
hart-sick,hart-sick,nnn,UNRECOGNIZED,0
If,if,s,Contingency,0
you,you,s,DirectAddress,0
find,find,s,DirectAddress,0
your,your,s,DirectAddress,1
self,self,s,SubjectivePercept,0
so,so,s,Negativity,0
sick,sick,s,Negativity,1
indeed,indeed,c,Intensity,0
",",",",s,,0
I,i,s,FirstPer,0
wish,wish,s,SubjectivePercept,0
you,you,s,DirectAddress,0
to,to,s,,0
make,make,s,DirectAddress,0
your,your,s,DirectAddress,1
will,will,c,PredictedFuture,0
",",",",s,,0
and,and,n,,0
dispose,dispose,s,ReportingEvents,0
of,of,s,ReportingEvents,1
your,your,s,DirectAddress,0
estate,estate,nnn,AbstractConcepts,0
How,how,c,Question,0
?,?,s,Question,1
make,make,s,SelfDisclosure,0
my,my,s,SelfDisclosure,1
will,will,c,PredictedFuture,0
?,?,s,Question,0
that's,that's,s,ReportingStates,0
the,the,s,ReportingStates,1
next,next,s,Sequence,0
way,way,s,Sequence,1
to,to,s,ProjectAhead,0
die,die,s,ProjectAhead,1
in,in,s,Disclosure,0
earnest,earnest,c,Disclosure,1
.,.,nnn,,0
Not,not,s,Negativity,0
a,a,s,Negativity,1
whit,whit,s,Negativity,2
nearer,nearer,s,SpaceRelation,0
death,death,s,Negativity,0
for,for,s,Specifiers,0
that,that,c,Specifiers,1
.,.,nnn,,0
O,o,s,LangRef,0
yes,yes,c,DirectAddress,0
.,.,s,,0
A,a,s,SubjectivePercept,0
will,will,c,SubjectivePercept,1
",",",",s,,0
and,and,s,,0
a,a,s,,0
toling,toling,s,UNRECOGNIZED,0
bell,bell,s,SenseObject,0
are,are,s,ReportingStates,0
as,as,s,,0
present,present,s,,0
death,death,s,Negativity,0
as,as,s,,0
Gods,gods,s,CommonAuthorities,0
tokens,tokens,c,AbstractConcepts,0
.,.,s,,0
No,no,c,DenyDisclaim,0
:,:,s,,0
^,^,c,UNRECOGNIZED,0
le,le,n,AbstractConcepts,0
none,none,s,DenyDisclaim,0
of,of,s,DenyDisclaim,1
that,that,nnn,DenyDisclaim,2
Let,let,s,ReportingEvents,0
me,me,s,FirstPer,0
persuade,persuade,s,DirectAddress,0
you,you,s,DirectAddress,1
(,(,c,,0
neighbor,neighbor,s,PersonProperty,0
Rustico,rustico,c,UNRECOGNIZED,0
),),s,,0
to,to,s,,0
make,make,s,DirectAddress,0
your,your,s,DirectAddress,1
will,will,c,PredictedFuture,0
.,.,s,,0
I,i,s,Reassure,0
assure,assure,s,Reassure,1
you,you,s,Reassure,2
it,it,s,,0
is,is,n,ReportingStates,0
superstition,superstition,s,SubjectivePercept,0
to,to,s,,0
think,think,s,PrivateThinking,0
death,death,s,Negativity,0
to,to,s,Negativity,1
be,be,s,ReportingStates,0
^,^,c,UNRECOGNIZED,0
erer,erer,s,UNRECOGNIZED,0
you,you,s,DirectAddress,0
for,for,s,DirectAddress,1
that,that,s,,0
cause,cause,nnn,Cause,0
Superstition,superstition,c,SubjectivePercept,0
.,.,s,,0
The,the,s,,0
Lord,lord,s,CommonAuthorities,0
defend,defend,s,Resistance,0
me,me,c,FirstPer,0
*,*,s,,0
I,i,s,SubjectivePercept,0
had,had,s,SubjectivePercept,1
rather,rather,s,SubjectivePercept,2
not,not,s,SubjectivePercept,3
^,^,c,UNRECOGNIZED,0
o,o,s,LangRef,0
observe,observe,s,ReportingEvents,0
order,order,s,ReportingEvents,0
in,in,s,ReportingEvents,1
any,any,n,Specifiers,0
thing,thing,s,Specifiers,1
then,then,s,TimeShift,0
to,to,s,TimeShift,1
be,be,s,ReportingStates,0
thought,thought,s,PrivateThinking,0
superstitious,superstitious,c,SubjectivePercept,0
.,.,s,,0
I,i,s,Self_Promise,0
agree,agree,s,Self_Promise,1
to,to,s,Self_Promise,2
you,you,s,DirectAddress,0
neighbor,neighbor,c,PersonProperty,0
",",",",s,,0
and,and,s,,0
thank,thank,s,Acknowledge,0
you,you,n,Acknowledge,1
for,for,s,Acknowledge,2
your,your,s,DirectAddress,0
gen^le,gen^le,s,UNRECOGNIZED,0
persuasion,persuasion,c,SubjectivePercept,0
.,.,s,,0
I,i,s,FirstPer,0
will,will,s,PredictedFuture,0
presently,presently,s,TimeShift,0
do,do,s,ReportingEvents,0
it,it,s,ReportingEvents,1
while,while,s,TimeDuration,0
I,i,s,TimeDuration,1
am,am,s,TimeDuration,2
in,in,s,,0
perfect,perfect,n,StandardsPos,0
memory,memory,nnn,PrivateThinking,0
^,^,s,UNRECOGNIZED,0
First,first,c,Sequence,0
",",",",s,Sequence,1
for,for,s,,0
my,my,s,SelfDisclosure,0
soul,soul,c,SelfDisclosure,1
;,;,s,,0
I,i,s,FirstPer,0
will,will,s,PredictedFuture,0
not,not,s,PredictedFuture,1
bequeath,bequeath,s,Positivity,0
it,it,s,,0
to,to,s,Intensity,0
God,god,c,Intensity,1
",",",",s,Resistance,0
but,but,s,Resistance,1
let,let,s,ReportingEvents,0
^,^,c,UNRECOGNIZED,0
t,t,s,AbstractConcepts,0
go,go,s,ReportingEvents,0
even,even,s,Resistance,0
as,as,n,Resistance,1
it,it,s,,0
is,is,s,ReportingStates,0
predestined,predestined,nn,Sequence,0
2,2,s,Numbers,0
My,my,s,FirstPer,0
body,body,s,SenseObject,0
may,may,s,Contingency,0
be,be,s,Contingency,1
buried,buried,s,ReportingEvents,0
if,if,s,Contingency,0
my,my,s,FirstPer,0
executor,executor,s,PersonProperty,0
will,will,s,PredictedFuture,0
pay,pay,s,ReportingEvents,0
for,for,s,ReportingEvents,1
it,it,c,,0
",",",",s,,0
or,or,s,Contingency,0
else,else,s,Contingency,1
let,let,s,ReportingEvents,0
it,it,s,ReportingEvents,1
alone,alone,c,ReportingEvents,2
",",",",n,,0
and,and,s,,0
be,be,s,StandardsPos,0
patient,patient,c,StandardsPos,1
",",",",s,,0
as,as,s,SelfDisclosure,0
I,i,s,SelfDisclosure,1
was,was,s,ProjectBack,0
when,when,s,ProjectBack,1
I,i,s,FirstPer,0
lived,lived,nn,ReportingEvents,0
3,3,s,Numbers,0
At,at,s,,0
my,my,s,FirstPer,0
burial,burial,s,GenericEvents,0
I,i,s,FirstPer,0
de,de,c,AbstractConcepts,0
^^,^^,c,UNRECOGNIZED,0
re,re,s,,0
my,my,s,FirstPer,0
wife,wife,s,PersonProperty,0
to,to,s,,0
preach,preach,c,Intensity,0
",",",",s,,0
and,and,s,,0
no,no,s,DenyDisclaim,0
body,body,s,SenseObject,0
to,to,s,,0
hear,hear,s,SenseProperty,0
her,her,s,SenseProperty,1
but,but,s,Resistance,0
my,my,n,FirstPer,0
sweet,sweet,s,SenseProperty,0
boy,boy,s,PersonProperty,0
^,^,c,UNRECOGNIZED,0
acke,acke,s,UNRECOGNIZED,0
and,and,s,,0
I,i,nn,FirstPer,0
4,4,s,Numbers,0
Forty,forty,s,AbstractConcepts,0
shillings,shillings,s,AbstractConcepts,0
I,i,s,FirstPer,0
give,give,s,ReportingEvents,0
to,to,s,ReportingEvents,1
any,any,s,,0
man,man,s,PersonProperty,0
that,that,s,,0
shall,shall,s,ProjectAhead,0
put,put,s,ReportingEvents,0
me,me,s,FirstPer,0
into,into,s,Transformation,0
the,the,s,Transformation,1
book,book,s,,0
of,of,n,,0
Martires,martires,nn,UNRECOGNIZED,0
5,5,s,Numbers,0
My,my,s,FirstPer,0
wit,wit,c,StandardsPos,0
",",",",s,,0
and,and,s,,0
such,such,s,Resemblances,0
like,like,s,Resemblances,1
moueables,moueables,s,UNRECOGNIZED,0
I,i,s,FirstPer,0
leave,leave,s,,0
as,as,s,,0
an,an,s,,0
heireloome,heireloome,s,UNRECOGNIZED,0
to,to,s,SelfDisclosure,0
my,my,s,SelfDisclosure,1
son,son,s,PersonProperty,0
Jack,jack,nn,AbstractConcepts,0
6,6,s,Numbers,0
All,all,s,Generalization,0
my,my,s,Generalization,1
breeches,breeches,s,SenseObject,0
I,i,s,FirstPer,0
bestow,bestow,s,StandardsPos,0
upon,upon,s,StandardsPos,1
my,my,s,FirstPer,0
beloved,beloved,s,StandardsPos,0
wife,wife,c,PersonProperty,0
.,.,nn,,0
7,7,s,Numbers,0
My,my,s,FirstPer,0
land,land,s,AbstractConcepts,0
(,(,c,,0
if,if,s,Contingency,0
any,any,s,Contingency,1
be,be,s,ReportingStates,0
given,given,s,ReportingStates,0
me,me,s,FirstPer,0
after,after,s,Sequence,0
my,my,s,FirstPer,0
death,death,c,Negativity,0
),),s,,0
I,i,s,SelfDisclosure,0
freely,freely,s,SelfDisclosure,1
bestow,bestow,s,ReportingEvents,0
upon,upon,s,ReportingEvents,1
him,him,s,ReportingEvents,2
that,that,n,,0
shall,shall,s,ProjectAhead,0
marry,marry,s,Positivity,0
her,her,s,PersonPronoun,0
to,to,s,,0
amend,amend,s,ReportingEvents,0
his,his,s,PersonPronoun,0
bargain,bargain,nn,AbstractConcepts,0
8,8,s,Numbers,0
The,the,s,Specifiers,0
rest,rest,s,Specifiers,1
of,of,s,Specifiers,2
my,my,s,FirstPer,0
goods,goods,s,AbstractConcepts,0
and,and,s,,0
chattles,chattles,s,UNRECOGNIZED,0
which,which,s,,0
cannot,cannot,s,DenyDisclaim,0
be,be,s,DenyDisclaim,1
found,found,s,ReportingEvents,0
I,i,s,FirstPer,0
will,will,s,PredictedFuture,0
shall,shall,s,ProjectAhead,0
be,be,n,ProjectAhead,1
equally,equally,s,Comparison,0
divided,divided,s,ReportingEvents,0
(,(,c,,0
at,at,s,,0
my,my,s,FirstPer,0
executors,executors,s,PersonProperty,0
discretion,discretion,c,Contingency,0
),),s,,0
among,among,s,,0
the,the,s,StandardsNeg,0
poor,poor,s,StandardsNeg,1
of,of,s,,0
the,the,s,,0
parish,parish,n,CommonAuthorities,0
wheresoever,wheresoever,s,SpaceRelation,0
I,i,s,Metadiscourse,0
shall,shall,s,Metadiscourse,1
die,die,nn,AbstractConcepts,0
9,9,s,Numbers,0
And,and,s,,0
of,of,s,Specifiers,0
this,this,s,Specifiers,1
my,my,s,FirstPer,0
last,last,s,AbstractConcepts,0
will,will,s,AbstractConcepts,1
and,and,s,AbstractConcepts,2
testament,testament,s,AbstractConcepts,3
I,i,s,FirstPer,0
make,make,s,ReportingEvents,0
the,the,s,,0
longest,longest,s,Comparison,0
siuer,siuer,s,UNRECOGNIZED,0
in,in,s,,0
London,london,s,,0
my,my,n,FirstPer,0
sole,sole,s,SenseObject,0
executor,executor,c,PersonProperty,0
",",",",s,,0
because,because,s,ReasonBackward,0
I,i,s,Metadiscourse,0
will,will,s,Metadiscourse,1
have,have,s,Metadiscourse,2
no,no,s,DenyDisclaim,0
fighting,fighting,c,Resistance,0
",",",",s,,0
nor,nor,s,DenyDisclaim,0
suits,suits,s,SenseObject,0
in,in,s,CommonAuthorities,0
law,law,s,CommonAuthorities,1
for,for,s,,0
my,my,s,FirstPer,0
goods,goods,nn,AbstractConcepts,0
10,10,s,Numbers,0
And,and,s,,0
you,you,s,DirectAddress,0
neighbor,neighbor,s,PersonProperty,0
Hortano,hortano,s,UNRECOGNIZED,0
I,i,s,FirstPer,0
make,make,s,ReportingEvents,0
overseer,overseer,s,PersonProperty,0
of,of,s,Specifiers,0
this,this,s,Specifiers,1
my,my,s,FirstPer,0
will,will,c,PredictedFuture,0
",",",",s,,0
and,and,s,,0
for,for,s,DirectAddress,0
your,your,n,DirectAddress,1
pains,pains,s,SenseProperty,0
to,to,s,GenericEvents,0
be,be,s,GenericEvents,1
taken,taken,s,ProjectBack,0
therein,therein,c,CommonAuthorities,0
",",",",s,,0
I,i,s,FirstPer,0
give,give,s,StandardsPos,0
you,you,s,StandardsPos,1
all,all,s,StandardsPos,2
that,that,s,,0
shall,shall,s,ProjectAhead,0
be,be,s,ProjectAhead,1
overplus,overplus,s,UNRECOGNIZED,0
after,after,n,Sequence,0
execution,execution,s,Negative_Relation,0
of,of,s,,0
the,the,s,Comparison,0
same,same,nn,Comparison,1
Now,now,s,Immediacy,0
my,my,s,FirstPer,0
sight,sight,s,SenseProperty,0
fails,fails,c,StandardsNeg,0
.,.,s,Imperative,0
Lead,lead,s,Imperative,1
me,me,c,FirstPer,0
",",",",s,,0
lead,lead,s,,0
me,me,s,FirstPer,0
good,good,s,StandardsPos,0
neighbor,neighbor,s,StandardsPos,1
home,home,c,SpaceRelation,0
:,:,s,,0
and,and,s,,0
to,to,s,,0
bed,bed,c,SenseObject,0
",",",",s,ReasonForward,0
and,and,s,ReasonForward,1
so,so,n,ReasonForward,2
farewell,farewell,c,SceneShift,0
",",",",s,,0
and,and,s,,0
good,good,s,OralCues,0
night,night,nn,OralCues,1
Here,here,s,Immediacy,0
is,is,s,Immediacy,1
more,more,s,Comparison,0
work,work,s,ReportingEvents,0
for,for,s,ReportingEvents,1
us,us,s,Inclusive,0
Noverindo,noverindo,s,UNRECOGNIZED,0
(,(,c,Aside,0
and,and,s,Aside,1
we,we,s,,0
will,will,s,StandardsNeg,0
not,not,s,StandardsNeg,1
work,work,s,StandardsNeg,2
for,for,s,,0
simple,simple,s,SubjectivePercept,0
fees,fees,n,AbstractConcepts,0
though,though,s,Concessive,0
foedum,foedum,s,UNRECOGNIZED,0
simplex,simplex,s,AbstractConcepts,0
be,be,s,ReportingStates,0
a,a,s,ReportingStates,1
good,good,s,,0
tenure,tenure,c,AbstractConcepts,0
),),s,,0
a,a,s,Positivity,0
friend,friend,s,Positivity,1
of,of,s,Positivity,2
mine,mine,s,FirstPer,0
wants,wants,s,PrivateThinking,0
2000^1,2000^1,s,UNRECOGNIZED,0
and,and,s,,0
I,i,n,Insist,0
must,must,s,Insist,1
have,have,s,Insist,2
it,it,s,,0
for,for,s,SubjectivePercept,0
him,him,s,SubjectivePercept,1
within,within,s,,0
these,these,s,Immediacy,0
two,two,s,Numbers,0
days,days,s,TimeDuration,0
or,or,s,,0
he,he,s,PersonPronoun,0
seeks,seeks,s,ProjectAhead,0
elsewhere,elsewhere,nn,SpaceRelation,0
In,in,s,SpaceRelation,1
any,any,s,,0
case,case,s,AbstractConcepts,0
hold,hold,s,,0
him,him,s,PersonPronoun,0
in,in,c,,0
",",",",s,,0
let,let,s,ReportingEvents,0
him,him,s,ReportingEvents,1
not,not,s,DenyDisclaim,0
escape,escape,c,SceneShift,0
",",",",s,,0
he,he,s,PersonPronoun,0
shall,shall,s,ProjectAhead,0
pay,pay,s,ReportingEvents,0
for,for,s,ReportingEvents,1
his,his,s,PersonPronoun,0
expedition,expedition,c,SceneShift,0
.,.,n,,0
I,i,s,FirstPer,0
Will,will,s,PredictedFuture,0
about,about,s,,0
it,it,c,,0
",",",",s,,0
and,and,s,,0
I,i,s,Metadiscourse,0
Will,will,s,Metadiscourse,1
have,have,s,Metadiscourse,2
it,it,s,,0
for,for,s,DirectAddress,0
you,you,s,DirectAddress,1
within,within,s,TimeDuration,0
24,24,s,TimeDuration,1
hours,hours,c,TimeDuration,2
",",",",s,,0
or,or,s,,0
I,i,s,FirstPer,0
Will,will,s,PredictedFuture,0
give,give,s,DirectAddress,0
you,you,s,DirectAddress,1
my,my,s,FirstPer,0
head,head,nnn,DirectAddress,0
You,you,s,DirectAddress,1
say,say,s,Citations,0
well,well,s,SenseObject,0
Noverindo,noverindo,c,UNRECOGNIZED,0
:,:,s,,0
I,i,s,FirstPer,0
wish,wish,s,SubjectivePercept,0
it,it,s,,0
to,to,s,GenericEvents,0
be,be,s,GenericEvents,1
redressed,redressed,c,StandardsPos,0
:,:,s,,0
bu,bu,c,,0
^,^,s,UNRECOGNIZED,0
what,what,s,Future_Question,0
would,would,s,Future_Question,1
the,the,n,,0
company,company,s,AbstractConcepts,0
have,have,s,Cause,0
me,me,s,Cause,1
to,to,s,,0
do,do,nnn,Intensity,0
This,this,s,,0
Sir,sir,c,PersonProperty,0
:,:,s,,0
you,you,s,DirectAddress,0
are,are,s,DirectAddress,1
acquainted,acquainted,s,,0
at,at,s,,0
Court,court,c,AbstractConcepts,0
:,:,s,,0
they,they,s,,0
entreat,entreat,s,Request,0
that,that,s,DirectAddress,0
you,you,s,DirectAddress,1
would,would,s,ProjectBack,0
use,use,s,Procedures,0
your,your,n,Procedures,1
friends,friends,s,StandardsPos,0
to,to,s,ProjectAhead,0
get,get,s,ProjectAhead,1
a,a,s,,0
grant,grant,s,CommonAuthorities,0
under,under,s,SpaceRelation,0
the,the,s,SpaceRelation,1
broad,broad,s,AbstractConcepts,0
seal,seal,s,AbstractConcepts,1
(,(,c,,0
whatsoever,whatsoever,s,Intensity,0
it,it,s,,0
cost,cost,c,AbstractConcepts,0
),),s,,0
that,that,s,Inclusive,0
we,we,s,Inclusive,1
may,may,n,Contingency,0
erect,erect,s,ReportingEvents,0
an,an,s,SenseObject,0
office,office,s,SenseObject,1
with,with,s,Specifiers,0
a,a,s,Specifiers,1
master,master,s,PersonProperty,0
and,and,s,,0
clarks,clarks,s,UNRECOGNIZED,0
belonging,belonging,s,ReportingEvents,0
to,to,s,ReportingEvents,1
it,it,c,,0
",",",",s,,0
to,to,s,Sequence,0
the,the,s,Sequence,1
end,end,s,Sequence,2
that,that,n,Sequence,3
every,every,s,Generalization,0
one,one,s,Generalization,1
which,which,s,,0
wants,wants,s,PrivateThinking,0
money,money,s,AbstractConcepts,0
may,may,s,Contingency,0
repair,repair,s,ReportingEvents,0
thither,thither,c,SpaceRelation,0
",",",",s,,0
and,and,s,,0
upon,upon,s,,0
request,request,s,ProjectAhead,0
to,to,s,ProjectAhead,1
the,the,s,,0
under,under,n,,0
clarks,clarks,s,UNRECOGNIZED,0
speak,speak,s,SpaceRelation,0
with,with,s,SpaceRelation,1
the,the,s,CommonAuthorities,0
master,master,s,CommonAuthorities,1
of,of,s,,0
the,the,s,SenseObject,0
office,office,c,SenseObject,1
",",",",s,,0
and,and,s,,0
^,^,c,UNRECOGNIZED,0
hence,hence,s,ReasonForward,0
take,take,s,ReportingEvents,0
directions,directions,s,AbstractConcepts,0
how,how,s,Curiosity,0
to,to,n,Curiosity,1
proceed,proceed,c,Curiosity,2
",",",",s,ReasonForward,0
and,and,s,ReasonForward,1
so,so,s,ReasonForward,2
obtain,obtain,s,ReportingEvents,0
money,money,c,AbstractConcepts,0
.,.,s,,0
This,this,s,PredictedFuture,0
will,will,s,PredictedFuture,1
make,make,s,ReportingEvents,0
them,them,s,,0
know,know,s,Confidence,0
themselves,themselves,c,PersonPronoun,0
",",",",s,,0
and,and,s,,0
yield,yield,n,ReportingEvents,0
duty,duty,s,StandardsPos,0
to,to,s,,0
them,them,s,,0
that,that,s,,0
it,it,s,,0
appertains,appertains,c,ReportingEvents,0
:,:,s,,0
when,when,s,TimeShift,0
they,they,s,TimeShift,1
shall,shall,s,ProjectAhead,0
come,come,s,SceneShift,0
by,by,s,SceneShift,1
degrees,degrees,s,AbstractConcepts,0
to,to,s,,0
the,the,s,StandardsPos,0
worth,worth,n,StandardsPos,1
of,of,s,StandardsPos,2
money,money,nnn,AbstractConcepts,0
This,this,s,,0
I,i,s,SelfDisclosure,0
like,like,s,SelfDisclosure,1
well,well,c,SenseObject,0
;,;,s,Resistance,0
but,but,s,Resistance,1
it,it,s,PredictedFuture,0
will,will,s,PredictedFuture,1
be,be,s,PredictedFuture,2
a,a,s,Intensity,0
great,great,s,Intensity,1
charge,charge,s,ReportingEvents,0
to,to,s,ReportingEvents,1
maintain,maintain,s,TimeDuration,0
master,master,s,PersonProperty,0
and,and,n,,0
clerks,clerks,s,PersonProperty,0
in,in,s,SpaceRelation,0
an,an,s,SpaceRelation,1
office,office,c,SpaceRelation,2
",",",",s,ReasonForward,0
so,so,s,ReasonForward,1
shall,shall,s,Future_Question,0
we,we,s,Future_Question,1
loose,loose,s,AbstractConcepts,0
much,much,s,Intensity,0
out,out,s,,0
of,of,s,Inclusive,0
our,our,s,Inclusive,1
gain,gain,nnn,,0
Sir,sir,s,PersonProperty,0
you,you,s,DirectAddress,0
mistake,mistake,s,Negativity,0
it,it,s,,0
quite,quite,c,Intensity,0
.,.,s,,0
The,the,s,,0
company,company,s,AbstractConcepts,0
has,has,s,,0
argued,argued,s,Citations,0
that,that,s,Citations,1
case,case,s,AbstractConcepts,0
to,to,s,Motions,0
and,and,s,Motions,1
fro,fro,c,Motions,2
.,.,s,,0
The,the,n,CommonAuthorities,0
master,master,s,CommonAuthorities,1
and,and,s,,0
clerks,clerks,s,PersonProperty,0
will,will,s,PredictedFuture,0
pick,pick,s,ReportingEvents,0
out,out,s,Negativity,0
a,a,s,Negativity,1
living,living,s,StandardsPos,0
well,well,s,StandardsPos,1
enough,enough,s,SubjectivePercept,0
I,i,s,FirstPer,0
warrant,warrant,s,CommonAuthorities,0
you,you,s,DirectAddress,0
out,out,s,,0
of,of,s,,0
them,them,n,,0
that,that,s,,0
take,take,s,Sequence,0
up,up,s,Sequence,1
m^hie,m^hie,c,UNRECOGNIZED,0
",",",",s,,0
and,and,s,,0
this,this,s,PredictedFuture,0
will,will,s,PredictedFuture,1
free,free,s,StandardsPos,0
them,them,s,StandardsPos,1
from,from,s,StandardsPos,2
other,other,s,Specifiers,0
brocage,brocage,c,UNRECOGNIZED,0
.,.,s,PriorKnowledge,0
As,as,s,PriorKnowledge,1
you,you,s,PriorKnowledge,2
know,know,n,PriorKnowledge,3
all,all,s,,0
offices,offices,s,SenseObject,0
are,are,s,Transformation,0
maintained,maintained,s,Transformation,1
by,by,s,Transformation,2
the,the,s,,0
suitors,suitors,c,PersonProperty,0
",",",",s,,0
not,not,s,DenyDisclaim,0
by,by,s,,0
the,the,s,,0
granters,granters,s,CommonAuthorities,0
of,of,s,SpaceRelation,0
the,the,s,SpaceRelation,1
place,place,nnn,SpaceRelation,2
Right,right,c,,0
:,:,s,,0
but,but,s,Resistance,0
who,who,s,Resistance,1
shall,shall,s,ProjectAhead,0
be,be,s,ProjectAhead,1
at,at,s,SpaceRelation,0
the,the,s,SpaceRelation,1
charge,charge,s,AbstractConcepts,0
of,of,s,,0
the,the,s,,0
patent,patent,c,Innovations,0
?,?,nnn,Question,0
That,that,s,Insist,0
must,must,s,Insist,1
be,be,s,Insist,2
done,done,s,ReportingStates,0
by,by,s,ReportingStates,1
the,the,s,,0
company,company,c,AbstractConcepts,0
.,.,s,Resistance,0
But,but,s,Resistance,1
we,we,s,Sad,0
will,will,s,Sad,1
lose,lose,s,Sad,2
nothing,nothing,s,DenyDisclaim,0
by,by,s,,0
it,it,c,,0
.,.,s,,0
For,for,s,ReasonForward,0
we,we,s,ReasonForward,1
are,are,n,ReasonForward,2
determined,determined,s,Intensity,0
to,to,s,Intensity,1
let,let,s,ReportingEvents,0
no,no,s,DenyDisclaim,0
money,money,s,AbstractConcepts,0
go,go,s,ReportingEvents,0
but,but,s,Exceptions,0
one,one,s,Exceptions,1
way,way,s,AbstractConcepts,0
or,or,s,,0
other,other,s,Specifiers,0
we,we,s,,0
will,will,s,PredictedFuture,0
get,get,s,,0
30,30,s,Numbers,0
in,in,s,,0
the,the,s,,0
100,100,c,Numbers,0
.,.,n,DirectAddress,0
And,and,s,DirectAddress,1
if,if,s,Contingency,0
we,we,s,,0
give,give,s,,0
commodities,commodities,s,AbstractConcepts,0
we,we,s,Metadiscourse,0
will,will,s,Metadiscourse,1
have,have,s,Metadiscourse,2
more,more,c,Comparison,0
:,:,s,,0
and,and,s,ReportingStates,0
it,it,s,ReportingStates,1
is,is,s,ReportingStates,2
reason,reason,s,StandardsPos,0
too,too,c,Metadiscourse,0
.,.,s,Metadiscourse,1
The,the,s,Negativity,0
worse,worse,s,Negativity,1
the,the,n,,0
bargain,bargain,s,AbstractConcepts,0
is,is,c,ReportingStates,0
",",",",s,,0
the,the,s,Comparison,0
more,more,s,Comparison,1
they,they,s,Insist,0
must,must,s,Insist,1
lose,lose,s,Negativity,0
that,that,s,,0
take,take,s,Responsibility,0
it,it,c,Responsibility,1
.,.,s,DirectAddress,0
And,and,s,DirectAddress,1
there,there,s,ReportingStates,0
is,is,s,ReportingStates,1
another,another,s,Metadiscourse,0
thing,thing,n,Metadiscourse,1
that,that,s,PredictedFuture,0
we,we,s,PredictedFuture,1
will,will,s,PredictedFuture,2
be,be,s,SpaceRelation,0
at,at,s,SpaceRelation,1
the,the,s,,0
charge,charge,s,AbstractConcepts,0
of,of,s,,0
Sir,sir,c,PersonProperty,0
.,.,s,,0
Wherein,wherein,s,CommonAuthorities,0
we,we,s,Insist,0
must,must,s,Insist,1
crave,crave,s,Intensity,0
your,your,s,DirectAddress,0
help,help,s,Positivity,0
also,also,c,,0
.,.,n,DirectAddress,0
And,and,s,DirectAddress,1
that,that,s,Specifiers,0
is,is,c,Specifiers,1
:,:,s,,0
some,some,s,Uncertainty,0
arms,arms,s,SenseObject,0
from,from,s,,0
the,the,s,SenseObject,0
king,king,s,SenseObject,1
of,of,s,,0
Heralds,heralds,s,ReportingEvents,0
appropriated,appropriated,s,ReportingEvents,0
to,to,s,Inclusive,0
our,our,s,Inclusive,1
company,company,n,AbstractConcepts,0
alone,alone,c,SpaceRelation,0
",",",",s,,0
and,and,s,,0
hanged,hanged,s,SpaceRelation,0
up,up,s,,0
behind,behind,s,SpaceRelation,0
the,the,s,SpaceRelation,1
master,master,s,CommonAuthorities,0
of,of,s,CommonAuthorities,1
the,the,s,SenseObject,0
office,office,c,SenseObject,1
:,:,s,,0
this,this,s,PredictedFuture,0
will,will,s,PredictedFuture,1
give,give,s,StandardsPos,0
honor,honor,s,StandardsPos,1
to,to,n,StandardsPos,2
the,the,s,SpaceRelation,0
place,place,c,SpaceRelation,1
",",",",s,,0
and,and,s,,0
cause,cause,s,Cause,0
suitors,suitors,s,PersonProperty,0
to,to,s,PrivateThinking,0
understand,understand,s,PrivateThinking,1
they,they,s,,0
enter,enter,s,Sequence,0
into,into,s,Sequence,1
a,a,s,Sequence,2
court,court,s,AbstractConcepts,0
of,of,s,,0
command,command,n,CommonAuthorities,0
and,and,s,,0
authority,authority,nnn,CommonAuthorities,0
O,o,c,LangRef,0
",",",",s,,0
I,i,s,Contingency,0
could,could,s,Contingency,1
fit,fit,s,ReportingEvents,0
these,these,s,Immediacy,0
fellows,fellows,s,PersonProperty,0
to,to,s,Specifiers,0
a,a,s,Specifiers,1
hair,hair,c,Specifiers,2
.,.,s,,0
I,i,s,Contingency,0
could,could,s,Contingency,1
devise,devise,s,PrivateThinking,0
them,them,s,PrivateThinking,1
a,a,s,,0
crest,crest,s,SenseObject,0
as,as,s,,0
fit,fit,n,Resemblances,0
as,as,s,Resemblances,1
a,a,s,SenseObject,0
fan,fan,s,SenseObject,1
for,for,s,,0
a,a,s,,0
for^horse,for^horse,nnn,UNRECOGNIZED,0
Proberio,proberio,c,UNRECOGNIZED,0
:,:,s,,0
here,here,s,Immediacy,0
is,is,s,Immediacy,1
Noverindo,noverindo,s,UNRECOGNIZED,0
has,has,s,ReportingEvents,0
a,a,s,ReportingEvents,1
piece,piece,s,ReportingEvents,2
of,of,s,ReportingEvents,3
imploiment,imploiment,s,UNRECOGNIZED,0
for,for,s,DirectAddress,0
you,you,c,DirectAddress,1
",",",",s,,0
and,and,s,,0
thinks,thinks,s,PrivateThinking,0
you,you,n,DirectAddress,0
can,can,s,Contingency,0
discharge,discharge,s,Negativity,0
it,it,s,,0
well,well,s,SenseObject,0
if,if,s,Contingency,0
you,you,s,DirectAddress,0
list,list,c,,0
.,.,s,DirectAddress,0
And,and,s,DirectAddress,1
I,i,s,FirstPer,0
Will,will,s,PredictedFuture,0
see,see,s,DirectAddress,0
you,you,s,DirectAddress,1
well,well,s,SenseObject,0
considred,considred,c,UNRECOGNIZED,0
.,.,s,ReportingStates,0
It,it,s,ReportingStates,1
is,is,s,ReportingStates,2
this,this,c,Immediacy,0
.,.,n,Immediacy,1
That,that,s,DirectAddress,0
you,you,s,DirectAddress,1
move,move,s,MoveBody,0
the,the,s,MoveBody,1
Heralds,heralds,s,Citations,0
to,to,s,Citations,1
give,give,s,ReportingEvents,0
the,the,s,ReportingEvents,1
company,company,c,AbstractConcepts,0
.,.,s,,0
Crest,crest,s,SenseObject,0
with,with,s,Specifiers,0
the,the,s,Specifiers,1
due,due,n,AbstractConcepts,0
circumstances,circumstances,c,Contingency,0
.,.,s,DirectAddress,0
And,and,s,DirectAddress,1
go,go,s,SceneShift,0
in,in,s,SceneShift,1
my,my,s,Autobio,0
name,name,s,Autobio,1
they,they,s,,0
will,will,s,PredictedFuture,0
do,do,s,ReportingEvents,0
it,it,s,ReportingEvents,1
the,the,s,Comparison,0
more,more,s,Comparison,1
freely,freely,nnn,Disclosure,0
Sir,sir,s,PersonProperty,0
I,i,s,SelfDisclosure,0
am,am,s,SelfDisclosure,1
the,the,s,SelfDisclosure,2
only,only,s,SubjectivePercept,0
man,man,s,PersonProperty,0
for,for,s,Specifiers,0
such,such,s,Specifiers,1
a,a,s,,0
business,business,c,AbstractConcepts,0
.,.,s,,0
If,if,s,Contingency,0
the,the,s,Contingency,1
Herald,herald,s,ReportingEvents,0
cannot,cannot,s,DenyDisclaim,0
aptly,aptly,n,StandardsPos,0
conceive,conceive,s,PrivateThinking,0
it,it,c,,0
",",",",s,,0
I,i,s,Contingency,0
can,can,s,Contingency,1
instruct,instruct,s,ReportingEvents,0
him,him,c,PersonPronoun,0
.,.,s,,0
I,i,s,FirstPer,0
Will,will,s,PredictedFuture,0
undertake,undertake,s,PredictedFuture,1
to,to,s,,0
have,have,s,Cause,0
it,it,s,Cause,1
speedily,speedily,nnn,SenseProperty,0
Thanks,thanks,s,Acknowledge,0
Proberio,proberio,c,UNRECOGNIZED,0
:,:,s,,0
and,and,s,,0
thou,thou,s,Imperative,0
shall,shall,s,Imperative,1
not,not,s,Imperative,2
travail,travail,s,Negativity,0
for,for,s,,0
unthankful,unthankful,s,StandardsNeg,0
persons,persons,c,PersonProperty,0
.,.,nnn,,0
Sir,sir,c,PersonProperty,0
",",",",s,,0
it,it,s,PredictedFuture,0
will,will,s,PredictedFuture,1
cost,cost,s,AbstractConcepts,0
10l,10l,s,UNRECOGNIZED,0
besides,besides,s,Specifiers,0
somewhat,somewhat,s,Uncertainty,0
for,for,s,,0
expedition,expedition,c,SceneShift,0
:,:,s,,0
and,and,s,,0
I,i,s,Insist,0
must,must,s,Insist,1
have,have,s,Insist,2
it,it,s,,0
ready,ready,n,ProjectAhead,0
to,to,s,ProjectAhead,1
pay,pay,c,ReportingEvents,0
:,:,s,,0
for,for,s,,0
I,i,s,FirstPer,0
will,will,s,PredictedFuture,0
not,not,s,PredictedFuture,1
come,come,s,Transformation,0
from,from,s,Transformation,1
him,him,s,PersonPronoun,0
till,till,s,TimeShift,0
I,i,s,TimeShift,1
bring,bring,s,,0
it,it,nnn,,0
Here,here,s,Immediacy,0
is,is,s,Immediacy,1
10l,10l,s,UNRECOGNIZED,0
and,and,s,,0
a,a,s,,0
piece,piece,s,AbstractConcepts,0
for,for,s,,0
expedition,expedition,c,SceneShift,0
:,:,s,,0
and,and,s,Specifiers,0
another,another,s,Specifiers,1
for,for,s,,0
thy,thy,s,DirectAddress,0
pains,pains,c,SenseProperty,0
:,:,s,,0
study,study,n,StandardsPos,0
hard,hard,s,StandardsPos,1
to,to,s,,0
have,have,s,Cause,0
it,it,s,Cause,1
exactly,exactly,s,Confidence,0
done,done,c,ReportingStates,0
",",",",s,ReportingStates,1
thou,thou,s,DirectAddress,0
shall,shall,s,ProjectAhead,0
have,have,s,,0
two,two,s,Numbers,0
pieces,pieces,s,SenseObject,0
more,more,c,Comparison,0
.,.,s,,0
that,that,s,,0
same,same,c,Comparison,0
),),s,,0
in,in,n,Specifiers,0
their,their,s,Specifiers,1
breeches,breeches,nnn,SenseObject,0
But,but,s,Resistance,0
so,so,s,Resistance,1
you,you,s,DirectAddress,0
may,may,s,DirectAddress,1
scarre,scarre,s,UNRECOGNIZED,0
them,them,s,,0
quite,quite,s,Intensity,0
away,away,c,,0
",",",",s,,0
they,they,s,,0
will,will,s,PredictedFuture,0
come,come,s,PredictedFuture,1
there,there,s,DenyDisclaim,0
no,no,s,DenyDisclaim,1
more,more,c,Comparison,0
.,.,nnn,,0
I,i,s,FirstPer,0
warran,warran,c,UNRECOGNIZED,0
:,:,s,,0
thee,thee,c,DirectAddress,0
:,:,s,,0
if,if,s,Contingency,0
they,they,s,Contingency,1
were,were,s,Contingency,2
sure,sure,s,Confidence,0
to,to,s,Confidence,1
go,go,s,ReportingEvents,0
to,to,s,,0
prison,prison,s,Negativity,0
within,within,s,,0
a,a,s,TimeDuration,0
while,while,s,TimeDuration,1
after,after,c,TimeDuration,2
",",",",s,,0
they,they,n,,0
will,will,s,PredictedFuture,0
come,come,s,PredictedFuture,1
again,again,s,RecurringEvents,0
for,for,s,ProjectAhead,0
money,money,c,ProjectAhead,1
.,.,s,,0
They,they,s,ReportingStates,0
are,are,s,ReportingStates,1
very,very,s,Intensity,0
ventrous,ventrous,c,UNRECOGNIZED,0
:,:,s,,0
nay,nay,s,OralCues,0
desperate,desperate,c,Negativity,0
:,:,s,,0
nay,nay,n,OralCues,0
foolchardy,foolchardy,c,UNRECOGNIZED,0
.,.,s,,0
O,o,c,LangRef,0
",",",",s,,0
monic,monic,s,UNRECOGNIZED,0
is,is,s,ReportingStates,0
money,money,c,AbstractConcepts,0
",",",",s,,0
and,and,s,,0
they,they,s,Insist,0
must,must,s,Insist,1
have,have,s,Insist,2
it,it,nnn,,0
Say,say,s,Resistance,0
no,no,s,Resistance,1
more,more,c,Comparison,0
",",",",s,,0
I,i,s,FirstPer,0
Will,will,s,PredictedFuture,0
be,be,s,PredictedFuture,1
your,your,s,DirectAddress,0
warrant,warrant,c,CommonAuthorities,0
",",",",s,,0
it,it,s,ProjectAhead,0
shall,shall,s,ProjectAhead,1
be,be,s,ProjectAhead,2
fearful,fearful,s,Fear,0
enough,enough,c,SubjectivePercept,0
.,.,nnn,ReportingStates,0
It,it,s,ReportingStates,1
is,is,s,ReportingStates,2
even,even,s,SubjectivePercept,0
high,high,s,SubjectiveTime,0
time,time,s,SubjectiveTime,1
the,the,s,,0
world,world,s,AbstractConcepts,0
were,were,s,ProjectBack,0
at,at,s,Sequence,0
an,an,s,Sequence,1
end,end,c,Sequence,2
",",",",s,ReasonForward,0
for,for,s,ReasonForward,1
I,i,s,ReasonForward,2
think,think,s,PrivateThinking,0
all,all,s,,0
trades,trades,s,AbstractConcepts,0
are,are,n,ReportingStates,0
decaying,decaying,c,SenseProperty,0
:,:,s,,0
when,when,s,,0
my,my,s,Autobio,0
father,father,s,Autobio,1
put,put,s,ReportingEvents,0
me,me,s,FirstPer,0
to,to,s,,0
the,the,s,,0
Innes,innes,s,UNRECOGNIZED,0
of,of,s,,0
Court,court,s,AbstractConcepts,0
he,he,s,PersonPronoun,0
advised,advised,s,ReportingEvents,0
me,me,s,FirstPer,0
in,in,s,Specifiers,0
any,any,n,Specifiers,1
case,case,s,Specifiers,2
to,to,s,,0
study,study,c,Curiosity,0
",",",",s,ReasonForward,0
so,so,s,ReasonForward,1
that,that,s,,0
I,i,s,FirstPer,0
might,might,s,Contingency,0
be,be,s,Contingency,1
called,called,s,GenericEvents,0
to,to,s,GenericEvents,1
the,the,s,SenseObject,0
bar,bar,c,SenseObject,1
",",",",s,,0
and,and,s,Sequence,0
then,then,s,Sequence,1
(,(,c,,0
says,says,s,Citations,0
he,he,c,PersonPronoun,0
),),n,,0
fear,fear,s,Fear,0
not,not,s,DenyDisclaim,0
to,to,s,DenyDisclaim,1
live,live,s,GenericEvents,0
in,in,s,GenericEvents,1
all,all,s,GenericEvents,2
plenty,plenty,s,StandardsPos,0
and,and,s,,0
credit,credit,c,StandardsPos,0
.,.,s,Resistance,0
But,but,s,Resistance,1
I,i,s,Metadiscourse,0
find,find,s,Metadiscourse,1
it,it,s,,0
otherwise,otherwise,c,Contingency,0
",",",",s,Contingency,1
for,for,s,,0
now,now,n,Metadiscourse,0
that,that,s,Metadiscourse,1
I,i,s,Metadiscourse,2
am,am,s,FirstPer,0
exalted,exalted,s,StandardsPos,0
thither,thither,c,SpaceRelation,0
",",",",s,,0
my,my,s,FirstPer,0
law,law,s,AbstractConcepts,0
serves,serves,s,ReportingEvents,0
me,me,s,FirstPer,0
not,not,s,DenyDisclaim,0
to,to,s,DenyDisclaim,1
get,get,s,,0
my,my,s,FirstPer,0
commons,commons,c,SpaceRelation,0
.,.,s,,0
I,i,s,FirstPer,0
wish,wish,s,SubjectivePercept,0
I,i,n,Autobio,0
had,had,s,Autobio,1
been,been,s,Autobio,2
bred,bred,s,ReportingEvents,0
a,a,s,,0
Tapster,tapster,c,PersonProperty,0
:,:,s,,0
that,that,s,,0
trade,trade,s,AbstractConcepts,0
is,is,s,Immediacy,0
now,now,s,Immediacy,1
more,more,s,Comparison,0
gainefull,gainefull,s,UNRECOGNIZED,0
with,with,s,,0
froth,froth,s,SenseObject,0
then,then,s,,0
ours,ours,n,Inclusive,0
with,with,s,Generalization,0
all,all,s,Generalization,1
our,our,s,Inclusive,0
words,words,c,LangRef,0
.,.,s,DirectAddress,0
And,and,s,DirectAddress,1
for,for,s,Specifiers,0
any,any,s,Specifiers,1
thing,thing,s,Uncertainty,0
I,i,s,FirstPer,0
see,see,s,PrivateThinking,0
it,it,s,PrivateThinking,1
is,is,s,PrivateThinking,2
like,like,s,SubjectivePercept,0
to,to,s,SubjectivePercept,1
last,last,s,Sequence,0
to,to,s,,0
the,the,s,,0
worlds,worlds,n,AbstractConcepts,0
end,end,c,Sequence,0
",",",",s,Comparison,0
whereas,whereas,s,Comparison,1
ours,ours,s,Inclusive,0
can,can,s,Contingency,0
be,be,s,Contingency,1
good,good,s,,0
no,no,s,Updates,0
longer,longer,s,Updates,1
then,then,s,,0
people,people,s,PersonProperty,0
be,be,s,ReportingStates,0
contentious,contentious,c,Resistance,0
.,.,s,DirectAddress,0
And,and,s,DirectAddress,1
that,that,n,Specifiers,0
is,is,s,Specifiers,1
a,a,s,Specifiers,2
special,special,s,Exceptions,0
argument,argument,s,LangRef,0
the,the,s,,0
ale,ale,c,SenseObject,0
.,.,s,,0
sellers,sellers,s,PersonProperty,0
use,use,s,ReportingEvents,0
against,against,s,Resistance,0
us,us,c,Resistance,1
",",",",s,,0
saying,saying,s,Citations,0
that,that,s,Citations,1
we,we,s,,0
gain,gain,s,StandardsPos,0
by,by,n,StandardsPos,1
falling,falling,s,Motions,0
out,out,s,Motions,1
of,of,s,,0
neighbors,neighbors,c,PersonProperty,0
",",",",s,,0
and,and,s,,0
friends,friends,s,StandardsPos,0
but,but,s,Resistance,0
they,they,s,,0
grow,grow,s,Transformation,0
rich,rich,s,Transformation,1
by,by,s,,0
meeting,meeting,s,GenericEvents,0
of,of,s,,0
good,good,n,,0
fellows,fellows,c,PersonProperty,0
",",",",s,,0
and,and,s,,0
sitting,sitting,s,SpaceRelation,0
together,together,s,SpaceRelation,1
lovinglie,lovinglie,c,UNRECOGNIZED,0
.,.,s,ReportingStates,0
There,there,s,ReportingStates,1
are,are,s,ReportingStates,2
so,so,s,Intensity,0
many,many,s,Intensity,1
hindrances,hindrances,n,Resistance,0
grownevp,grownevp,s,UNRECOGNIZED,0
of,of,s,Immediacy,0
late,late,s,Immediacy,1
that,that,s,,0
it,it,s,,0
is,is,s,ReportingStates,0
impossible,impossible,s,StandardsNeg,0
our,our,s,Inclusive,0
reign,reign,s,CommonAuthorities,0
should,should,s,Insist,0
long,long,s,SenseProperty,0
continue,continue,s,Updates,0
although,although,n,Concessive,0
it,it,s,Contingency,0
be,be,s,Contingency,1
true,true,s,StandardsPos,0
(,(,c,Aside,0
and,and,s,Aside,1
we,we,s,,0
complain,complain,s,Negative_Relation,0
not,not,c,DenyDisclaim,0
),),s,,0
that,that,s,,0
malice,malice,s,StandardsNeg,0
is,is,s,ReportingStates,0
as,as,s,,0
great,great,s,Intensity,0
among,among,s,,0
men,men,s,PersonProperty,0
as,as,s,ReceivedPOV,0
ever,ever,s,ReceivedPOV,1
it,it,n,ProjectBack,0
was,was,c,ProjectBack,1
",",",",s,,0
and,and,s,,0
can,can,s,Contingency,0
be,be,s,Contingency,1
wished,wished,c,ProjectAhead,0
:,:,s,,0
but,but,s,Resistance,0
the,the,s,,0
mischief,mischief,s,StandardsNeg,0
is,is,c,ReportingStates,0
",",",",s,,0
their,their,s,PersonPronoun,0
money,money,s,AbstractConcepts,0
fails,fails,c,StandardsNeg,0
",",",",s,,0
and,and,s,,0
they,they,s,,0
grow,grow,n,ReportingEvents,0
wiser,wiser,nn,StandardsPos,0
I,i,s,FirstPer,0
marvel,marvel,s,Positivity,0
what,what,s,Future_Question,0
will,will,s,Future_Question,1
satisfy,satisfy,s,StandardsPos,0
your,your,s,DirectAddress,0
greedy,greedy,s,Negativity,0
desires,desires,c,Positivity,0
.,.,s,DirectAddress,0
have,have,s,DirectAddress,1
you,you,s,DirectAddress,2
not,not,s,DenyDisclaim,0
the,the,s,DenyDisclaim,1
whole,whole,n,,0
kingdom,kingdom,s,CommonAuthorities,0
at,at,s,DirectAddress,0
your,your,s,DirectAddress,1
service,service,s,DirectAddress,2
and,and,s,,0
beck,beck,c,SubjectivePercept,0
?,?,s,Question,0
what,what,s,,0
Lord,lord,c,CommonAuthorities,0
",",",",s,,0
Knight,knight,c,PersonProperty,0
",",",",s,,0
Gentleman,gentleman,c,Positivity,0
",",",",s,,0
Merchant,merchant,c,PersonProperty,0
",",",",n,,0
Husbandman,husbandman,c,PersonProperty,0
",",",",s,,0
or,or,s,,0
other,other,s,Specifiers,0
sort,sort,s,Uncertainty,0
of,of,s,Uncertainty,1
people,people,s,PersonProperty,0
is,is,s,DenyDisclaim,0
not,not,s,DenyDisclaim,1
attendant,attendant,s,PersonProperty,0
at,at,s,SpaceRelation,0
your,your,s,SpaceRelation,1
study,study,s,Curiosity,0
doors,doors,c,SenseObject,0
",",",",s,,0
with,with,n,,0
paying,paying,s,ReportingEvents,0
and,and,s,,0
praying,praying,c,Intensity,0
?,?,s,Question,0
and,and,s,,0
glad,glad,s,Positivity,0
that,that,s,,0
the,the,s,,0
fee,fee,s,AbstractConcepts,0
which,which,s,,0
he,he,s,PersonPronoun,0
gives,gives,s,,0
is,is,s,ReportingStates,0
of,of,s,ReportingStates,1
that,that,s,,0
glorious,glorious,n,Positivity,0
operation,operation,c,AbstractConcepts,0
",",",",s,,0
that,that,s,,0
it,it,s,,0
breeds,breeds,s,AbstractConcepts,0
no,no,s,DenyDisclaim,0
wrincles,wrincles,s,UNRECOGNIZED,0
in,in,s,DirectAddress,0
your,your,s,DirectAddress,1
forehead,forehead,c,SenseObject,0
",",",",s,Resistance,0
but,but,s,Resistance,1
is,is,s,Resistance,2
cheerefullie,cheerefullie,n,UNRECOGNIZED,0
received,received,c,ReportingEvents,0
?,?,s,Question,0
What,what,s,,0
co^gees,co^gees,c,UNRECOGNIZED,0
",",",",s,,0
and,and,s,,0
submissiue,submissiue,s,UNRECOGNIZED,0
requests,requests,s,ProjectAhead,0
to,to,s,ProjectAhead,1
peruse,peruse,s,SpaceRelation,0
their,their,s,PersonPronoun,0
case,case,s,AbstractConcepts,0
with,with,s,Specifiers,0
a,a,n,Specifiers,1
little,little,s,SenseProperty,0
care,care,c,StandardsPos,0
?,?,s,Question,0
What,what,s,,0
troops,troops,s,SenseObject,0
conduct,conduct,s,DirectAddress,0
you,you,s,DirectAddress,1
to,to,s,,0
the,the,s,SenseObject,0
bar,bar,c,SenseObject,1
?,?,s,Question,0
What,what,s,,0
venison,venison,s,SenseObject,0
sent,sent,s,SceneShift,0
to,to,s,SceneShift,1
your,your,n,DirectAddress,0
feafts,feafts,c,UNRECOGNIZED,0
?,?,s,Question,0
What,what,s,,0
respect,respect,s,StandardsPos,0
and,and,s,,0
entertainment,entertainment,s,Positivity,0
if,if,s,Contingency,0
you,you,s,DirectAddress,0
vouchsase,vouchsase,s,UNRECOGNIZED,0
to,to,s,,0
visit,visit,s,SceneShift,0
their,their,n,SceneShift,1
country,country,s,AbstractConcepts,0
houses,houses,c,SenseObject,0
?,?,s,Question,0
And,and,s,TimeShift,0
finally,finally,c,TimeShift,1
",",",",s,,0
what,what,s,,0
honor,honor,s,StandardsPos,0
and,and,s,,0
homage,homage,s,StandardsPos,0
can,can,s,Contingency,0
be,be,s,Contingency,1
done,done,s,Contingency,2
to,to,s,Contingency,3
subjects,subjects,c,LangRef,0
",",",",n,Resistance,0
but,but,s,Resistance,1
you,you,s,DirectAddress,0
have,have,s,DirectAddress,1
it,it,s,,0
in,in,s,Generalization,0
all,all,s,Generalization,1
fulness,fulness,c,UNRECOGNIZED,0
",",",",s,,0
and,and,s,Resistance,0
yet,yet,s,Resistance,1
you,you,s,DirectAddress,0
whine,whine,s,Negativity,0
as,as,s,DenyDisclaim,0
not,not,s,DenyDisclaim,1
contented,contented,c,Positivity,0
.,.,s,,0
I,i,s,FirstPer,0
perceive,perceive,n,PrivateThinking,0
you,you,s,DirectAddress,0
would,would,s,DirectAddress,1
murmr,murmr,s,UNRECOGNIZED,0
if,if,s,Contingency,0
you,you,s,Contingency,1
were,were,s,Contingency,2
so,so,s,,0
handled,handled,s,ReportingEvents,0
as,as,s,,0
poor,poor,s,Negativity,0
merchants,merchants,s,PersonProperty,0
are,are,c,ReportingStates,0
",",",",s,,0
that,that,s,,0
unless,unless,n,Contingency,0
we,we,s,,0
turn,turn,s,,0
Usurers,usurers,c,StandardsNeg,0
",",",",s,,0
we,we,s,Insist,0
cannot,cannot,s,Insist,1
live,live,nnn,,0
You,you,s,DirectAddress,0
complain,complain,s,Negative_Relation,0
without,without,s,Contingency,0
cause,cause,s,Cause,0
Mureto,mureto,c,UNRECOGNIZED,0
.,.,s,,0
Your,your,s,DirectAddress,0
case,case,s,AbstractConcepts,0
is,is,s,ReportingStates,0
far,far,s,Positivity,0
better,better,s,Positivity,1
then,then,s,,0
ours,ours,c,Inclusive,0
:,:,s,,0
for,for,n,Contingency,0
if,if,s,Contingency,1
one,one,s,Numbers,0
country,country,s,AbstractConcepts,0
or,or,s,,0
commodity,commodity,s,AbstractConcepts,0
afford,afford,s,Positivity,0
not,not,s,DenyDisclaim,0
gain,gain,c,,0
",",",",s,,0
you,you,s,DirectAddress,0
can,can,s,Contingency,0
go,go,s,ReportingEvents,0
into,into,s,ReportingEvents,1
another,another,c,Specifiers,0
",",",",s,,0
and,and,n,,0
choppe,choppe,s,UNRECOGNIZED,0
and,and,s,,0
change,change,s,Transformation,0
as,as,s,RecurringEvents,0
often,often,s,RecurringEvents,1
as,as,s,RecurringEvents,2
you,you,s,DirectAddress,0
list,list,c,,0
.,.,s,,0
We,we,s,ReportingStates,0
are,are,s,ReportingStates,1
tied,tied,s,ReportingEvents,0
to,to,s,,0
one,one,s,Numbers,0
country,country,s,AbstractConcepts,0
and,and,s,,0
place,place,c,SpaceRelation,0
.,.,n,,0
You,you,s,DirectAddress,0
may,may,s,DirectAddress,1
offer,offer,s,ReportingEvents,0
your,your,s,DirectAddress,0
wares,wares,c,SenseObject,0
*,*,s,,0
and,and,s,,0
are,are,s,Confidence,0
sure,sure,s,Confidence,1
to,to,s,Confidence,2
have,have,s,,0
traffic,traffic,s,SenseObject,0
as,as,s,,0
the,the,s,TimeDuration,0
times,times,s,TimeDuration,1
and,and,n,,0
prices,prices,s,AbstractConcepts,0
be,be,c,ReportingStates,0
.,.,s,,0
We,we,s,,0
may,may,s,Contingency,0
not,not,s,DenyDisclaim,0
tender,tender,s,Positivity,0
our,our,s,Inclusive,0
service,service,s,StandardsPos,0
to,to,s,StandardsPos,1
any,any,c,,0
",",",",s,Resistance,0
but,but,s,Resistance,1
sit,sit,s,SenseProperty,0
gaping,gaping,s,Motions,0
in,in,s,Inclusive,0
our,our,n,Inclusive,1
chambers,chambers,c,SenseObject,0
",",",",s,,0
as,as,s,,0
melancholicke,melancholicke,s,UNRECOGNIZED,0
as,as,s,,0
mice,mice,c,SenseObject,0
",",",",s,,0
until,until,s,TimeDuration,0
some,some,s,Uncertainty,0
body,body,s,SenseObject,0
chance,chance,s,Contingency,0
to,to,s,,0
knock,knock,s,SenseProperty,0
at,at,s,SenseProperty,1
the,the,n,SenseProperty,2
door,door,nnn,SenseProperty,3
It,it,s,,0
is,is,s,Positivity,0
merry,merry,s,Positivity,1
when,when,s,,0
fishermen,fishermen,s,PersonProperty,0
complain,complain,s,Negative_Relation,0
of,of,s,Negative_Relation,1
Heringmen,heringmen,c,UNRECOGNIZED,0
.,.,s,,0
Surely,surely,s,Confidence,0
the,the,s,,0
world,world,s,AbstractConcepts,0
might,might,n,Contingency,0
well,well,s,SenseObject,0
spare,spare,s,SenseProperty,0
of,of,s,,0
both,both,s,,0
sorts,sorts,s,AbstractConcepts,0
of,of,s,AbstractConcepts,1
you,you,s,DirectAddress,0
a,a,s,Intensity,0
great,great,s,Intensity,1
number,number,c,AbstractConcepts,0
.,.,s,,0
Concerning,concerning,s,DirectAddress,0
you,you,s,DirectAddress,1
Master,master,s,PersonProperty,0
Mureto,mureto,c,UNRECOGNIZED,0
",",",",n,,0
it,it,s,Metadiscourse,0
is,is,s,Metadiscourse,1
clear,clear,s,Metadiscourse,2
that,that,s,Metadiscourse,3
you,you,s,DirectAddress,0
play,play,s,ReportingEvents,0
the,the,s,,0
merchant,merchant,s,PersonProperty,0
with,with,s,Inclusive,0
us,us,c,Inclusive,1
",",",",s,,0
who,who,s,,0
bite,bite,s,Motions,0
and,and,s,,0
whine,whine,s,Negativity,0
at,at,s,SpaceRelation,0
your,your,n,SpaceRelation,1
impositions,impositions,c,StandardsNeg,0
.,.,s,Concessive,0
although,although,s,Concessive,1
you,you,s,DirectAddress,0
lose,lose,s,Negativity,0
nothing,nothing,c,DenyDisclaim,0
;,;,s,Resistance,0
but,but,s,Resistance,1
the,the,s,Specifiers,0
whole,whole,s,Specifiers,1
burden,burden,s,Negativity,0
thereof,thereof,s,CommonAuthorities,0
falls,falls,n,Contingency,0
upon,upon,s,Contingency,1
them,them,s,Contingency,2
who,who,s,,0
spend,spend,s,ReportingEvents,0
the,the,s,ReportingEvents,1
commodities,commodities,c,AbstractConcepts,0
",",",",s,,0
and,and,s,,0
must,must,s,Insist,0
ere,ere,s,ProjectBack,0
they,they,s,,0
buy,buy,c,ReportingEvents,0
",",",",s,,0
pay,pay,s,ReportingEvents,0
the,the,s,ReportingEvents,1
shot,shot,s,ReportingEvents,2
of,of,n,DirectAddress,0
your,your,s,DirectAddress,1
impositions,impositions,s,StandardsNeg,0
whatsoever,whatsoever,s,Intensity,0
it,it,s,Contingency,0
be,be,nn,Contingency,1
And,and,s,,0
for,for,s,DirectAddress,0
you,you,s,DirectAddress,1
Master,master,s,PersonProperty,0
Lawyer,lawyer,c,PersonProperty,0
",",",",s,,0
that,that,s,,0
grow,grow,s,Transformation,0
fat,fat,s,Transformation,1
with,with,s,Specifiers,0
the,the,s,Specifiers,1
drops,drops,s,,0
which,which,s,,0
falls,falls,s,Negativity,0
from,from,s,Negativity,1
other,other,n,Specifiers,0
men's,men's,s,PersonProperty,0
brows,brows,c,SenseObject,0
",",",",s,,0
and,and,s,Positivity,0
be,be,s,Positivity,1
merry,merry,s,Positivity,2
with,with,s,Specifiers,0
the,the,s,Specifiers,1
frets,frets,s,Negativity,0
that,that,s,,0
gall,gall,s,AbstractConcepts,0
the,the,s,,0
Clyents,clyents,s,UNRECOGNIZED,0
hearts,hearts,c,SenseObject,0
:,:,s,,0
whose,whose,n,PersonPronoun,0
grief,grief,s,Sad,0
is,is,s,Generalization,0
always,always,s,Generalization,1
to,to,s,,0
hear,hear,s,SubjectivePercept,0
of,of,s,SubjectivePercept,1
peace,peace,s,StandardsPos,0
and,and,s,,0
charity,charity,c,StandardsPos,0
;,;,s,,0
and,and,s,,0
rejoice,rejoice,s,Positivity,0
with,with,s,Positivity,1
the,the,s,,0
Fox,fox,c,SenseObject,0
",",",",s,,0
that,that,n,,0
the,the,s,SenseObject,0
hens,hens,s,SenseObject,1
fall,fall,s,Motions,0
out,out,s,Motions,1
for,for,s,,0
their,their,s,PersonPronoun,0
perch,perch,c,SpaceRelation,0
:,:,s,Question,0
what,what,s,Question,1
faul,faul,c,UNRECOGNIZED,0
^,^,s,UNRECOGNIZED,0
find,find,s,DirectAddress,0
you,you,s,DirectAddress,1
with,with,s,Specifiers,0
this,this,s,Specifiers,1
world,world,s,AbstractConcepts,0
that,that,n,ProjectBack,0
was,was,s,ProjectBack,1
never,never,s,Intensity,0
so,so,s,Intensity,1
rich,rich,s,StandardsPos,0
with,with,s,StandardsPos,1
envy,envy,c,Negative_Relation,0
",",",",s,,0
and,and,s,,0
full,full,s,Specifiers,0
of,of,s,Specifiers,1
suits,suits,c,SenseObject,0
?,?,s,Question,0
You,you,s,DirectAddress,0
are,are,s,DirectAddress,1
like,like,s,Resemblances,0
the,the,s,Resemblances,1
bo^e,bo^e,s,UNRECOGNIZED,0
among,among,n,,0
gamesters,gamesters,c,PersonProperty,0
",",",",s,Aside,0
which,which,s,Aside,1
gains,gains,s,StandardsPos,0
whosoever,whosoever,s,Intensity,0
lose,lose,c,Negativity,0
.,.,s,Resistance,0
But,but,s,Resistance,1
if,if,s,Contingency,0
all,all,s,,0
men,men,s,PersonProperty,0
were,were,s,ProjectBack,0
of,of,s,,0
my,my,s,FirstPer,0
temper,temper,c,AbstractConcepts,0
",",",",s,,0
I,i,n,SelfDisclosure,0
would,would,s,SelfDisclosure,1
make,make,s,DirectAddress,0
you,you,s,DirectAddress,1
leap,leap,s,Motions,0
a,a,s,,0
yard,yard,s,SenseObject,0
high,high,s,,0
for,for,s,,0
a,a,s,,0
groate,groate,nnn,UNRECOGNIZED,0
What,what,c,,0
",",",",s,,0
a,a,s,Specifiers,0
whole,whole,s,Specifiers,1
yard,yard,c,SenseObject,0
?,?,s,Question,0
what,what,s,Curiosity,0
if,if,s,Curiosity,1
I,i,s,FirstPer,0
were,were,s,ProjectBack,0
never,never,s,DenyDisclaim,0
at,at,s,SpaceRelation,0
the,the,s,SpaceRelation,1
dancing,dancing,s,AbstractConcepts,0
school,school,c,AbstractConcepts,1
",",",",s,,0
and,and,s,,0
cannot,cannot,n,DenyDisclaim,0
caper,caper,s,Motions,0
so,so,s,Intensity,0
high,high,nnn,Intensity,1
Then,then,s,,0
thou,thou,s,DirectAddress,0
should,should,s,Insist,0
have,have,s,,0
but,but,s,Resistance,0
two,two,s,Numbers,0
pence,pence,c,AbstractConcepts,0
.,.,nnn,,0
Nay,nay,c,OralCues,0
;,;,s,,0
I,i,s,FirstPer,0
know,know,s,Confidence,0
a,a,s,Confidence,1
trick,trick,s,Confidence,2
worth,worth,s,Confidence,3
two,two,s,Confidence,4
of,of,s,Confidence,5
that,that,c,Confidence,6
.,.,s,,0
For,for,s,Contingency,0
if,if,s,Contingency,1
our,our,s,Inclusive,0
craft,craft,s,SenseObject,0
fail,fail,c,StandardsNeg,0
",",",",s,,0
I,i,s,FirstPer,0
Will,will,s,PredictedFuture,0
turn,turn,n,,0
minister,minister,c,CommonAuthorities,0
:,:,s,,0
and,and,s,,0
that,that,s,,0
I,i,s,SelfDisclosure,0
am,am,s,SelfDisclosure,1
sure,sure,s,Confidence,0
will,will,s,PredictedFuture,0
not,not,s,PredictedFuture,1
deca,deca,c,UNRECOGNIZED,0
^,^,nnn,UNRECOGNIZED,0
Woe,woe,s,Sad,0
be,be,s,Intensity,0
to,to,s,Intensity,1
that,that,s,,0
P,p,c,LangRef,0
^^,^^,c,UNRECOGNIZED,0
ish,ish,s,UNRECOGNIZED,0
that,that,s,,0
shall,shall,s,ProjectAhead,0
have,have,s,ReportingEvents,0
a,a,s,ReportingEvents,1
Lawyer,lawyer,s,PersonProperty,0
to,to,s,,0
their,their,s,PersonPronoun,0
Pastor,pastor,c,PersonProperty,0
*,*,s,,0
some,some,s,Uncertainty,0
be,be,n,Updates,0
already,already,s,Updates,1
troubled,troubled,s,Negativity,0
sufficiently,sufficiently,s,StandardsPos,0
with,with,s,,0
citations,citations,c,AbstractConcepts,0
;,;,s,,0
they,they,s,,0
need,need,s,Insist,0
no,no,s,Insist,1
common,common,s,CommonAuthorities,0
Law,law,s,CommonAuthorities,1
writs,writs,c,CommonAuthorities,0
.,.,n,DirectAddress,0
And,and,s,DirectAddress,1
without,without,s,Contingency,0
a,a,s,Contingency,1
capias,capias,s,CommonAuthorities,0
vtlegaium,vtlegaium,c,UNRECOGNIZED,0
",",",",s,,0
a,a,s,,0
Lawyer,lawyer,s,PersonProperty,0
can,can,s,Contingency,0
never,never,s,DenyDisclaim,0
preach,preach,nnn,Intensity,0
Who,who,s,,0
can,can,s,Contingency,0
endure,endure,s,Contingency,1
this,this,s,,0
filthy,filthy,s,Negativity,0
Farmer,farmer,s,PersonProperty,0
to,to,s,,0
rail,rail,s,SenseObject,0
as,as,s,TimeDuration,0
he,he,s,TimeDuration,1
does,does,s,ReportingEvents,0
at,at,s,Motions,0
us,us,s,Motions,1
two,two,s,Numbers,0
Mureto,mureto,c,UNRECOGNIZED,0
?,?,s,Question,0
Let,let,n,DirectAddress,0
us,us,s,DirectAddress,1
set,set,s,Immediacy,0
upon,upon,s,Immediacy,1
him,him,c,PersonPronoun,0
.,.,s,,0
Are,are,s,DirectAddress,0
you,you,s,DirectAddress,1
so,so,s,Positivity,0
free,free,s,Positivity,1
without,without,s,Contingency,0
fault,fault,s,StandardsNeg,0
Master,master,s,PersonProperty,0
Granate,granate,c,UNRECOGNIZED,0
",",",",s,,0
that,that,s,DirectAddress,0
you,you,s,DirectAddress,1
may,may,n,Contingency,0
throw,throw,s,DirectAddress,0
your,your,s,DirectAddress,1
stones,stones,s,SenseObject,0
so,so,s,,0
thick,thick,s,SenseProperty,0
at,at,s,,0
others,others,c,Uncertainty,0
?,?,s,Question,0
Belike,belike,s,Contingency,0
no,no,s,DenyDisclaim,0
complaints,complaints,s,Negative_Relation,0
are,are,s,ReportingStates,0
made,made,s,ReportingEvents,0
against,against,n,Resistance,0
you,you,s,Resistance,1
for,for,s,,0
hoording,hoording,s,UNRECOGNIZED,0
up,up,s,,0
co^ne,co^ne,s,UNRECOGNIZED,0
against,against,s,Resistance,0
a,a,s,Resistance,1
dear,dear,s,Positivity,0
year,year,c,TimeDuration,0
",",",",s,ReasonForward,0
for,for,s,ReasonForward,1
selling,selling,s,ReportingEvents,0
to,to,s,ReportingEvents,1
badgers,badgers,s,SenseObject,0
at,at,s,SpaceRelation,0
a,a,n,SpaceRelation,1
dear,dear,s,Positivity,0
rate,rate,c,AbstractConcepts,0
",",",",s,,0
and,and,s,DenyDisclaim,0
not,not,s,DenyDisclaim,1
serving,serving,s,ReportingEvents,0
the,the,s,,0
market,market,c,AbstractConcepts,0
:,:,s,,0
for,for,s,,0
mingling,mingling,s,SpaceRelation,0
bad,bad,s,Negativity,0
corn,corn,s,SenseObject,0
with,with,s,Specifiers,0
the,the,s,Specifiers,1
good,good,c,,0
",",",",n,,0
and,and,s,,0
foul,foul,s,Negativity,0
dressing,dressing,s,SenseObject,0
of,of,s,StandardsPos,0
the,the,s,StandardsPos,1
best,best,c,StandardsPos,2
.,.,s,,0
For,for,s,,0
deceitful,deceitful,s,Anger,0
plowing,plowing,s,Motions,0
your,your,s,DirectAddress,0
neighbors,neighbors,s,PersonProperty,0
ground,ground,n,SenseObject,0
that,that,s,,0
hires,hires,s,ReportingEvents,0
you,you,s,DirectAddress,0
at,at,s,SpaceRelation,0
a,a,s,SpaceRelation,1
hard,hard,s,,0
rate,rate,c,AbstractConcepts,0
",",",",s,Aside,0
which,which,s,Aside,1
makes,makes,s,ReportingEvents,0
the,the,s,PersonProperty,0
poor,poor,s,PersonProperty,1
man,man,s,PersonProperty,2
weep,weep,s,Sad,0
at,at,s,,0
harvest,harvest,c,GenericEvents,0
.,.,n,Metadiscourse,0
Besides,besides,s,Metadiscourse,1
many,many,s,,0
other,other,s,Specifiers,0
country,country,s,AbstractConcepts,0
tricks,tricks,s,SubjectivePercept,0
which,which,s,,0
breed,breed,s,AbstractConcepts,0
new,new,s,,0
cases,cases,s,AbstractConcepts,0
among,among,s,,0
old,old,s,SenseProperty,0
Lawyers,lawyers,c,PersonProperty,0
",",",",n,Aside,0
which,which,s,Aside,1
I,i,s,ReceivedPOV,0
could,could,s,ReceivedPOV,1
argue,argue,s,ReceivedPOV,2
upon,upon,s,,0
an,an,s,TimeDuration,0
hour,hour,s,TimeDuration,1
together,together,c,Inclusive,0
",",",",s,,0
if,if,s,Contingency,0
I,i,s,Contingency,1
were,were,s,Contingency,2
not,not,s,DenyDisclaim,0
presently,presently,s,TimeShift,0
to,to,s,SceneShift,0
go,go,s,SceneShift,1
to,to,n,SceneShift,2
the,the,s,SenseObject,0
hall,hall,s,SenseObject,1
to,to,s,,0
move,move,s,SceneShift,0
in,in,s,SceneShift,1
the,the,s,SenseObject,0
Kings,kings,s,SenseObject,1
beneh,beneh,s,UNRECOGNIZED,0
upon,upon,s,,0
an,an,s,,0
e^ectione,e^ectione,s,UNRECOGNIZED,0
firm,firm,nnn,,0
By,by,s,,0
lakin,lakin,s,UNRECOGNIZED,0
(,(,c,,0
Master,master,s,PersonProperty,0
Granato,granato,c,UNRECOGNIZED,0
),),s,,0
you,you,s,DirectAddress,0
had,had,s,DirectAddress,1
been,been,s,ProjectBack,0
as,as,s,,0
good,good,s,,0
held,held,s,DirectAddress,0
your,your,s,DirectAddress,1
peace,peace,s,DirectAddress,2
as,as,s,,0
buckl'd,buckl'd,s,UNRECOGNIZED,0
with,with,n,Specifiers,0
a,a,s,Specifiers,1
Lawyer,lawyer,c,PersonProperty,0
.,.,s,,0
I,i,s,FirstPer,0
swea^e,swea^e,s,UNRECOGNIZED,0
he,he,s,Neutral_Attribution,0
has,has,s,Neutral_Attribution,1
in,in,s,,0
few,few,s,SubjectivePercept,0
words,words,s,LangRef,0
touched,touched,s,SenseProperty,0
you,you,s,DirectAddress,0
to,to,s,SubjectivePercept,0
the,the,s,SubjectivePercept,1
quick,quick,c,SubjectivePercept,2
",",",",s,,0
and,and,s,,0
done,done,s,ReportingStates,0
you,you,n,DirectAddress,0
no,no,s,DenyDisclaim,0
^,^,c,UNRECOGNIZED,0
rong,rong,s,UNRECOGNIZED,0
neither,neither,s,DenyDisclaim,0
in,in,s,,0
mine,mine,s,FirstPer,0
opinion,opinion,c,SubjectivePercept,0
:,:,s,,0
but,but,s,Resistance,0
we,we,s,,0
will,will,s,PredictedFuture,0
adiourne,adiourne,s,UNRECOGNIZED,0
this,this,s,,0
disputation,disputation,s,Resistance,0
until,until,n,TimeDuration,0
our,our,s,Inclusive,0
next,next,s,Sequence,0
meeting,meeting,c,GenericEvents,0
",",",",s,,0
and,and,s,,0
in,in,s,,0
the,the,s,,0
mean,mean,s,AbstractConcepts,0
time,time,s,AbstractConcepts,1
provide,provide,s,StandardsPos,0
your,your,s,DirectAddress,0
self,self,s,SubjectivePercept,0
for,for,s,Positivity,0
a,a,s,Positivity,1
better,better,s,Positivity,2
defense,defense,nnn,AbstractConcepts,0
Sir,sir,c,PersonProperty,0
",",",",s,,0
Master,master,s,PersonProperty,0
Eloc,eloc,s,UNRECOGNIZED,0
and,and,s,,0
the,the,s,,0
Knight,knight,s,PersonProperty,0
have,have,s,,0
given,given,s,ReportingStates,0
me,me,s,FirstPer,0
a,a,s,SenseObject,0
copy,copy,s,SenseObject,1
of,of,s,,0
their,their,s,SubjectivePercept,0
account,account,c,SubjectivePercept,1
",",",",s,,0
and,and,n,,0
according,according,s,Citations,0
to,to,s,Citations,1
your,your,s,Responsibility,0
charge,charge,c,Responsibility,1
",",",",s,,0
and,and,s,,0
their,their,s,PersonPronoun,0
defense,defense,s,AbstractConcepts,0
I,i,s,SelfDisclosure,0
have,have,s,SelfDisclosure,1
drawn,drawn,s,ReportingEvents,0
bill,bill,s,AbstractConcepts,0
and,and,s,,0
answer,answer,c,Specifiers,0
.,.,s,,0
I,i,n,SelfDisclosure,0
have,have,s,SelfDisclosure,1
showed,showed,s,ReportingEvents,0
it,it,s,,0
them,them,c,,0
;,;,s,,0
they,they,s,,0
liked,liked,s,Positivity,0
it,it,c,,0
",",",",s,,0
and,and,s,,0
wish,wish,s,SubjectivePercept,0
it,it,s,Insist,0
should,should,s,Insist,1
be,be,s,Insist,2
engrossed,engrossed,c,PrivateThinking,0
",",",",s,,0
and,and,s,,0
put,put,n,ReportingEvents,0
into,into,s,ReportingEvents,1
the,the,s,CommonAuthorities,0
Court,court,c,CommonAuthorities,1
",",",",s,,0
they,they,s,,0
will,will,s,PredictedFuture,0
depose,depose,s,CommonAuthorities,0
the,the,s,Confidence,0
answer,answer,s,Confidence,1
is,is,s,Confidence,2
true,true,nn,StandardsPos,0
Is,is,s,Question,0
it,it,s,Question,1
so,so,c,,0
?,?,s,Question,0
well,well,c,OralCues,0
",",",",s,OralCues,1
give,give,s,ReportingEvents,0
me,me,s,ReportingEvents,1
them,them,c,,0
.,.,s,,0
If,if,s,Contingency,0
I,i,s,SelfDisclosure,0
find,find,s,SelfDisclosure,1
them,them,s,SelfDisclosure,2
in,in,s,Specifiers,0
that,that,s,Specifiers,1
forwardness,forwardness,s,SubjectivePercept,0
I,i,s,FirstPer,0
will,will,s,PredictedFuture,0
take,take,n,SubjectivePercept,0
their,their,s,SubjectivePercept,1
word,word,c,SubjectivePercept,2
",",",",s,,0
and,and,s,,0
end,end,s,Sequence,0
it,it,s,,0
with,with,s,Positivity,0
kindness,kindness,c,Positivity,1
.,.,s,,0
Proberio,proberio,c,UNRECOGNIZED,0
",",",",s,,0
you,you,s,Insist,0
must,must,s,Insist,1
remove,remove,s,ReportingEvents,0
your,your,s,DirectAddress,0
trunkes,trunkes,s,UNRECOGNIZED,0
and,and,n,,0
stuff,stuff,s,Uncertainty,0
presently,presently,c,TimeShift,0
.,.,s,,0
I,i,s,FirstPer,0
will,will,s,PredictedFuture,0
clear,clear,s,,0
my,my,s,FirstPer,0
chambers,chambers,s,SenseObject,0
from,from,s,Generalization,0
all,all,s,Generalization,1
men,men,s,PersonProperty,0
but,but,s,Resistance,0
my,my,s,FirstPer,0
self,self,nnn,SubjectivePercept,0
What,what,c,Question,0
?,?,s,Question,1
just,just,s,Intensity,0
so,so,s,Intensity,1
soon,soon,s,ProjectAhead,0
as,as,s,SelfDisclosure,0
I,i,s,SelfDisclosure,1
have,have,s,ReportingEvents,0
done,done,s,ReportingEvents,1
all,all,s,DirectAddress,0
your,your,s,DirectAddress,1
business,business,s,AbstractConcepts,0
must,must,s,Insist,0
I,i,s,FirstPer,0
be,be,s,ReportingStates,0
gone,gone,c,ReportingStates,0
",",",",s,ReportingStates,1
you,you,n,DirectAddress,0
might,might,s,DirectAddress,1
have,have,s,,0
suffered,suffered,s,Negativity,0
me,me,s,FirstPer,0
until,until,s,TimeDuration,0
you,you,s,DirectAddress,0
go,go,s,SceneShift,0
out,out,s,SceneShift,1
of,of,s,SceneShift,2
town,town,c,SceneShift,3
",",",",s,,0
if,if,s,Contingency,0
then,then,s,Sequence,0
you,you,s,Sequence,1
will,will,s,PredictedFuture,0
needs,needs,n,Insist,0
have,have,s,Cause,0
me,me,s,Cause,1
remove,remove,c,ReportingEvents,0
.,.,s,,0
You,you,s,DirectAddress,0
were,were,s,ProjectBack,0
wont,wont,s,SubjectivePercept,0
to,to,s,ProjectAhead,0
let,let,s,ProjectAhead,1
me,me,s,FirstPer,0
lie,lie,s,Motions,0
here,here,s,SpaceRelation,0
a,a,s,TimeDuration,0
week,week,s,TimeDuration,1
after,after,c,TimeDuration,2
",",",",s,,0
or,or,s,,0
as,as,s,TimeDuration,0
long,long,s,TimeDuration,1
as,as,n,TimeDuration,2
I,i,s,FirstPer,0
needed,needed,c,ReportingStates,0
.,.,s,ReportingStates,1
Mary,mary,s,PersonProperty,0
now,now,s,Immediacy,0
I,i,s,Metadiscourse,0
find,find,s,Metadiscourse,1
the,the,s,ReasonBackward,0
cause,cause,s,ReasonBackward,1
of,of,s,ReasonBackward,2
that,that,s,Specifiers,0
to,to,s,Specifiers,1
be,be,c,Specifiers,2
",",",",s,,0
that,that,s,DirectAddress,0
you,you,s,DirectAddress,1
had,had,s,ProjectBack,0
then,then,s,,0
some,some,n,Uncertainty,0
business,business,s,AbstractConcepts,0
for,for,s,SelfDisclosure,0
me,me,s,SelfDisclosure,1
to,to,s,,0
do,do,nnn,Intensity,0
Yes,yes,c,DirectAddress,0
;,;,s,Resistance,0
but,but,s,Resistance,1
I,i,s,FirstPer,0
purpose,purpose,s,ProjectAhead,0
to,to,s,,0
sell,sell,s,GenericEvents,0
my,my,s,FirstPer,0
lodgings,lodgings,c,AbstractConcepts,0
",",",",s,,0
and,and,s,,0
I,i,s,Insist,0
must,must,s,Insist,1
have,have,s,Insist,2
them,them,s,,0
out,out,c,,0
.,.,nnn,Question,0
Where,where,s,Question,1
shall,shall,s,Future_Question,0
I,i,s,Future_Question,1
lie,lie,s,Motions,0
this,this,s,Immediacy,0
night,night,c,Immediacy,1
",",",",s,,0
being,being,s,ReportingStates,0
suddenly,suddenly,s,Immediacy,0
unprovided,unprovided,c,StandardsNeg,0
?,?,s,Question,0
and,and,s,,0
whither,whither,s,ProjectAhead,0
shall,shall,s,ProjectAhead,1
I,i,n,FirstPer,0
carry,carry,s,Motions,0
my,my,s,FirstPer,0
stuff,stuff,nnn,Uncertainty,0
You,you,s,Insist,0
shall,shall,s,Insist,1
have,have,s,ReportingEvents,0
a,a,s,ReportingEvents,1
bed,bed,s,SenseObject,0
at,at,s,SpaceRelation,0
the,the,s,SpaceRelation,1
Inn,inn,s,SpaceRelation,2
where,where,s,,0
my,my,s,FirstPer,0
horses,horses,s,SenseObject,0
stand,stand,c,AbstractConcepts,0
.,.,s,DirectAddress,0
And,and,s,DirectAddress,1
your,your,s,DirectAddress,0
stuff,stuff,s,DirectAddress,1
may,may,s,Contingency,0
be,be,n,Contingency,1
put,put,s,ReportingEvents,0
in,in,s,ReportingEvents,1
the,the,s,ReportingEvents,2
out,out,s,,0
room,room,c,SenseObject,0
",",",",s,,0
near,near,s,SpaceRelation,0
the,the,s,SpaceRelation,1
garden,garden,nnn,SenseObject,0
There,there,s,SpaceRelation,0
they,they,s,SpaceRelation,1
may,may,s,Fear,0
be,be,s,Fear,1
stolen,stolen,c,Fear,2
;,;,s,Resistance,0
but,but,s,Resistance,1
I,i,s,Insist,0
must,must,s,Insist,1
be,be,s,Insist,2
content,content,c,AbstractConcepts,0
",",",",s,,0
(,(,c,,0
though,though,s,Concessive,0
not,not,s,DenyDisclaim,0
pleased,pleased,c,Positivity,0
),),s,,0
if,if,n,Contingency,0
there,there,s,Contingency,1
be,be,s,Contingency,2
no,no,s,DenyDisclaim,0
remedy,remedy,nnn,StandardsPos,0
You,you,s,StandardsPos,1
owe,owe,s,ReportingEvents,0
me,me,s,FirstPer,0
six,six,s,Numbers,0
pound,pound,c,Numbers,1
;,;,s,,0
you,you,s,Insist,0
must,must,s,Insist,1
provide,provide,s,StandardsPos,0
it,it,s,,0
presently,presently,c,TimeShift,0
",",",",s,,0
or,or,s,Contingency,0
else,else,s,Contingency,1
I,i,s,FirstPer,0
will,will,s,PredictedFuture,0
arrest,arrest,n,ReportingEvents,0
your,your,s,DirectAddress,0
sureties,sureties,nnn,Confidence,0
That,that,s,,0
six,six,s,Numbers,0
pound,pound,s,Numbers,1
I,i,s,FirstPer,0
do,do,s,DenyDisclaim,0
not,not,s,DenyDisclaim,1
owe,owe,c,ReportingEvents,0
",",",",s,,0
although,although,s,Concessive,0
you,you,s,DirectAddress,0
got,got,s,DirectAddress,1
my,my,s,FirstPer,0
bond,bond,s,AbstractConcepts,0
for,for,s,,0
it,it,s,,0
by,by,s,,0
a,a,s,Intensity,0
very,very,s,Intensity,1
hard,hard,n,,0
and,and,s,,0
undue,undue,s,StandardsNeg,0
course,course,c,AbstractConcepts,0
.,.,s,DirectAddress,0
And,and,s,DirectAddress,1
to,to,s,,0
this,this,s,,0
I,i,s,FirstPer,0
will,will,s,PredictedFuture,0
depose,depose,c,CommonAuthorities,0
.,.,s,DirectAddress,0
And,and,s,DirectAddress,1
if,if,s,Contingency,0
I,i,s,FirstPer,0
did,did,c,ReportingStates,0
",",",",s,ReportingStates,1
I,i,s,DirectAddress,0
hope,hope,s,DirectAddress,1
you,you,s,DirectAddress,2
will,will,s,PredictedFuture,0
not,not,n,PredictedFuture,1
exact,exact,s,ReportingEvents,0
it,it,c,,0
",",",",s,,0
having,having,s,ReportingEvents,0
received,received,s,ReportingEvents,0
such,such,s,Intensity,0
kindness,kindness,s,StandardsPos,0
heretofore,heretofore,s,ProjectBack,0
from,from,s,SelfDisclosure,0
me,me,s,SelfDisclosure,1
when,when,s,Autobio,0
I,i,s,Autobio,1
was,was,s,Autobio,2
able,able,c,StandardsPos,0
",",",",n,,0
and,and,s,,0
you,you,s,DirectAddress,0
in,in,s,,0
extreme,extreme,s,Intensity,0
need,need,s,Insist,0
thereof,thereof,c,CommonAuthorities,0
",",",",s,,0
and,and,s,Immediacy,0
now,now,s,Immediacy,1
doing,doing,s,DirectAddress,0
you,you,s,DirectAddress,1
so,so,s,Intensity,0
many,many,s,Intensity,1
services,services,nnn,StandardsPos,0
Tell,tell,s,Citations,0
me,me,s,Citations,1
nothing,nothing,s,StandardsNeg,0
of,of,s,StandardsNeg,1
that,that,c,,0
;,;,s,,0
you,you,s,DirectAddress,0
have,have,s,DirectAddress,1
been,been,s,ProjectBack,0
satisfied,satisfied,s,StandardsPos,0
in,in,s,DirectAddress,0
your,your,s,DirectAddress,1
diet,diet,s,AbstractConcepts,0
and,and,s,,0
lodging,lodging,s,Motions,0
to,to,n,,0
a,a,s,Positivity,0
better,better,s,Positivity,1
value,value,nnn,StandardsPos,0
In,in,s,,0
lodging,lodging,c,Motions,0
?,?,s,Question,0
I,i,s,SelfDisclosure,0
am,am,s,SelfDisclosure,1
ashamed,ashamed,s,Sad,0
to,to,s,,0
hear,hear,s,SpaceRelation,0
such,such,s,Specifiers,0
a,a,s,Specifiers,1
word,word,c,LangRef,0
",",",",s,,0
(,(,c,,0
though,though,s,Concessive,0
you,you,s,DirectAddress,0
be,be,s,DirectAddress,1
not,not,s,DenyDisclaim,0
to,to,s,DenyDisclaim,1
allege,allege,n,Neg_Citation,0
so,so,s,,0
base,base,s,ReportingEvents,0
a,a,s,ReportingEvents,1
reckoning,reckoning,c,PrivateThinking,0
),),s,,0
I,i,s,Autobio,0
had,had,s,Autobio,1
always,always,s,SubjectiveTime,0
my,my,s,SelfDisclosure,0
own,own,s,SelfDisclosure,1
sheets,sheets,c,SenseObject,0
",",",",s,,0
except,except,s,Exceptions,0
sometimes,sometimes,s,Contingency,0
when,when,s,,0
mine,mine,n,FirstPer,0
were,were,s,ProjectBack,0
finer,finer,c,Comparison,0
",",",",s,,0
you,you,s,DirectAddress,0
would,would,s,DirectAddress,1
change,change,s,Transformation,0
with,with,s,Transformation,1
me,me,s,FirstPer,0
for,for,s,,0
worse,worse,c,Negativity,0
.,.,s,DirectAddress,0
And,and,s,DirectAddress,1
the,the,s,Intensity,0
great,great,s,Intensity,1
diet,diet,s,AbstractConcepts,0
I,i,s,Autobio,0
had,had,s,Autobio,1
was,was,n,ProjectBack,0
sometimes,sometimes,s,Contingency,0
a,a,s,,0
piece,piece,s,SenseObject,0
of,of,s,SenseObject,1
chief,chief,c,CommonAuthorities,0
",",",",s,,0
and,and,s,,0
one,one,s,Numbers,0
egg,egg,c,SenseObject,0
;,;,s,,0
for,for,s,Specifiers,0
which,which,s,Specifiers,1
benefits,benefits,c,StandardsPos,0
",",",",s,,0
I,i,s,SelfDisclosure,0
have,have,n,SelfDisclosure,1
travailed,travailed,s,Negativity,0
like,like,s,Resemblances,0
a,a,s,Resemblances,1
Porter,porter,c,PersonProperty,0
",",",",s,,0
and,and,s,,0
written,written,s,ReportingStates,0
like,like,s,Resemblances,0
a,a,s,Resemblances,1
Clarke,clarke,c,UNRECOGNIZED,0
.,.,s,Question,0
Is,is,s,Question,1
this,this,s,Question,2
your,your,s,DirectAddress,0
gratitude,gratitude,s,Positivity,0
for,for,n,SubjectiveTime,0
good,good,s,SubjectiveTime,1
turns,turns,s,,0
past,past,c,AbstractConcepts,0
?,?,s,Question,0
and,and,s,,0
are,are,s,SubjectivePercept,0
all,all,s,SubjectivePercept,1
your,your,s,Promise,0
promises,promises,s,Promise,1
thus,thus,s,ReasonForward,0
performed,performed,nnn,ReportingEvents,0
How,how,c,Question,0
?,?,s,Question,1
gratitude,gratitude,c,Positivity,0
?,?,s,Question,0
every,every,s,Generalization,0
beggar,beggar,s,PersonProperty,0
talks,talks,s,Citations,0
of,of,s,Citations,1
gratitude,gratitude,c,Positivity,0
.,.,s,ReportingStates,0
It,it,s,ReportingStates,1
is,is,s,ReportingStates,2
for,for,s,Specifiers,0
such,such,s,Specifiers,1
as,as,s,DirectAddress,0
you,you,s,DirectAddress,1
to,to,s,,0
^,^,c,UNRECOGNIZED,0
ue,ue,n,UNRECOGNIZED,0
for,for,s,,0
mercy,mercy,c,StandardsPos,0
",",",",s,,0
not,not,s,DenyDisclaim,0
to,to,s,DenyDisclaim,1
talk,talk,s,Citations,0
of,of,s,Citations,1
gratitude,gratitude,c,Positivity,0
",",",",s,Aside,0
which,which,s,Aside,1
is,is,s,ReportingStates,0
among,among,s,,0
equals,equals,nnn,Comparison,0
These,these,s,ProjectBack,0
were,were,s,ProjectBack,1
not,not,s,DenyDisclaim,0
your,your,s,DirectAddress,0
words,words,s,LangRef,0
to,to,s,SelfDisclosure,0
me,me,c,SelfDisclosure,1
",",",",s,SelfDisclosure,2
when,when,s,DirectAddress,0
you,you,s,DirectAddress,1
were,were,s,ProjectBack,0
a,a,s,,0
beggar,beggar,c,PersonProperty,0
",",",",s,,0
and,and,s,,0
a,a,s,,0
borrower,borrower,s,PersonProperty,0
from,from,n,,0
m^e,m^e,c,UNRECOGNIZED,0
",",",",s,,0
and,and,s,,0
had,had,s,ProjectBack,0
need,need,s,Insist,0
of,of,s,,0
the,the,s,,0
poorest,poorest,s,StandardsNeg,0
help,help,c,Positivity,0
;,;,s,Resistance,0
but,but,s,Resistance,1
then,then,s,Sequence,0
you,you,s,Sequence,1
found,found,s,ReportingEvents,0
no,no,s,DenyDisclaim,0
beggar,beggar,s,PersonProperty,0
of,of,s,,0
me,me,c,FirstPer,0
",",",",n,Resistance,0
but,but,s,Resistance,1
your,your,s,Positivity,0
best,best,s,Positivity,1
friend,friend,nnn,Positivity,2
A,a,s,StandardsPos,0
proper,proper,s,StandardsPos,1
reckoning,reckoning,c,PrivateThinking,0
.,.,s,,0
This,this,s,,0
fellow,fellow,s,PersonProperty,0
looks,looks,s,ReportingEvents,0
for,for,s,ReportingEvents,1
recompense,recompense,c,RecurringEvents,0
.,.,s,Question,0
Why,why,c,Question,1
",",",",s,Question,2
he,he,s,ProjectBack,0
had,had,s,ProjectBack,1
my,my,n,FirstPer,0
countenance,countenance,s,SenseObject,0
which,which,s,,0
made,made,s,Cause,0
him,him,s,Cause,1
many,many,s,RecurringEvents,0
times,times,s,RecurringEvents,1
respected,respected,c,StandardsPos,0
.,.,s,DirectAddress,0
And,and,s,DirectAddress,1
I,i,s,Contingency,0
could,could,s,Contingency,1
yet,yet,s,Resistance,0
be,be,s,StandardsPos,0
content,content,s,StandardsPos,1
to,to,n,,0
speak,speak,s,CommonAuthorities,0
for,for,s,CommonAuthorities,1
him,him,c,PersonPronoun,0
",",",",s,Resistance,0
but,but,s,Resistance,1
does,does,s,Question,0
he,he,s,Question,1
expect,expect,s,ProjectAhead,0
farther,farther,c,SpaceRelation,0
?,?,s,Question,0
why,why,c,Question,0
",",",",s,,0
the,the,s,PersonProperty,0
fellow,fellow,s,PersonProperty,1
knows,knows,s,Uncertainty,0
not,not,s,Uncertainty,1
the,the,n,,0
world,world,c,AbstractConcepts,0
.,.,s,,0
Simplo,simplo,c,UNRECOGNIZED,0
",",",",s,,0
tell,tell,s,Citations,0
him,him,s,Citations,1
that,that,s,Citations,2
if,if,s,Contingency,0
my,my,s,OralCues,0
word,word,s,OralCues,1
may,may,s,Contingency,0
do,do,s,Contingency,1
him,him,s,PersonPronoun,0
any,any,s,,0
good,good,c,,0
",",",",s,,0
he,he,s,PersonPronoun,0
shall,shall,s,ProjectAhead,0
have,have,s,Cause,0
it,it,c,Cause,1
:,:,n,,0
but,but,s,Resistance,0
if,if,s,Contingency,0
he,he,s,Contingency,1
love,love,s,Positivity,0
his,his,s,PersonPronoun,0
liberty,liberty,c,StandardsPos,0
",",",",s,,0
let,let,s,ReportingEvents,0
him,him,s,ReportingEvents,1
challenge,challenge,s,Resistance,0
no,no,s,DenyDisclaim,0
deeds,deeds,s,AbstractConcepts,0
at,at,s,,0
my,my,s,FirstPer,0
hands,hands,c,SenseObject,0
.,.,s,,0
He,he,s,Biographical_Time,0
never,never,n,Biographical_Time,1
had,had,s,ProjectBack,0
more,more,s,Comparison,0
of,of,s,,0
me,me,s,FirstPer,0
then,then,s,,0
my,my,s,OralCues,0
word,word,s,OralCues,1
for,for,s,Specifiers,0
that,that,s,Specifiers,1
he,he,s,PersonPronoun,0
now,now,s,Immediacy,0
claims,claims,c,,0
.,.,s,DirectAddress,0
And,and,s,DirectAddress,1
does,does,s,Question,0
he,he,s,Question,1
think,think,s,ProjectAhead,0
to,to,n,ProjectAhead,1
build,build,s,ReportingEvents,0
castles,castles,s,SenseObject,0
upon,upon,s,,0
my,my,s,OralCues,0
word,word,c,OralCues,1
?,?,s,Question,0
if,if,s,Contingency,0
he,he,s,Contingency,1
do,do,c,GenericEvents,0
",",",",s,GenericEvents,1
they,they,s,,0
shall,shall,s,ProjectAhead,0
come,come,s,Motions,0
down,down,s,Motions,1
apace,apace,c,Motions,0
.,.,s,,0
Now,now,s,Updates,0
he,he,s,Updates,1
is,is,n,Updates,2
gone,gone,s,SceneShift,0
to,to,s,SceneShift,1
remove,remove,s,ReportingEvents,0
his,his,s,Neutral_Attribution,0
stuff,stuff,c,Neutral_Attribution,1
",",",",s,,0
bid,bid,s,ReportingEvents,0
my,my,s,FirstPer,0
Attorney,attorney,s,PersonProperty,0
take,take,s,SceneShift,0
out,out,s,SceneShift,1
execution,execution,s,Negative_Relation,0
against,against,s,,0
his,his,n,PersonPronoun,0
surety,surety,nnn,Confidence,0
This,this,s,ReportingStates,0
is,is,s,ReportingStates,1
cold,cold,s,Negativity,0
comfort,comfort,s,Negativity,1
for,for,s,SelfDisclosure,0
me,me,c,SelfDisclosure,1
.,.,s,,0
Sir,sir,c,PersonProperty,0
",",",",s,,0
you,you,s,DirectAddress,0
make,make,s,SelfDisclosure,0
me,me,s,SelfDisclosure,1
half,half,s,Numbers,0
afraid,afraid,c,Fear,0
",",",",s,,0
you,you,s,DirectAddress,0
will,will,s,PredictedFuture,0
turn,turn,n,Negativity,0
me,me,s,Negativity,1
off,off,s,Negativity,2
at,at,s,Negativity,0
the,the,s,Negativity,1
worst,worst,s,Negativity,2
time,time,s,TimeDuration,0
of,of,s,TimeDuration,1
the,the,s,TimeDuration,0
year,year,c,TimeDuration,1
.,.,s,,0
I,i,s,SelfDisclosure,0
am,am,s,SelfDisclosure,1
not,not,s,StandardsNeg,0
able,able,s,StandardsNeg,1
to,to,s,StandardsNeg,2
deserve,deserve,s,StandardsPos,0
so,so,s,Intensity,0
well,well,s,Intensity,1
at,at,n,SpaceRelation,0
your,your,s,SpaceRelation,1
hands,hands,s,SenseObject,0
as,as,s,TimeDuration,0
he,he,s,TimeDuration,1
has,has,s,ReportingEvents,0
done,done,c,ReportingEvents,1
",",",",s,,0
and,and,s,Resistance,0
yet,yet,s,Resistance,1
so,so,s,,0
lightly,lightly,s,SubjectivePercept,0
regarded,regarded,c,ReportingStates,0
.,.,s,ReportingStates,1
That,that,s,Specifiers,0
is,is,s,Specifiers,1
very,very,s,Intensity,0
hardly,hardly,n,DenyDisclaim,0
done,done,nnn,ReportingStates,0
Do^t,do^t,s,UNRECOGNIZED,0
thou,thou,s,DirectAddress,0
fear,fear,s,Fear,0
turning,turning,s,Transformation,0
off,off,c,Transformation,1
?,?,s,Question,0
it,it,s,,0
comes,comes,s,ReportingEvents,0
with,with,s,Specifiers,0
a,a,s,Specifiers,1
fear,fear,c,Fear,0
",",",",s,,0
and,and,s,,0
ends,ends,s,Sequence,0
with,with,s,Sequence,1
a,a,s,Sequence,2
fever,fever,c,Negativity,0
.,.,n,,0
Thou,thou,s,DirectAddress,0
may,may,s,Contingency,0
go,go,s,SubjectivePercept,0
as,as,s,SubjectivePercept,1
soon,soon,s,ProjectAhead,0
as,as,s,,0
thou,thou,s,DirectAddress,0
will,will,s,PredictedFuture,0
after,after,s,Sequence,0
him,him,nnn,PersonPronoun,0
If,if,s,Contingency,0
it,it,s,Contingency,1
please,please,s,Positivity,0
you,you,s,DirectAddress,0
to,to,s,,0
give,give,s,ReportingEvents,0
me,me,s,ReportingEvents,1
my,my,s,FirstPer,0
100l,100l,c,UNRECOGNIZED,0
.,.,s,,0
I,i,s,FirstPer,0
will,will,s,PredictedFuture,0
take,take,s,SceneShift,0
my,my,s,SceneShift,1
leave,leave,s,SceneShift,2
now,now,c,Immediacy,0
.,.,nnn,,0
Soft,soft,s,SenseProperty,0
a,a,s,TimeDuration,0
while,while,c,TimeDuration,1
",",",",s,SpaceRelation,0
where,where,s,SpaceRelation,1
is,is,s,DirectAddress,0
your,your,s,DirectAddress,1
witness,witness,s,PersonProperty,0
that,that,s,,0
I,i,s,SelfDisclosure,0
have,have,s,SelfDisclosure,1
100,100,c,Numbers,0
^,^,c,UNRECOGNIZED,0
.,.,s,,0
of,of,s,DirectAddress,0
yours,yours,c,DirectAddress,1
?,?,s,Question,0
And,and,s,,0
if,if,s,Contingency,0
I,i,s,Autobio,0
had,had,c,Autobio,1
",",",",n,,0
thou,thou,s,DirectAddress,0
were,were,s,ProjectBack,0
content,content,s,AbstractConcepts,0
I,i,s,Insist,0
should,should,s,Insist,1
use,use,s,ReportingEvents,0
it,it,s,,0
as,as,s,,0
mine,mine,s,FirstPer,0
own,own,c,ReportingEvents,0
.,.,s,Resistance,0
But,but,s,Resistance,1
go,go,s,ReportingEvents,0
to,to,c,,0
",",",",s,,0
I,i,s,Self_Promise,0
Will,will,s,Self_Promise,1
pay,pay,s,Self_Promise,2
thee,thee,c,DirectAddress,0
.,.,s,ProjectBack,0
There,there,n,ProjectBack,1
was,was,s,ProjectBack,2
a,a,s,Negativity,0
knave,knave,s,Negativity,1
ran,ran,s,SceneShift,0
away,away,s,SceneShift,1
with,with,s,SceneShift,2
100,100,c,Numbers,0
^,^,c,UNRECOGNIZED,0
.,.,s,,0
of,of,s,,0
mine,mine,c,FirstPer,0
",",",",s,,0
I,i,s,FirstPer,0
Will,will,s,PredictedFuture,0
change,change,s,Transformation,0
with,with,s,Transformation,1
thee,thee,c,DirectAddress,0
;,;,s,,0
seek,seek,s,ProjectAhead,0
him,him,s,PersonPronoun,0
out,out,c,,0
",",",",n,,0
take,take,s,ReportingEvents,0
the,the,s,ReportingEvents,1
money,money,c,AbstractConcepts,0
",",",",s,,0
and,and,s,,0
hang,hang,s,SpaceRelation,0
him,him,c,PersonPronoun,0
*,*,s,,0
that,that,s,Specifiers,0
is,is,s,Specifiers,1
interest,interest,nnnnnn,AbstractConcepts,0
Sir,sir,c,PersonProperty,0
",",",",s,,0
I,i,s,SelfDisclosure,0
have,have,s,SelfDisclosure,1
removed,removed,s,ReportingEvents,0
my,my,s,FirstPer,0
stuff,stuff,s,Motions,0
into,into,s,Motions,1
your,your,s,DirectAddress,0
garden,garden,s,SenseObject,0
room,room,c,SenseObject,0
;,;,s,Resistance,0
but,but,s,Resistance,1
there,there,s,Confidence,0
it,it,s,Confidence,1
is,is,s,Confidence,2
not,not,s,Fear,0
safe,safe,n,Fear,1
from,from,s,,0
robbing,robbing,c,Negative_Relation,0
.,.,s,DirectAddress,0
And,and,s,DirectAddress,1
at,at,s,SpaceRelation,0
your,your,s,SpaceRelation,1
Inn,inn,s,SenseObject,0
I,i,s,Contingency,0
can,can,s,Contingency,1
have,have,s,Contingency,2
no,no,s,DenyDisclaim,0
lodging,lodging,c,Motions,0
.,.,s,,0
I,i,s,Insist,0
must,must,s,Insist,1
sit,sit,s,SenseProperty,0
by,by,s,,0
my,my,s,FirstPer,0
stuff,stuff,n,Uncertainty,0
all,all,s,TimeDuration,0
night,night,nn,TimeDuration,1
It,it,s,PredictedFuture,0
will,will,s,PredictedFuture,1
be,be,s,PredictedFuture,2
so,so,s,Intensity,0
much,much,s,Intensity,1
the,the,s,,0
safer,safer,c,StandardsPos,0
.,.,nnn,,0
I,i,s,FirstPer,0
hear,hear,s,SpaceRelation,0
besides,besides,s,Specifiers,0
that,that,s,,0
my,my,s,FirstPer,0
surety,surety,s,Confidence,0
is,is,s,ReportingStates,0
in,in,s,,0
execution,execution,s,Negative_Relation,0
at,at,s,SpaceRelation,0
your,your,s,SpaceRelation,1
suite,suite,s,SenseObject,0
for,for,s,,0
the,the,s,,0
six,six,n,Numbers,0
pound,pound,nnn,Numbers,1
That,that,s,Uncertainty,0
may,may,s,Uncertainty,1
be,be,c,Uncertainty,2
.,.,s,,0
I,i,s,Insist,0
cannot,cannot,s,Insist,1
help,help,s,Positivity,0
it,it,s,,0
unless,unless,s,Contingency,0
I,i,s,FirstPer,0
be,be,s,ReportingStates,0
paid,paid,c,ReportingStates,0
.,.,nnn,ReportingStates,1
You,you,s,DirectAddress,0
know,know,s,DirectAddress,1
I,i,s,SelfDisclosure,0
owe,owe,s,SelfDisclosure,1
you,you,s,DirectAddress,0
nothing,nothing,s,StandardsNeg,0
of,of,s,StandardsNeg,1
that,that,s,,0
money,money,c,AbstractConcepts,0
.,.,nnn,,0
I,i,s,FirstPer,0
know,know,s,Uncertainty,0
not,not,s,Uncertainty,1
that,that,c,,0
.,.,nnn,Request,0
Will,will,s,Request,1
you,you,s,Request,2
have,have,s,,0
my,my,s,FirstPer,0
oath,oath,c,CommonAuthorities,0
?,?,nnn,Question,0
No,no,c,DenyDisclaim,0
.,.,nnn,Request,0
Will,will,s,Request,1
you,you,s,Request,2
refer,refer,s,ReportingEvents,0
it,it,s,ReportingEvents,1
to,to,s,ReportingEvents,2
friends,friends,c,StandardsPos,0
?,?,nnn,Question,0
No,no,c,DenyDisclaim,0
.,.,nnn,,0
To,to,s,DirectAddress,0
your,your,s,DirectAddress,1
own,own,s,ReportingEvents,0
brother,brother,c,PersonProperty,0
?,?,nnn,Question,0
No,no,c,DenyDisclaim,0
.,.,nnn,,0
I,i,s,FirstPer,0
protest,protest,s,Resistance,0
upon,upon,s,,0
my,my,s,FirstPer,0
faith,faith,s,StandardsPos,0
no,no,s,DenyDisclaim,0
penny,penny,s,SenseObject,0
of,of,s,Specifiers,0
this,this,s,Specifiers,1
money,money,s,AbstractConcepts,0
is,is,s,CommonAuthorities,0
due,due,c,CommonAuthorities,1
.,.,s,DirectAddress,0
And,and,s,DirectAddress,1
yet,yet,s,SubjectiveTime,0
to,to,s,SubjectiveTime,1
save,save,s,StandardsPos,0
my,my,n,FirstPer,0
surety,surety,s,Confidence,0
I,i,s,FirstPer,0
offered,offered,s,Narrative_Verbs,0
a,a,s,Narrative_Verbs,1
fine,fine,s,Positivity,0
mewed,mewed,s,SenseProperty,0
Gosse^auk,gosse^auk,c,UNRECOGNIZED,0
^,^,c,UNRECOGNIZED,0
",",",",s,Aside,0
which,which,s,Aside,1
before,before,s,Sequence,0
good,good,s,,0
witness,witness,s,PersonProperty,0
you,you,s,DirectAddress,0
did,did,n,ReportingEvents,0
accept,accept,c,StandardsPos,0
",",",",s,,0
and,and,s,,0
caused,caused,s,Cause,0
me,me,s,FirstPer,0
to,to,s,TimeDuration,0
keep,keep,s,TimeDuration,1
a,a,s,Specifiers,0
whole,whole,s,Specifiers,1
Michaelmasse,michaelmasse,s,UNRECOGNIZED,0
^,^,c,UNRECOGNIZED,0
ea^me,ea^me,s,UNRECOGNIZED,0
in,in,s,,0
London,london,c,,0
:,:,s,,0
but,but,s,Resistance,0
at,at,n,Sequence,0
the,the,s,Sequence,1
end,end,s,Sequence,2
of,of,s,Sequence,3
that,that,s,,0
very,very,s,Intensity,0
teat^me,teat^me,s,UNRECOGNIZED,0
unknown,unknown,s,Uncertainty,0
to,to,s,SelfDisclosure,0
me,me,c,SelfDisclosure,1
",",",",s,SelfDisclosure,2
you,you,s,DirectAddress,0
sneaked,sneaked,s,ReportingEvents,0
out,out,s,SpaceRelation,0
of,of,s,SpaceRelation,1
town,town,s,SpaceRelation,2
leaving,leaving,n,,0
order,order,s,AbstractConcepts,0
to,to,s,,0
have,have,s,,0
my,my,s,FirstPer,0
surety,surety,s,Confidence,0
arrested,arrested,c,ReportingStates,0
",",",",s,ReportingStates,1
and,and,s,ReasonForward,0
so,so,s,ReasonForward,1
followed,followed,c,ReportingStates,0
",",",",s,ReportingStates,1
that,that,s,Immediacy,0
now,now,s,Immediacy,1
he,he,s,Updates,0
is,is,s,Updates,1
^,^,s,UNRECOGNIZED,0
execution,execution,n,Negative_Relation,0
upon,upon,s,,0
that,that,s,,0
only,only,s,SubjectivePercept,0
suite,suite,c,SenseObject,0
.,.,s,,0
I,i,s,DirectAddress,0
say,say,s,DirectAddress,1
no,no,s,DirectAddress,2
more,more,c,Comparison,0
",",",",s,Resistance,0
but,but,s,Resistance,1
demand,demand,s,Intensity,0
judgment,judgment,s,PrivateThinking,0
in,in,s,Example,0
this,this,s,Example,1
case,case,nnn,Example,2
Proberio,proberio,c,UNRECOGNIZED,0
",",",",s,,0
I,i,s,SelfDisclosure,0
have,have,s,SelfDisclosure,1
done,done,s,ReportingStates,0
thee,thee,s,DirectAddress,0
the,the,s,StandardsPos,0
grace,grace,s,StandardsPos,1
to,to,s,,0
hear,hear,s,SpaceRelation,0
thee,thee,s,DirectAddress,0
to,to,s,Intensity,0
the,the,s,Intensity,1
full,full,c,Intensity,2
.,.,s,DirectAddress,0
And,and,s,DirectAddress,1
it,it,s,,0
ioies,ioies,n,UNRECOGNIZED,0
me,me,s,FirstPer,0
much,much,c,Intensity,0
",",",",s,,0
that,that,s,,0
either,either,s,Metadiscourse,0
he,he,s,PersonPronoun,0
shall,shall,s,ProjectAhead,0
die,die,s,AbstractConcepts,0
in,in,s,Negativity,0
prison,prison,c,Negativity,1
",",",",s,,0
or,or,s,,0
I,i,s,Metadiscourse,0
shall,shall,s,Metadiscourse,1
have,have,s,,0
that,that,s,,0
money,money,nnn,AbstractConcepts,0
Was,was,s,ProjectBack,0
there,there,s,Biographical_Time,0
ever,ever,s,Biographical_Time,1
any,any,s,,0
so,so,s,Intensity,0
hard,hard,s,Intensity,1
hearted,hearted,c,Disclosure,0
?,?,s,Question,0
Twenty,twenty,s,TimeDuration,0
years,years,s,TimeDuration,1
past,past,c,TimeDuration,2
",",",",s,Autobio,0
when,when,s,Autobio,1
I,i,s,Autobio,2
was,was,s,ProjectBack,0
in,in,n,,0
prosperity,prosperity,c,StandardsPos,0
",",",",s,,0
and,and,s,,0
he,he,s,PersonPronoun,0
at,at,s,Immediacy,0
point,point,s,Immediacy,1
of,of,s,,0
death,death,c,Negativity,0
",",",",s,,0
by,by,s,,0
rigor,rigor,s,StandardsPos,0
of,of,s,,0
Law,law,c,AbstractConcepts,0
",",",",s,,0
I,i,s,FirstPer,0
took,took,s,ReportingEvents,0
many,many,s,,0
costly,costly,n,StandardsNeg,0
journey,journey,s,SceneShift,0
to,to,s,SceneShift,1
Court,court,c,AbstractConcepts,0
",",",",s,,0
laboring,laboring,s,ReportingEvents,0
for,for,s,ReportingEvents,1
his,his,s,PersonPronoun,0
pardon,pardon,c,Positivity,0
.,.,s,,0
I,i,s,FirstPer,0
did,did,s,Narrative_Verbs,0
him,him,s,Narrative_Verbs,1
all,all,s,Generalization,0
the,the,s,Generalization,1
good,good,s,StandardsPos,0
offices,offices,s,StandardsPos,1
that,that,n,,0
a,a,s,Confidence,0
true,true,s,Confidence,1
friend,friend,s,StandardsPos,0
could,could,s,Contingency,0
do,do,s,Positivity,0
for,for,s,Positivity,1
another,another,c,Specifiers,0
.,.,s,DirectAddress,0
And,and,s,DirectAddress,1
I,i,s,FirstPer,0
left,left,s,Intensity,0
nothing,nothing,s,Intensity,1
undone,undone,s,Intensity,2
that,that,s,Uncertainty,0
might,might,s,Uncertainty,1
do,do,n,StandardsPos,0
him,him,s,StandardsPos,1
good,good,c,StandardsPos,2
.,.,s,Metadiscourse,0
Besides,besides,c,Metadiscourse,1
",",",",s,Metadiscourse,2
I,i,s,FirstPer,0
lent,lent,s,AbstractConcepts,0
him,him,s,PersonPronoun,0
50,50,c,Numbers,0
^,^,c,UNRECOGNIZED,0
.,.,s,,0
gratis,gratis,s,Positivity,0
in,in,s,ProjectBack,0
those,those,s,ProjectBack,1
times,times,c,ProjectBack,2
",",",",s,,0
my,my,s,FirstPer,0
self,self,s,SubjectivePercept,0
paying,paying,n,ReportingEvents,0
interest,interest,s,AbstractConcepts,0
for,for,s,Specifiers,0
that,that,s,Specifiers,1
money,money,c,AbstractConcepts,0
.,.,s,,0
At,at,s,TimeShift,0
which,which,s,TimeShift,1
time,time,s,TimeShift,2
what,what,s,,0
vows,vows,s,Intensity,0
and,and,s,,0
promises,promises,s,ProjectAhead,0
he,he,s,Neutral_Attribution,0
made,made,s,Neutral_Attribution,1
me,me,c,FirstPer,0
",",",",s,,0
I,i,n,SelfDisclosure,0
let,let,s,SelfDisclosure,1
pass,pass,c,ReportingEvents,0
",",",",s,,0
as,as,s,,0
ungrateful,ungrateful,s,Negative_Relation,0
to,to,s,SelfDisclosure,0
my,my,s,SelfDisclosure,1
heart,heart,s,SenseObject,0
in,in,s,,0
repeating,repeating,c,RecurringEvents,0
",",",",s,,0
and,and,s,,0
serve,serve,s,ProjectAhead,0
to,to,s,ProjectAhead,1
no,no,s,Exceptions,0
other,other,n,Exceptions,1
purpose,purpose,s,ProjectAhead,0
but,but,s,Exceptions,0
for,for,s,Exceptions,1
a,a,s,Exceptions,2
warning,warning,c,Negative_Relation,0
",",",",s,,0
and,and,s,,0
a,a,s,,0
wonder,wonder,s,Curiosity,0
that,that,s,,0
so,so,s,Intensity,0
much,much,s,Intensity,1
ingratitude,ingratitude,s,StandardsNeg,0
should,should,s,Insist,0
harbor,harbor,n,SenseObject,0
in,in,s,,0
an,an,s,,0
English,english,s,AbstractConcepts,0
man,man,c,PersonProperty,0
.,.,s,DirectAddress,0
And,and,s,DirectAddress,1
now,now,s,Immediacy,0
you,you,s,DirectAddress,0
are,are,s,DirectAddress,1
all,all,s,DirectAddress,2
witnesses,witnesses,s,PersonProperty,0
of,of,s,,0
my,my,s,FirstPer,0
reward,reward,nnn,Positivity,0
Now,now,s,Immediacy,0
Granato,granato,c,UNRECOGNIZED,0
",",",",s,,0
if,if,s,Contingency,0
you,you,s,DirectAddress,0
be,be,s,DirectAddress,1
content,content,s,Positivity,0
to,to,s,Positivity,1
yield,yield,s,ReportingEvents,0
the,the,s,,0
victory,victory,s,Positivity,0
unto,unto,s,CommonAuthorities,0
Master,master,s,PersonProperty,0
Malingua,malingua,s,UNRECOGNIZED,0
this,this,n,,0
Lawyer,lawyer,c,PersonProperty,0
",",",",s,,0
and,and,s,,0
confess,confess,s,Disclosure,0
to,to,s,,0
have,have,s,,0
wronged,wronged,s,StandardsNeg,0
us,us,s,Inclusive,0
merchants,merchants,s,PersonProperty,0
with,with,s,Specifiers,0
the,the,s,Specifiers,1
petulancy,petulancy,s,Negativity,0
of,of,s,DirectAddress,0
your,your,n,DirectAddress,1
prating,prating,c,Negativity,0
;,;,s,,0
you,you,s,DirectAddress,0
may,may,s,DirectAddress,1
perhaps,perhaps,s,Uncertainty,0
have,have,s,DirectAddress,0
your,your,s,DirectAddress,1
punishment,punishment,s,Negativity,0
extenuated,extenuated,s,Transformation,0
if,if,s,Contingency,0
we,we,s,,0
be,be,s,ReportingStates,0
your,your,s,DirectAddress,0
Judges,judges,c,PrivateThinking,0
",",",",n,ReasonForward,0
and,and,s,ReasonForward,1
so,so,s,ReasonForward,2
quietly,quietly,s,SenseProperty,0
shut,shut,s,Motions,0
up,up,s,Motions,1
all,all,s,,0
among,among,s,Inclusive,0
our,our,s,Inclusive,1
selves,selves,nn,SubjectivePercept,0
I,i,s,SelfDisclosure,0
am,am,s,SelfDisclosure,1
so,so,s,Updates,0
far,far,s,Updates,1
from,from,s,,0
any,any,s,,0
such,such,s,Intensity,0
confession,confession,s,Disclosure,0
and,and,s,,0
submission,submission,c,AbstractConcepts,0
",",",",s,,0
that,that,s,,0
I,i,s,StandardsPos,0
offer,offer,s,StandardsPos,1
to,to,n,,0
maintain,maintain,s,TimeDuration,0
every,every,s,Generalization,0
word,word,s,LangRef,0
spoken,spoken,s,SenseProperty,0
in,in,s,SenseProperty,1
our,our,s,Inclusive,0
last,last,s,Sequence,0
contention,contention,c,Resistance,0
.,.,s,DirectAddress,0
And,and,s,DirectAddress,1
for,for,s,,0
judgment,judgment,s,PrivateThinking,0
I,i,s,SelfDisclosure,0
appeal,appeal,n,SelfDisclosure,1
from,from,s,DirectAddress,0
you,you,s,DirectAddress,1
both,both,c,,0
;,;,s,,0
and,and,s,,0
know,know,s,Confidence,0
that,that,s,Confidence,1
I,i,s,SelfDisclosure,0
am,am,s,SelfDisclosure,1
your,your,s,DirectAddress,0
ancient,ancient,s,SubjectiveTime,0
from,from,s,TimeDuration,0
the,the,s,TimeDuration,1
time,time,s,TimeDuration,2
that,that,s,,0
Adam,adam,s,PersonProperty,0
dug,dug,n,SenseObject,0
the,the,s,SpaceRelation,0
earth,earth,s,SpaceRelation,1
for,for,s,,0
his,his,s,PersonPronoun,0
living,living,nnn,,0
Then,then,s,Sequence,0
purge,purge,s,Sequence,1
your,your,s,DirectAddress,0
self,self,s,SubjectivePercept,0
Granato,granato,s,UNRECOGNIZED,0
from,from,s,,0
the,the,s,,0
crimes,crimes,s,StandardsNeg,0
we,we,s,,0
charged,charged,s,ReportingEvents,0
you,you,s,DirectAddress,0
withal,withal,c,Metadiscourse,0
:,:,s,,0
and,and,s,,0
the,the,n,Sequence,0
end,end,s,Sequence,1
will,will,s,PredictedFuture,0
try,try,s,ProjectAhead,0
if,if,s,Contingency,0
you,you,s,DirectAddress,0
had,had,s,DirectAddress,1
not,not,s,DenyDisclaim,0
done,done,s,DenyDisclaim,1
better,better,s,Comparison,0
to,to,s,,0
take,take,s,ReportingEvents,0
penan,penan,c,UNRECOGNIZED,0
^^,^^,s,UNRECOGNIZED,0
for,for,s,DirectAddress,0
your,your,s,DirectAddress,1
faults,faults,s,StandardsNeg,0
at,at,s,SpaceRelation,0
our,our,n,SpaceRelation,1
hands,hands,nnn,SenseObject,0
For,for,s,,0
the,the,s,,0
high,high,s,StandardsNeg,0
prices,prices,s,StandardsNeg,1
of,of,s,,0
corn,corn,s,SenseObject,0
(,(,c,,0
which,which,s,,0
falsely,falsely,s,StandardsNeg,0
and,and,s,,0
absurdly,absurdly,s,Negativity,0
you,you,s,DirectAddress,0
impute,impute,s,Negative_Attribution,0
unto,unto,n,CommonAuthorities,0
husbandmen,husbandmen,c,PersonProperty,0
),),s,,0
if,if,s,Contingency,0
you,you,s,DirectAddress,0
had,had,s,DirectAddress,1
either,either,s,Metadiscourse,0
wit,wit,s,StandardsPos,0
or,or,s,,0
honesty,honesty,s,StandardsPos,0
you,you,s,DirectAddress,0
would,would,s,DirectAddress,1
soon,soon,s,ProjectAhead,0
grant,grant,s,CommonAuthorities,0
that,that,s,,0
there,there,n,ReportingStates,0
are,are,s,ReportingStates,1
two,two,s,Numbers,0
maine,maine,s,UNRECOGNIZED,0
reasons,reasons,s,ReasonForward,0
for,for,s,ReasonForward,1
it,it,s,,0
which,which,s,,0
lie,lie,s,Motions,0
not,not,s,DenyDisclaim,0
in,in,s,Inclusive,0
our,our,s,Inclusive,1
power,power,s,Inclusive,2
to,to,s,,0
redress,redress,c,StandardsPos,0
",",",",s,Resistance,0
but,but,s,Resistance,1
in,in,s,,0
the,the,n,,0
States,states,s,AbstractConcepts,0
wisdom,wisdom,s,StandardsPos,0
to,to,s,StandardsPos,0
help,help,c,StandardsPos,1
.,.,s,,0
One,one,s,Numbers,0
is,is,c,ReportingStates,0
",",",",s,,0
the,the,s,,0
uncontrolled,uncontrolled,s,StandardsNeg,0
and,and,s,,0
improvident,improvident,s,StandardsNeg,0
liberty,liberty,s,StandardsPos,0
for,for,n,Specifiers,0
all,all,s,Specifiers,1
sorts,sorts,s,AbstractConcepts,0
and,and,s,,0
degrees,degrees,s,AbstractConcepts,0
to,to,s,,0
marry,marry,c,Positivity,0
",",",",s,ReasonForward,0
so,so,s,ReasonForward,1
that,that,s,,0
many,many,s,,0
are,are,s,ReportingStates,0
grand-mothers,grand-mothers,s,UNRECOGNIZED,0
at,at,s,TimeDuration,0
30,30,s,TimeDuration,1
years,years,n,TimeDuration,2
old,old,c,SenseProperty,0
.,.,s,,0
The,the,s,Specifiers,0
other,other,s,Specifiers,1
is,is,s,ReportingStates,0
the,the,s,ReportingStates,1
multitude,multitude,s,AbstractConcepts,0
of,of,s,,0
Enclosures,enclosures,s,SpaceRelation,0
and,and,s,,0
decay,decay,s,Negativity,0
of,of,s,,0
tillage,tillage,c,AbstractConcepts,0
.,.,s,DirectAddress,0
And,and,s,DirectAddress,1
if,if,s,Contingency,0
we,we,n,,0
corne-men,corne-men,s,UNRECOGNIZED,0
did,did,s,DenyDisclaim,0
not,not,s,DenyDisclaim,1
till,till,s,AbstractConcepts,0
all,all,s,Generalization,0
the,the,s,Generalization,1
ground,ground,s,SenseObject,0
we,we,s,Contingency,0
can,can,s,Contingency,1
get,get,c,,0
;,;,s,,0
how,how,s,,0
dear,dear,s,Positivity,0
(,(,c,,0
think,think,s,PrivateThinking,0
you,you,c,DirectAddress,0
),),s,,0
would,would,n,ProjectBack,0
corn,corn,s,SenseObject,0
be,be,s,ReportingStates,0
shortly,shortly,c,SubjectiveTime,0
?,?,s,Question,0
Many,many,s,,0
other,other,s,Specifiers,0
Reasons,reasons,s,ReasonForward,0
for,for,s,ReasonForward,1
brevity,brevity,s,SubjectiveTime,0
sake,sake,s,SenseObject,0
I,i,s,FirstPer,0
omit,omit,c,Negativity,0
",",",",s,Resistance,0
but,but,s,Resistance,1
these,these,s,PredictedFuture,0
will,will,n,PredictedFuture,1
hold,hold,s,,0
argument,argument,s,LangRef,0
against,against,s,Resistance,0
you,you,s,Resistance,1
for,for,s,,0
term,term,s,AbstractConcepts,0
of,of,s,,0
both,both,s,,0
your,your,s,DirectAddress,0
lives,lives,c,DirectAddress,1
",",",",s,,0
and,and,s,,0
after,after,s,Sequence,0
your,your,s,DirectAddress,0
decease,decease,n,Transformation,0
to,to,s,DirectAddress,0
your,your,s,DirectAddress,1
heirs,heirs,s,DirectAddress,2
males,males,s,PersonProperty,0
lawfully,lawfully,s,StandardsPos,0
begotten,begotten,nnn,Transformation,0
Believe,believe,s,PrivateThinking,0
me,me,s,FirstPer,0
Master,master,s,PersonProperty,0
Mureto,mureto,c,UNRECOGNIZED,0
",",",",s,,0
this,this,s,,0
Farmer,farmer,s,PersonProperty,0
has,has,s,,0
made,made,s,ReportingEvents,0
for,for,s,ReportingEvents,1
himself,himself,s,PersonPronoun,0
a,a,s,,0
reasonable,reasonable,s,StandardsPos,0
good,good,n,,0
Apology,apology,c,Apology,0
",",",",s,,0
and,and,s,,0
put,put,s,ReportingEvents,0
us,us,s,Inclusive,0
a,a,s,,0
hard,hard,s,SubjectivePercept,0
case,case,c,SubjectivePercept,1
.,.,s,,0
It,it,s,PrivateThinking,0
seems,seems,s,PrivateThinking,1
he,he,s,Neutral_Attribution,0
has,has,s,Neutral_Attribution,1
studied,studied,s,ReportingEvents,0
well,well,s,SenseObject,0
since,since,s,,0
our,our,s,Inclusive,0
last,last,n,Sequence,0
parle,parle,c,UNRECOGNIZED,0
.,.,s,Resistance,0
But,but,s,Resistance,1
what,what,s,DirectAddress,0
say,say,s,DirectAddress,1
you,you,s,DirectAddress,2
Granato,granato,s,UNRECOGNIZED,0
to,to,s,DirectAddress,0
your,your,s,DirectAddress,1
evil,evil,s,StandardsNeg,0
words,words,s,LangRef,0
lauish'd,lauish'd,s,UNRECOGNIZED,0
out,out,s,,0
against,against,n,,0
Lawyers,lawyers,c,PersonProperty,0
?,?,s,Question,0
therefore,therefore,s,ReasonForward,0
you,you,s,Insist,0
must,must,s,Insist,1
yet,yet,s,Resistance,0
crave,crave,s,Intensity,0
pardon,pardon,nnn,Positivity,0
Not,not,s,DenyDisclaim,0
I,i,s,FirstPer,0
truly,truly,c,Intensity,0
.,.,s,,0
For,for,s,,0
I,i,s,FirstPer,0
gave,gave,s,DirectAddress,0
you,you,s,DirectAddress,1
no,no,s,DenyDisclaim,0
worse,worse,s,DenyDisclaim,1
speeches,speeches,s,LangRef,0
then,then,s,Sequence,0
you,you,s,Sequence,1
give,give,s,,0
one,one,s,Numbers,0
another,another,s,Numbers,1
at,at,s,SpaceRelation,0
the,the,n,SpaceRelation,1
bar,bar,c,SpaceRelation,2
",",",",s,,0
nor,nor,s,DenyDisclaim,0
so,so,s,Negativity,0
evil,evil,c,Negativity,1
.,.,s,,0
For,for,s,ReasonBackward,0
there,there,s,ReasonBackward,1
you,you,s,DirectAddress,0
fall,fall,s,Motions,0
out,out,s,Motions,1
like,like,s,SubjectivePercept,0
any,any,s,,0
skoulds,skoulds,c,UNRECOGNIZED,0
:,:,s,,0
but,but,s,Resistance,0
the,the,s,Negativity,0
worst,worst,s,Negativity,1
is,is,c,ReportingStates,0
",",",",n,,0
you,you,s,Confidence,0
will,will,s,Confidence,1
be,be,s,Confidence,2
friends,friends,s,StandardsPos,0
at,at,s,SpaceRelation,0
dinner,dinner,c,SpaceRelation,1
",",",",s,Resistance,0
yet,yet,s,Resistance,1
never,never,s,DenyDisclaim,0
in,in,s,,0
charity,charity,s,StandardsPos,0
I,i,s,SelfDisclosure,0
think,think,c,SelfDisclosure,1
.,.,s,DirectAddress,0
And,and,s,DirectAddress,1
I,i,s,FirstPer,0
see,see,s,,0
no,no,s,DenyDisclaim,0
reason,reason,n,DenyDisclaim,1
I,i,s,Insist,0
should,should,s,Insist,1
stoop,stoop,s,Negativity,0
to,to,s,Negativity,1
either,either,s,Metadiscourse,0
of,of,s,DirectAddress,0
you,you,c,DirectAddress,1
",",",",s,,0
considering,considering,s,Curiosity,0
the,the,s,,0
goodness,goodness,s,StandardsPos,0
of,of,s,,0
my,my,s,FirstPer,0
cause,cause,c,Cause,0
.,.,s,,0
For,for,s,,0
I,i,n,FirstPer,0
will,will,s,PredictedFuture,0
be,be,s,PredictedFuture,1
judged,judged,s,CommonAuthorities,0
by,by,s,Uncertainty,0
any,any,s,Uncertainty,1
indifferent,indifferent,s,StandardsNeg,0
man,man,c,PersonProperty,0
",",",",s,,0
if,if,s,Contingency,0
I,i,c,FirstPer,0
",",",",s,,0
and,and,s,,0
such,such,s,Specifiers,0
as,as,s,Specifiers,1
I,i,s,SelfDisclosure,0
am,am,c,SelfDisclosure,1
",",",",s,,0
be,be,s,ReportingStates,0
not,not,s,DenyDisclaim,0
honester,honester,n,UNRECOGNIZED,0
and,and,s,,0
better,better,s,Comparison,0
then,then,s,,0
both,both,s,,0
your,your,s,DirectAddress,0
factions,factions,nnn,StandardsNeg,0
Since,since,s,,0
thou,thou,s,DirectAddress,0
have,have,s,,0
offered,offered,s,ReportingEvents,0
it,it,c,,0
",",",",s,,0
thou,thou,s,Imperative,0
shall,shall,s,Imperative,1
not,not,s,Imperative,2
escape,escape,s,SceneShift,0
until,until,s,TimeDuration,0
that,that,s,Confidence,0
be,be,s,Confidence,1
tried,tried,c,ReportingStates,0
",",",",s,ReportingStates,1
Here,here,n,SpaceRelation,0
sit,sit,s,SenseProperty,0
a,a,s,Positivity,0
couple,couple,s,Positivity,1
that,that,s,,0
seem,seem,s,Uncertainty,0
very,very,s,Positivity,0
wise,wise,s,Positivity,1
by,by,s,,0
their,their,s,PersonPronoun,0
silence,silence,c,SenseProperty,0
",",",",s,,0
we,we,s,,0
will,will,s,PredictedFuture,0
be,be,s,PredictedFuture,1
judged,judged,s,CommonAuthorities,0
by,by,s,,0
them,them,c,,0
.,.,n,Question,0
What,what,s,Question,1
say,say,s,Citations,0
you,you,s,DirectAddress,0
Mureto,mureto,nnn,UNRECOGNIZED,0
With,with,s,Positivity,0
all,all,s,Positivity,1
my,my,s,Positivity,2
heart,heart,c,Positivity,3
.,.,s,,0
For,for,s,,0
we,we,s,Contingency,0
can,can,s,Contingency,1
not,not,s,DenyDisclaim,0
be,be,s,ReportingStates,0
worse,worse,s,Negativity,0
then,then,s,Sequence,0
we,we,s,Sequence,1
are,are,s,ReportingStates,0
howsoever,howsoever,s,Intensity,0
we,we,s,,0
speed,speed,c,AbstractConcepts,0
.,.,nnn,,0
A,a,s,,0
match,match,c,SenseObject,0
.,.,s,,0
I,i,s,FirstPer,0
Will,will,s,PredictedFuture,0
refuse,refuse,s,Resistance,0
no,no,s,DenyDisclaim,0
man's,man's,s,PersonProperty,0
opinion,opinion,s,SubjectivePercept,0
that,that,s,Specifiers,0
is,is,s,Specifiers,1
not,not,s,DenyDisclaim,0
of,of,s,DirectAddress,0
your,your,s,DirectAddress,1
ranks,ranks,c,,0
.,.,nnn,,0
Gentlemen,gentlemen,c,Positivity,0
.,.,s,,0
We,we,s,Insist,0
need,need,s,Insist,1
not,not,s,Insist,2
report,report,s,Citations,0
the,the,s,Citations,1
causes,causes,s,Cause,0
of,of,s,Cause,1
our,our,s,Inclusive,0
reference,reference,s,AbstractConcepts,0
unto,unto,s,CommonAuthorities,0
you,you,c,DirectAddress,0
.,.,s,,0
All,all,s,Inclusive,0
our,our,n,Inclusive,1
jarres,jarres,c,UNRECOGNIZED,0
",",",",s,,0
and,and,s,,0
wrangles,wrangles,s,Negative_Relation,0
you,you,s,PriorKnowledge,0
have,have,s,PriorKnowledge,1
heard,heard,c,PriorKnowledge,2
.,.,s,,0
We,we,s,,0
entreat,entreat,s,Request,0
you,you,s,DirectAddress,0
to,to,s,Metadiscourse,0
finish,finish,s,Metadiscourse,1
them,them,s,,0
with,with,s,DirectAddress,0
your,your,n,DirectAddress,1
doom,doom,nnn,Negativity,0
To,to,s,Negativity,1
deal,deal,s,,0
plainly,plainly,s,Confidence,0
with,with,s,DirectAddress,0
you,you,s,DirectAddress,1
all,all,c,,0
",",",",s,,0
mine,mine,s,FirstPer,0
opinion,opinion,s,SubjectivePercept,0
is,is,c,ReportingStates,0
",",",",s,,0
that,that,s,,0
the,the,s,,0
world,world,s,AbstractConcepts,0
is,is,s,CommonAuthorities,0
generally,generally,n,CommonAuthorities,1
more,more,s,Comparison,0
wronged,wronged,s,StandardsNeg,0
and,and,s,,0
abused,abused,s,Negativity,0
by,by,s,,0
the,the,s,,0
Lawyer,lawyer,s,PersonProperty,0
and,and,s,,0
merchant,merchant,c,PersonProperty,0
",",",",s,,0
then,then,s,Sequence,0
by,by,s,Sequence,1
the,the,s,,0
Farmer,farmer,c,PersonProperty,0
",",",",s,,0
who,who,n,,0
though,though,s,Concessive,0
he,he,s,PersonPronoun,0
have,have,s,,0
faults,faults,c,StandardsNeg,0
",",",",s,Resistance,0
yet,yet,s,Resistance,1
gets,gets,s,,0
he,he,s,PersonPronoun,0
his,his,s,PersonPronoun,0
living,living,s,,0
more,more,s,Comparison,0
honestly,honestly,c,Intensity,0
",",",",s,,0
and,and,s,,0
is,is,s,ReportingStates,0
of,of,n,ReportingStates,1
necessity,necessity,s,Insist,0
to,to,s,GenericEvents,0
be,be,s,GenericEvents,1
harbored,harbored,c,ReportingEvents,0
.,.,s,Resistance,0
But,but,s,Resistance,1
Sir,sir,s,PersonProperty,0
Hermito,hermito,s,UNRECOGNIZED,0
I,i,s,Insist,0
must,must,s,Insist,1
refer,refer,s,ReportingEvents,0
the,the,s,ReportingEvents,1
full,full,s,,0
decision,decision,s,PrivateThinking,0
of,of,n,,0
their,their,s,PersonPronoun,0
cause,cause,s,Cause,0
to,to,s,Cause,1
your,your,s,DirectAddress,0
censure,censure,nnn,,0
That,that,s,Specifiers,0
one,one,s,Specifiers,1
of,of,s,,0
them,them,s,,0
is,is,s,Positivity,0
better,better,s,Positivity,1
then,then,s,,0
the,the,s,Specifiers,0
other,other,c,Specifiers,1
",",",",s,Specifiers,2
I,i,s,FirstPer,0
do,do,s,DenyDisclaim,0
not,not,s,DenyDisclaim,1
see,see,c,,0
;,;,s,,0
therefore,therefore,s,ReasonForward,0
me,me,s,FirstPer,0
thinks,thinks,n,Citations,0
the,the,s,Citations,1
question,question,s,AbstractConcepts,0
should,should,s,Insist,0
rather,rather,s,Resistance,0
be,be,s,ReportingStates,0
which,which,s,,0
is,is,s,Negativity,0
the,the,s,Negativity,1
worst,worst,c,Negativity,2
.,.,s,,0
The,the,s,,0
Farmer,farmer,s,PersonProperty,0
that,that,s,,0
deceiues,deceiues,s,UNRECOGNIZED,0
so,so,n,Metadiscourse,0
far,far,s,Metadiscourse,1
as,as,s,Metadiscourse,2
his,his,s,PersonPronoun,0
capacity,capacity,s,AbstractConcepts,0
will,will,s,PredictedFuture,0
carry,carry,s,Motions,0
him,him,c,PersonPronoun,0
",",",",s,,0
is,is,s,ReportingStates,0
condemned,condemned,s,Negative_Relation,0
by,by,s,,0
his,his,s,ProjectAhead,0
intention,intention,s,ProjectAhead,1
to,to,s,,0
do,do,n,Intensity,0
worse,worse,s,Negativity,0
if,if,s,Contingency,0
his,his,s,PersonPronoun,0
skill,skill,s,StandardsPos,0
did,did,s,ReportingEvents,0
enable,enable,s,StandardsPos,0
him,him,nn,PersonPronoun,0
The,the,s,,0
Lawyer,lawyer,s,PersonProperty,0
is,is,s,ReportingStates,0
a,a,s,ReportingStates,1
necessary,necessary,s,CommonAuthorities,0
member,member,s,AbstractConcepts,0
of,of,s,,0
the,the,s,,0
commonwelth,commonwelth,s,UNRECOGNIZED,0
to,to,s,,0
find,find,s,,0
and,and,s,,0
determine,determine,n,Confidence,0
every,every,s,Generalization,0
man's,man's,s,PersonProperty,0
right,right,c,,0
.,.,s,Resistance,0
But,but,s,Resistance,1
if,if,s,Contingency,0
willingly,willingly,s,SubjectivePercept,0
he,he,s,PersonPronoun,0
oppugn,oppugn,s,Resistance,0
right,right,c,,0
",",",",s,,0
and,and,s,,0
be,be,s,ReportingStates,0
enemy,enemy,s,Negativity,0
to,to,s,,0
peace,peace,c,StandardsPos,0
",",",",n,,0
he,he,s,Updates,0
is,is,s,Updates,1
the,the,s,,0
Devils,devils,s,AbstractConcepts,0
agent,agent,c,CommonAuthorities,0
",",",",s,,0
and,and,s,,0
Christ's,christ's,s,UNRECOGNIZED,0
enemy,enemy,nn,Negativity,0
Likewise,likewise,s,Specifiers,0
a,a,s,,0
merchant,merchant,s,PersonProperty,0
which,which,s,,0
causes,causes,s,Cause,0
commerce,commerce,s,AbstractConcepts,0
and,and,s,,0
amity,amity,s,StandardsPos,0
between,between,s,,0
severed,severed,s,ReportingEvents,0
nations,nations,n,CommonAuthorities,0
is,is,s,ReportingStates,0
a,a,s,ReportingStates,1
man,man,s,PersonProperty,0
commendable,commendable,c,StandardsPos,0
.,.,s,Resistance,0
But,but,s,Resistance,1
if,if,s,Contingency,0
he,he,s,Contingency,1
use,use,s,ReportingEvents,0
fraud,fraud,c,StandardsNeg,0
",",",",s,,0
then,then,s,Sequence,0
is,is,s,Sequence,1
he,he,s,PersonPronoun,0
pestiferous,pestiferous,c,Negativity,0
",",",",s,,0
and,and,n,,0
deserves,deserves,s,StandardsPos,0
banishment,banishment,s,Resistance,0
where,where,s,,0
no,no,s,DenyDisclaim,0
society,society,s,AbstractConcepts,0
is,is,nnn,ReportingStates,0
I,i,s,FirstPer,0
told,told,s,DirectAddress,0
you,you,s,DirectAddress,1
Master,master,s,PersonProperty,0
Malingua,malingua,c,UNRECOGNIZED,0
",",",",s,,0
we,we,s,Contingency,0
could,could,s,Contingency,1
not,not,s,DenyDisclaim,0
lose,lose,s,Negativity,0
by,by,s,,0
the,the,s,,0
bargain,bargain,c,AbstractConcepts,0
.,.,s,,0
Now,now,s,Updates,0
the,the,s,Updates,1
Farmer,farmer,n,PersonProperty,0
is,is,s,ReportingStates,0
as,as,s,Comparison,0
bad,bad,s,Comparison,1
as,as,s,Comparison,2
we,we,c,,0
.,.,s,Question,0
What,what,s,Question,1
say,say,s,Citations,0
you,you,s,DirectAddress,0
Granato,granato,s,UNRECOGNIZED,0
to,to,s,,0
this,this,s,,0
gear,gear,nnn,SenseObject,0
I,i,s,FirstPer,0
say,say,s,Citations,0
little,little,c,SenseProperty,0
.,.,s,Question,0
Why,why,c,Question,1
?,?,s,Question,0
I,i,s,Contingency,0
can,can,s,Contingency,1
be,be,s,Contingency,2
content,content,s,Positivity,0
to,to,s,Positivity,1
be,be,s,ReportingStates,0
as,as,s,,0
dishonest,dishonest,s,StandardsNeg,0
as,as,s,DirectAddress,0
you,you,c,DirectAddress,1
.,.,s,,0
I,i,s,SelfDisclosure,0
am,am,s,SelfDisclosure,1
not,not,s,DenyDisclaim,0
proud,proud,n,StandardsPos,0
of,of,s,StandardsPos,1
my,my,s,FirstPer,0
honesty,honesty,c,StandardsPos,0
",",",",s,,0
nor,nor,s,DenyDisclaim,0
do,do,s,Question,0
I,i,s,Question,1
love,love,s,Positivity,0
to,to,s,Positivity,1
be,be,s,ReportingStates,0
singular,singular,nnn,Exceptions,0
But,but,s,Immediacy,0
now,now,s,Immediacy,1
thou,thou,s,DirectAddress,0
see,see,s,,0
we,we,s,,0
may,may,s,Contingency,0
be,be,s,Contingency,1
as,as,s,,0
honest,honest,s,StandardsPos,0
as,as,s,DirectAddress,0
you,you,c,DirectAddress,1
",",",",s,,0
if,if,s,Contingency,0
we,we,s,,0
will,will,s,PredictedFuture,0
our,our,s,Inclusive,0
selves,selves,c,SubjectivePercept,0
.,.,nnn,Question,0
Who,who,s,Question,1
denies,denies,s,Repair_Citation,0
that,that,c,Repair_Citation,1
?,?,s,Question,0
I,i,s,FirstPer,0
stand,stand,s,AbstractConcepts,0
not,not,s,DenyDisclaim,0
much,much,s,DenyDisclaim,1
upon,upon,s,,0
that,that,s,,0
neither,neither,c,DenyDisclaim,0
.,.,nnn,Resistance,0
But,but,s,Resistance,1
has,has,s,Updates,0
this,this,s,Updates,1
Hermites,hermites,s,UNRECOGNIZED,0
preaching,preaching,s,Intensity,0
done,done,s,ReportingStates,0
thee,thee,s,DirectAddress,0
no,no,s,Negativity,0
good,good,c,Negativity,1
?,?,s,Question,0
can,can,s,Contingency,0
thou,thou,s,DirectAddress,0
be,be,s,StandardsPos,0
content,content,s,StandardsPos,1
to,to,n,,0
mend,mend,s,Positivity,0
if,if,s,Contingency,0
we,we,s,,0
do,do,s,Intensity,0
so,so,s,Intensity,1
too,too,nnn,,0
Yes,yes,c,OralCues,0
",",",",s,OralCues,1
with,with,s,Positivity,0
all,all,s,Positivity,1
my,my,s,Positivity,2
heart,heart,c,Positivity,3
.,.,s,DirectAddress,0
And,and,s,DirectAddress,1
I,i,s,FirstPer,0
Will,will,s,PredictedFuture,0
be,be,s,PredictedFuture,1
good,good,s,,0
before,before,s,Sequence,0
both,both,s,,0
you,you,s,DirectAddress,0
if,if,s,Contingency,0
you,you,s,DirectAddress,0
mend,mend,s,Positivity,0
not,not,s,DenyDisclaim,0
the,the,n,DenyDisclaim,1
faster,faster,nnn,Comparison,0
Content,content,c,AbstractConcepts,0
.,.,s,DirectAddress,0
Let,let,s,DirectAddress,1
us,us,s,DirectAddress,2
all,all,s,,0
amend,amend,c,ReportingEvents,0
:,:,s,,0
for,for,s,,0
I,i,s,SelfDisclosure,0
think,think,s,SelfDisclosure,1
in,in,s,,0
my,my,s,FirstPer,0
conscience,conscience,s,StandardsPos,0
it,it,s,,0
is,is,s,Intensity,0
even,even,s,Intensity,1
high,high,s,SubjectiveTime,0
time,time,c,SubjectiveTime,1
.,.,nnn,,0
All,all,s,Inclusive,0
our,our,s,Inclusive,1
hands,hands,s,SenseObject,0
we,we,s,,0
will,will,s,PredictedFuture,0
join,join,s,Inclusive,0
together,together,s,Inclusive,1
in,in,s,SenseProperty,0
manner,manner,s,SenseProperty,1
of,of,s,,0
a,a,s,,0
vow,vow,s,Intensity,0
that,that,s,,0
it,it,s,ProjectAhead,0
shall,shall,s,ProjectAhead,1
be,be,s,ProjectAhead,2
so,so,c,Intensity,0
.,.,nnn,Intensity,1
Now,now,c,Updates,0
",",",",s,Updates,1
could,could,s,Contingency,0
I,i,s,FirstPer,0
meet,meet,s,ReportingEvents,0
my,my,s,FirstPer,0
merchant,merchant,s,PersonProperty,0
Noverindo,noverindo,c,UNRECOGNIZED,0
",",",",s,,0
I,i,s,SelfDisclosure,0
have,have,s,SelfDisclosure,1
here,here,s,SpaceRelation,0
a,a,s,Specifiers,0
whole,whole,s,Specifiers,1
library,library,s,SenseObject,0
for,for,s,,0
his,his,n,PersonPronoun,0
learning,learning,c,StandardsPos,0
.,.,s,StandardsPos,1
Here,here,s,SpaceRelation,0
he,he,s,PersonPronoun,0
may,may,s,Contingency,0
study,study,s,Curiosity,0
while,while,s,TimeDuration,0
he,he,s,TimeDuration,1
spend,spend,s,ReportingEvents,0
his,his,s,ReportingEvents,1
heart-blood,heart-blood,s,AbstractConcepts,0
with,with,s,,0
struggling,struggling,c,Resistance,0
",",",",n,Resistance,0
yet,yet,s,Resistance,1
never,never,s,DenyDisclaim,0
reach,reach,s,ReportingEvents,0
the,the,s,ReportingEvents,1
depth,depth,s,AbstractConcepts,0
with,with,s,,0
his,his,s,PersonPronoun,0
petitoes,petitoes,nn,UNRECOGNIZED,0
How,how,s,OpenQuery,0
long,long,s,OpenQuery,1
I,i,s,SelfDisclosure,0
think,think,s,SelfDisclosure,1
until,until,s,TimeDuration,0
I,i,s,TimeDuration,1
meet,meet,s,ReportingEvents,0
Noverindo,noverindo,c,UNRECOGNIZED,0
.,.,s,,0
All,all,s,,0
is,is,s,ProjectAhead,0
ready,ready,s,ProjectAhead,1
at,at,s,SpaceRelation,0
our,our,s,SpaceRelation,1
office,office,c,SpaceRelation,2
",",",",s,Resistance,0
but,but,n,Resistance,1
the,the,s,,0
Blazonrse,blazonrse,s,UNRECOGNIZED,0
of,of,s,Inclusive,0
our,our,s,Inclusive,1
coat,coat,s,SenseObject,0
of,of,s,SenseObject,1
Arms,arms,s,SenseObject,2
to,to,s,GenericEvents,0
be,be,s,GenericEvents,1
set,set,s,Sequence,0
up,up,c,Sequence,1
",",",",s,,0
and,and,s,,0
for,for,s,Negativity,0
want,want,s,Negativity,1
of,of,s,Negativity,2
that,that,s,Inclusive,0
we,we,s,Inclusive,1
lose,lose,n,Negativity,0
many,many,s,TimeDuration,0
hours,hours,c,TimeDuration,1
.,.,s,,0
For,for,s,ReasonBackward,0
there,there,s,ReasonBackward,1
be,be,s,ReportingStates,0
store,store,s,SenseObject,0
of,of,s,,0
suitors,suitors,s,PersonProperty,0
without,without,c,Contingency,0
",",",",s,,0
that,that,s,,0
think,think,s,PrivateThinking,0
long,long,s,ProjectAhead,0
to,to,s,ProjectAhead,1
seal,seal,n,SenseObject,0
they,they,s,,0
care,care,s,Negativity,0
not,not,s,Negativity,1
what,what,c,,0
.,.,s,Resistance,0
But,but,s,Resistance,1
we,we,s,,0
will,will,s,PredictedFuture,0
not,not,s,PredictedFuture,1
open,open,s,SpaceRelation,0
the,the,s,SpaceRelation,1
door,door,s,SpaceRelation,2
until,until,s,TimeDuration,0
we,we,s,TimeDuration,1
furnish,furnish,s,ReportingEvents,0
it,it,s,,0
with,with,n,Specifiers,0
that,that,s,Specifiers,1
gashefull,gashefull,s,UNRECOGNIZED,0
spectacle,spectacle,s,SpaceRelation,0
to,to,s,,0
affront,affront,s,Negative_Relation,0
them,them,c,,0
.,.,s,Resistance,0
Yet,yet,s,Resistance,1
time,time,s,,0
is,is,s,ReportingStates,0
precious,precious,s,StandardsPos,0
with,with,s,Inclusive,0
us,us,c,Inclusive,1
",",",",s,,0
who,who,n,,0
must,must,s,Insist,0
account,account,s,ReportingEvents,0
to,to,s,ReportingEvents,1
an,an,s,TimeDuration,0
hour,hour,c,TimeDuration,1
",",",",s,,0
else,else,s,Contingency,0
I,i,s,FirstPer,0
Will,will,s,PredictedFuture,0
not,not,s,PredictedFuture,1
give,give,s,ReportingEvents,0
a,a,s,ReportingEvents,1
fart,fart,s,Motions,0
for,for,s,,0
a,a,s,,0
monie-monger,monie-monger,s,UNRECOGNIZED,0
that,that,s,,0
shall,shall,n,ProjectAhead,0
lose,lose,s,Negativity,0
a,a,s,Negativity,1
minute,minute,s,,0
negligently,negligently,nn,Negativity,0
This,this,s,,0
catiffe,catiffe,s,UNRECOGNIZED,0
is,is,s,Positive_Attribution,0
careful,careful,s,Positive_Attribution,1
of,of,s,,0
losing,losing,s,StandardsNeg,0
time,time,s,StandardsNeg,1
in,in,s,Specifiers,0
his,his,s,Specifiers,1
wrathheaping,wrathheaping,s,UNRECOGNIZED,0
gain,gain,c,,0
;,;,s,Resistance,0
but,but,s,Resistance,1
that,that,n,,0
this,this,s,Immediacy,0
time,time,s,Immediacy,1
be,be,s,ReportingStates,0
well,well,s,StandardsPos,0
spent,spent,c,StandardsPos,1
",",",",s,,0
he,he,s,Neutral_Attribution,0
takes,takes,s,Neutral_Attribution,1
no,no,s,DenyDisclaim,0
care^at,care^at,s,UNRECOGNIZED,0
all,all,c,Inclusive,0
.,.,s,Inclusive,1
Well,well,s,SenseObject,0
Sir,sir,c,PersonProperty,0
",",",",s,,0
you,you,s,Insist,0
shall,shall,s,Insist,1
not,not,n,DenyDisclaim,0
complain,complain,s,Negative_Relation,0
of,of,s,Negative_Relation,1
me,me,s,FirstPer,0
for,for,s,,0
keeping,keeping,s,DirectAddress,0
you,you,s,DirectAddress,1
too,too,s,Negativity,0
long,long,s,Negativity,1
from,from,s,,0
the,the,s,StandardsNeg,0
Devil,devil,c,StandardsNeg,1
",",",",s,,0
the,the,s,,0
sooner,sooner,s,Comparison,0
you,you,s,DirectAddress,0
go,go,c,ReportingEvents,0
",",",",n,,0
the,the,s,Positivity,0
better,better,s,Positivity,1
for,for,s,,0
the,the,s,,0
country,country,s,AbstractConcepts,0
you,you,s,DirectAddress,0
live,live,s,SpaceRelation,0
in,in,c,SpaceRelation,1
.,.,s,,0
Noverindo,noverindo,c,UNRECOGNIZED,0
:,:,s,Question,0
why,why,s,Question,1
fret,fret,s,Negativity,0
you,you,s,DirectAddress,0
your,your,s,DirectAddress,0
self,self,c,SubjectivePercept,0
?,?,s,Question,0
I,i,n,SelfDisclosure,0
have,have,s,SelfDisclosure,1
more,more,s,Comparison,0
need,need,s,Insist,0
to,to,s,Insist,1
be,be,s,ReportingStates,0
chollericke,chollericke,s,UNRECOGNIZED,0
for,for,s,,0
staying,staying,s,TimeDuration,0
here,here,s,SpaceRelation,0
this,this,s,Immediacy,0
hour,hour,c,Immediacy,1
",",",",s,,0
waiting,waiting,s,ProjectAhead,0
your,your,n,DirectAddress,0
leisure,leisure,c,AbstractConcepts,0
",",",",s,,0
while,while,s,TimeDuration,0
I,i,s,FirstPer,0
might,might,s,Contingency,0
have,have,s,Contingency,1
gotten,gotten,s,,0
20,20,c,Numbers,0
^^,^^,s,UNRECOGNIZED,0
by,by,s,,0
other,other,s,Specifiers,0
employments,employments,nnn,AbstractConcepts,0
I,i,s,FirstPer,0
cry,cry,s,Motions,0
you,you,s,DirectAddress,0
mercy,mercy,s,StandardsPos,0
Master,master,s,PersonProperty,0
Proberio,proberio,c,UNRECOGNIZED,0
.,.,s,,0
I,i,s,Sad,0
am,am,s,Sad,1
sorry,sorry,s,Sad,2
for,for,s,Sad,3
that,that,c,,0
.,.,s,DirectAddress,0
And,and,s,DirectAddress,1
I,i,s,SelfDisclosure,0
thought,thought,s,SelfDisclosure,1
you,you,s,DirectAddress,0
had,had,n,DirectAddress,1
not,not,s,DenyDisclaim,0
dispatched,dispatched,s,ReportingEvents,0
our,our,s,Inclusive,0
business,business,c,AbstractConcepts,0
.,.,s,,0
I,i,s,FirstPer,0
pray,pray,s,Intensity,0
you,you,s,DirectAddress,0
let,let,s,DirectAddress,1
me,me,s,FirstPer,0
see,see,s,PrivateThinking,0
it,it,c,PrivateThinking,1
.,.,s,,0
All,all,s,Inclusive,0
our,our,s,Inclusive,1
occasions,occasions,s,GenericEvents,0
are,are,s,ReportingStates,0
at,at,n,SpaceRelation,0
a,a,s,SpaceRelation,1
stand,stand,s,SpaceRelation,2
until,until,s,TimeDuration,0
it,it,s,,0
come,come,c,DirectAddress,0
",",",",s,DirectAddress,1
for,for,s,,0
it,it,s,Insist,0
must,must,s,Insist,1
be,be,s,Insist,2
set,set,s,Sequence,0
up,up,s,Sequence,1
before,before,s,Sequence,0
any,any,s,,0
be,be,s,ReportingStates,0
admitted,admitted,s,Disclosure,0
thither,thither,c,SpaceRelation,0
",",",",s,,0
or,or,n,Contingency,0
else,else,s,Contingency,1
the,the,s,,0
world,world,s,AbstractConcepts,0
will,will,s,PredictedFuture,0
think,think,s,PrivateThinking,0
it,it,s,,0
to,to,s,GenericEvents,0
be,be,s,GenericEvents,1
a,a,s,Updates,0
new,new,s,Updates,1
devised,devised,s,ReportingEvents,0
trick,trick,c,SubjectivePercept,0
",",",",s,,0
and,and,s,DenyDisclaim,0
not,not,s,DenyDisclaim,1
appendant,appendant,s,AbstractConcepts,0
to,to,n,Inclusive,0
our,our,s,Inclusive,1
corporation,corporation,nnn,AbstractConcepts,0
None,none,s,DenyDisclaim,0
but,but,s,Resistance,0
fools,fools,s,Negativity,0
will,will,s,PredictedFuture,0
think,think,s,PrivateThinking,0
so,so,s,PrivateThinking,1
when,when,s,TimeShift,0
they,they,s,TimeShift,1
view,view,s,SenseProperty,0
it,it,s,,0
well,well,c,OralCues,0
",",",",s,OralCues,1
they,they,s,,0
shall,shall,s,ProjectAhead,0
be,be,s,ProjectAhead,1
caught,caught,s,ReportingEvents,0
to,to,n,Acknowledge,0
acknowledge,acknowledge,s,Acknowledge,1
that,that,s,,0
it,it,s,ProjectBack,0
was,was,s,ProjectBack,1
due,due,s,ReasonBackward,0
to,to,s,ReasonBackward,1
you,you,s,DirectAddress,0
long,long,s,ProjectBack,0
since,since,c,ProjectBack,1
",",",",s,,0
even,even,s,SubjectivePercept,0
from,from,s,SubjectivePercept,1
your,your,s,DirectAddress,0
first,first,n,Sequence,0
denomination,denomination,nnn,AbstractConcepts,0
Well,well,s,SenseObject,0
said,said,s,Citations,0
Proberio,proberio,c,UNRECOGNIZED,0
",",",",s,ReasonForward,0
so,so,s,ReasonForward,1
would,would,s,Future_Question,0
I,i,s,Future_Question,1
have,have,s,Cause,0
it,it,s,Cause,1
appear,appear,s,SubjectivePercept,0
indeed,indeed,c,Intensity,0
.,.,s,MoveBody,0
Unfold,unfold,c,MoveBody,1
",",",",s,,0
let,let,s,ReportingEvents,0
me,me,s,FirstPer,0
see,see,s,PrivateThinking,0
it,it,n,PrivateThinking,1
quickly,quickly,c,SubjectiveTime,0
.,.,s,,0
I,i,s,SelfDisclosure,0
am,am,s,SelfDisclosure,1
with,with,s,AbstractConcepts,0
child,child,s,AbstractConcepts,1
till,till,s,TimeShift,0
I,i,s,TimeShift,1
see,see,s,PrivateThinking,0
it,it,nnn,PrivateThinking,1
With,with,s,AbstractConcepts,0
child,child,c,AbstractConcepts,1
?,?,s,Question,0
with,with,s,Specifiers,0
the,the,s,Specifiers,1
Devil,devil,s,AbstractConcepts,0
you,you,s,DirectAddress,0
are,are,c,DirectAddress,1
.,.,s,Resistance,0
But,but,s,Resistance,1
soft,soft,s,SenseProperty,0
Sir,sir,c,PersonProperty,0
",",",",s,Question,0
is,is,s,Question,1
there,there,s,Question,2
no,no,s,DenyDisclaim,0
more,more,s,DenyDisclaim,1
in,in,s,,0
the,the,n,,0
case,case,s,AbstractConcepts,0
then,then,s,Sequence,0
you,you,s,Sequence,1
make,make,s,ReportingEvents,0
show,show,s,SenseProperty,0
of,of,c,SenseProperty,1
?,?,s,Question,0
what,what,s,,0
presently,presently,s,TimeShift,0
see,see,s,PrivateThinking,0
it,it,c,PrivateThinking,1
",",",",s,,0
and,and,s,,0
have,have,s,Cause,0
it,it,c,Cause,1
",",",",s,,0
and,and,s,,0
set,set,s,ReportingEvents,0
it,it,s,ReportingEvents,1
up,up,nnn,ReportingEvents,2
No,no,c,DenyDisclaim,0
.,.,s,Question,0
Why,why,s,Question,1
should,should,s,Contingency,0
there,there,s,Contingency,1
be,be,s,Contingency,2
any,any,s,Contingency,3
more,more,s,Comparison,0
circumstances,circumstances,s,Contingency,0
used,used,c,ReportingEvents,0
?,?,s,Question,0
is,is,s,Question,0
it,it,s,Question,1
not,not,s,DenyDisclaim,0
ours,ours,c,Inclusive,0
",",",",s,,0
and,and,n,,0
belongs,belongs,s,ReportingEvents,0
to,to,s,ReportingEvents,1
us,us,s,Inclusive,0
only,only,nnn,SubjectivePercept,0
But,but,s,Resistance,0
Sir,sir,c,PersonProperty,0
",",",",s,,0
have,have,s,DirectAddress,0
you,you,s,DirectAddress,1
forgotten,forgotten,s,Negativity,0
my,my,s,FirstPer,0
two,two,s,Numbers,0
pieces,pieces,s,SenseObject,0
you,you,s,DirectAddress,0
promised,promised,s,StandardsPos,0
me,me,s,FirstPer,0
upon,upon,s,,0
finishing,finishing,s,Sequence,0
the,the,n,,0
business,business,c,AbstractConcepts,0
?,?,s,Question,0
I,i,s,FirstPer,0
warrant,warrant,s,CommonAuthorities,0
you,you,s,DirectAddress,0
I,i,s,SelfDisclosure,0
have,have,s,SelfDisclosure,1
deserved,deserved,s,StandardsPos,0
it,it,s,,0
you,you,s,Reassure,0
need,need,s,Reassure,1
not,not,s,Reassure,2
grudge,grudge,s,Negative_Relation,0
me,me,nnn,FirstPer,0
If,if,s,Contingency,0
I,i,s,PosFeedback,0
like,like,s,PosFeedback,1
it,it,c,PosFeedback,2
",",",",s,,0
I,i,s,FirstPer,0
will,will,s,PredictedFuture,0
perform,perform,s,ReportingEvents,0
your,your,s,DirectAddress,0
two,two,s,Numbers,0
pieces,pieces,c,SenseObject,0
.,.,s,Request,0
Will,will,s,Request,1
you,you,s,Request,2
not,not,s,DenyDisclaim,0
trust,trust,s,Confidence,0
me,me,s,FirstPer,0
for,for,s,,0
44,44,c,Numbers,0
.,.,n,,0
shillings,shillings,nnn,AbstractConcepts,0
Why,why,s,Question,0
should,should,s,DirectAddress,0
you,you,s,DirectAddress,1
ask,ask,s,Request,0
me,me,s,FirstPer,0
such,such,s,Specifiers,0
a,a,s,Specifiers,1
question,question,c,AbstractConcepts,0
?,?,s,Question,0
Is,is,s,OpenQuery,0
there,there,s,OpenQuery,1
any,any,s,OpenQuery,2
man,man,s,PersonProperty,0
in,in,s,,0
Christendom,christendom,s,UNRECOGNIZED,0
or,or,s,,0
in,in,n,,0
Kent,kent,c,,0
",",",",s,,0
that,that,s,DirectAddress,0
you,you,s,DirectAddress,1
will,will,s,PredictedFuture,0
trust,trust,s,Confidence,0
for,for,s,Confidence,1
40,40,c,Numbers,0
.,.,s,,0
shillings,shillings,s,AbstractConcepts,0
without,without,s,Contingency,0
good,good,s,,0
security,security,nnn,StandardsPos,0
No,no,c,DenyDisclaim,0
.,.,s,Resistance,0
But,but,s,Resistance,1
you,you,s,DirectAddress,0
have,have,s,DirectAddress,1
good,good,s,,0
security,security,c,StandardsPos,0
:,:,s,,0
for,for,s,DirectAddress,0
you,you,s,DirectAddress,1
have,have,s,ReportingEvents,0
the,the,s,ReportingEvents,1
thing,thing,s,Uncertainty,0
it,it,s,,0
self,self,s,SubjectivePercept,0
in,in,s,DirectAddress,0
your,your,s,DirectAddress,1
hand,hand,c,SenseObject,0
",",",",n,Aside,0
which,which,s,Aside,1
you,you,s,DirectAddress,0
may,may,s,DirectAddress,1
keep,keep,nnn,TimeDuration,0
Yes,yes,c,OralCues,0
",",",",s,OralCues,1
I,i,s,SelfDisclosure,0
have,have,c,SelfDisclosure,1
",",",",s,,0
and,and,s,,0
will,will,s,PredictedFuture,0
keep,keep,s,Resistance,0
you,you,s,Resistance,1
from,from,s,Resistance,2
sight,sight,s,SenseProperty,0
of,of,s,,0
it,it,s,,0
until,until,s,TimeDuration,0
I,i,s,TimeDuration,1
have,have,s,,0
my,my,s,FirstPer,0
money,money,c,AbstractConcepts,0
.,.,s,,0
For,for,n,,0
what,what,s,,0
can,can,s,Contingency,0
I,i,s,FirstPer,0
tell,tell,c,,0
?,?,s,Question,0
you,you,s,DirectAddress,0
may,may,s,DirectAddress,1
be,be,s,ReportingStates,0
so,so,s,,0
ouer-ioyed,ouer-ioyed,s,UNRECOGNIZED,0
with,with,s,Specifiers,0
the,the,s,Specifiers,1
sight,sight,c,SenseProperty,0
",",",",s,,0
that,that,s,DirectAddress,0
you,you,s,DirectAddress,1
may,may,s,Contingency,0
run,run,n,Intensity,0
mad,mad,s,Intensity,1
upon,upon,s,,0
it,it,c,,0
.,.,s,TimeShift,0
And,and,s,TimeShift,1
then,then,s,TimeShift,2
what,what,s,,0
guardian,guardian,s,PersonProperty,0
of,of,s,DirectAddress,0
yours,yours,s,DirectAddress,1
while,while,s,TimeDuration,0
you,you,s,DirectAddress,0
live,live,c,,0
",",",",s,,0
or,or,s,,0
administrator,administrator,n,PersonProperty,0
when,when,s,DirectAddress,0
you,you,s,DirectAddress,1
die,die,s,AbstractConcepts,0
will,will,s,PredictedFuture,0
pay,pay,s,ReportingEvents,0
me,me,s,FirstPer,0
44,44,c,Numbers,0
.,.,s,,0
shillings,shillings,c,AbstractConcepts,0
",",",",s,,0
especially,especially,s,Specifiers,0
being,being,s,ReportingStates,0
due,due,s,ProjectAhead,0
for,for,s,ProjectAhead,1
a,a,s,Specifiers,0
thing,thing,s,Specifiers,1
that,that,n,Specifiers,2
put,put,s,DirectAddress,0
you,you,s,DirectAddress,1
out,out,s,DirectAddress,2
of,of,s,DirectAddress,0
your,your,s,DirectAddress,1
wits,wits,c,StandardsPos,0
?,?,s,Question,0
Therefore,therefore,s,ReasonForward,0
satisfy,satisfy,s,StandardsPos,0
your,your,s,DirectAddress,0
self,self,c,SubjectivePercept,0
",",",",s,,0
you,you,s,Insist,0
shall,shall,s,Insist,1
not,not,s,DenyDisclaim,0
see,see,s,DenyDisclaim,1
it,it,n,,0
until,until,s,TimeDuration,0
I,i,s,TimeDuration,1
have,have,s,,0
every,every,s,Generalization,0
penny,penny,s,SenseObject,0
of,of,s,,0
my,my,s,FirstPer,0
money,money,nnn,AbstractConcepts,0
How,how,s,,0
shall,shall,s,Future_Question,0
I,i,s,Future_Question,1
know,know,s,Confidence,0
that,that,s,Confidence,1
it,it,s,,0
is,is,s,Updates,0
done,done,s,Updates,1
when,when,s,Autobio,0
I,i,s,Autobio,1
have,have,s,Autobio,2
paid,paid,s,ReportingEvents,0
you,you,c,DirectAddress,0
?,?,nnn,Question,0
Even,even,s,Resistance,0
as,as,s,Resistance,1
I,i,s,FirstPer,0
know,know,s,Confidence,0
that,that,s,Confidence,1
you,you,s,DirectAddress,0
will,will,s,PredictedFuture,0
pay,pay,s,ReportingEvents,0
me,me,s,FirstPer,0
100,100,c,Numbers,0
^,^,c,UNRECOGNIZED,0
.,.,s,Question,0
when,when,s,Question,1
I,i,s,FirstPer,0
and,and,s,,0
my,my,s,FirstPer,0
sureties,sureties,s,Confidence,0
haue-seal'd,haue-seal'd,n,UNRECOGNIZED,0
the,the,s,,0
bond,bond,s,AbstractConcepts,0
to,to,s,DirectAddress,0
your,your,s,DirectAddress,1
use,use,s,ReportingEvents,0
before,before,s,Sequence,0
I,i,s,FirstPer,0
receive,receive,s,ReportingEvents,0
a,a,s,,0
penny,penny,nnn,SenseObject,0
You,you,s,DirectAddress,0
say,say,s,DirectAddress,1
well,well,c,StandardsPos,0
.,.,s,StandardsPos,1
Come,come,c,DirectAddress,0
",",",",s,DirectAddress,1
here,here,s,DirectAddress,0
is,is,s,DirectAddress,1
your,your,s,DirectAddress,2
money,money,c,AbstractConcepts,0
.,.,nnn,,0
Now,now,s,Immediacy,0
you,you,s,Insist,0
shall,shall,s,Insist,1
see,see,s,PrivateThinking,0
it,it,c,PrivateThinking,1
.,.,nnnnnn,,0
Sir,sir,c,PersonProperty,0
.,.,s,,0
this,this,s,,0
Tiburnist,tiburnist,c,UNRECOGNIZED,0
",",",",s,,0
or,or,s,,0
hangman,hangman,s,Negativity,0
is,is,s,ReportingStates,0
the,the,s,ReportingStates,1
Devil,devil,c,AbstractConcepts,0
.,.,s,DirectAddress,0
And,and,s,DirectAddress,1
this,this,s,,0
fellow,fellow,s,PersonProperty,0
that,that,s,SenseProperty,0
has,has,s,SenseProperty,1
the,the,n,SenseProperty,2
purse,purse,s,SenseObject,0
is,is,s,ReportingStates,0
Judas,judas,c,,0
.,.,s,,0
the,the,s,,0
figure,figure,s,SenseObject,0
of,of,s,,0
30,30,s,Numbers,0
with,with,s,,0
p-ioin'd,p-ioin'd,s,UNRECOGNIZED,0
to,to,s,,0
it,it,s,,0
signifies,signifies,s,ReportingEvents,0
30,30,s,Numbers,0
pence,pence,c,AbstractConcepts,0
",",",",s,ReasonForward,0
for,for,n,ReasonForward,1
which,which,s,,0
he,he,s,Neutral_Attribution,0
sold,sold,s,Neutral_Attribution,1
his,his,s,PersonPronoun,0
master,master,c,PersonProperty,0
.,.,s,,0
That,that,s,Specifiers,0
which,which,s,Specifiers,1
follows,follows,s,,0
is,is,s,ReportingStates,0
meant,meant,s,SubjectivePercept,0
of,of,s,CommonAuthorities,0
Christ,christ,c,CommonAuthorities,1
",",",",s,,0
worth,worth,s,StandardsPos,0
a,a,n,StandardsPos,1
hundred,hundred,s,Numbers,0
worlds,worlds,c,AbstractConcepts,0
:,:,s,,0
for,for,s,Specifiers,0
which,which,s,Specifiers,1
fact,fact,s,AbstractConcepts,0
the,the,s,StandardsNeg,0
Devil,devil,s,StandardsNeg,1
put,put,s,Narrative_Verbs,0
a,a,s,Narrative_Verbs,1
halter,halter,s,SenseObject,0
about,about,s,,0
his,his,s,PersonPronoun,0
neck,neck,s,SenseObject,0
and,and,n,,0
hanged,hanged,s,SpaceRelation,0
him,him,c,PersonPronoun,0
.,.,s,ReasonForward,0
So,so,s,ReasonForward,1
shortly,shortly,s,SubjectiveTime,0
this,this,s,ReportingStates,0
is,is,s,ReportingStates,1
the,the,s,,0
sum,sum,s,AbstractConcepts,0
of,of,s,Specifiers,0
all,all,nn,Specifiers,1
Judas,judas,s,,0
who,who,s,,0
for,for,s,,0
30d,30d,s,UNRECOGNIZED,0
sold,sold,s,ReportingEvents,0
Christ,christ,s,AbstractConcepts,0
infinitely,infinitely,s,Intensity,0
greatest,greatest,n,Comparison,0
Was,was,s,ProjectBack,0
hanged,hanged,s,SpaceRelation,0
by,by,s,,0
the,the,s,,0
Devils,devils,s,AbstractConcepts,0
help,help,c,Positivity,0
",",",",s,,0
and,and,s,,0
reputed,reputed,s,CommonAuthorities,0
with,with,s,Specifiers,0
the,the,s,Specifiers,1
basest,basest,c,Negativity,0
.,.,n,,0
Before,before,s,Sequence,0
you,you,s,DirectAddress,0
saw,saw,s,,0
the,the,s,,0
history,history,c,AbstractConcepts,0
",",",",n,,0
Now,now,s,Immediacy,0
you,you,s,OralCues,0
hear,hear,s,OralCues,1
the,the,s,Uncertainty,0
mystery,mystery,c,Uncertainty,1
.,.,nn,ReportingStates,0
It,it,s,ReportingStates,1
Is,is,s,ReportingStates,2
a,a,s,Positivity,0
good,good,s,Positivity,1
exposition,exposition,c,LangRef,0
.,.,s,Resistance,0
But,but,s,Resistance,1
I,i,s,FirstPer,0
wood,wood,s,SenseObject,0
I,i,s,Autobio,0
had,had,s,Autobio,1
my,my,s,FirstPer,0
two,two,s,Numbers,0
pieces,pieces,s,SenseObject,0
again,again,c,RecurringEvents,0
.,.,s,Intensity,0
I,i,s,Intensity,1
do,do,s,Intensity,2
not,not,s,DenyDisclaim,0
like,like,n,DenyDisclaim,1
it,it,s,,0
very,very,s,OralCues,0
well,well,c,OralCues,1
",",",",s,OralCues,2
for,for,s,Specifiers,0
many,many,s,Specifiers,1
ignorant,ignorant,s,StandardsNeg,0
people,people,s,PersonProperty,0
will,will,s,PredictedFuture,0
take,take,s,Responsibility,0
it,it,s,Responsibility,1
far,far,s,SpaceRelation,0
otherwise,otherwise,c,Contingency,0
:,:,s,,0
as,as,s,,0
thus,thus,c,ReasonForward,0
",",",",n,,0
30,30,c,Numbers,0
.,.,s,,0
p,p,c,AbstractConcepts,0
.,.,s,AbstractConcepts,1
30,30,c,Numbers,0
^,^,c,UNRECOGNIZED,0
.,.,s,,0
for,for,s,,0
a,a,s,,0
hundredth,hundredth,c,Sequence,0
.,.,s,Sequence,1
And,and,s,,0
he,he,s,CommonAuthorities,0
that,that,s,CommonAuthorities,1
takes,takes,s,ReportingEvents,0
30,30,c,Numbers,0
^,^,s,UNRECOGNIZED,0
in,in,s,,0
the,the,s,,0
100,100,c,Numbers,0
.,.,s,,0
is,is,s,ProjectAhead,0
to,to,s,ProjectAhead,1
be,be,s,ReportingStates,0
hanged,hanged,n,SpaceRelation,0
by,by,s,,0
the,the,s,StandardsNeg,0
Devil,devil,nnn,StandardsNeg,1
It,it,s,ConfirmedThght,0
Is,is,s,ConfirmedThght,1
true,true,c,ConfirmedThght,2
.,.,s,,0
many,many,s,,0
may,may,s,Contingency,0
think,think,s,PrivateThinking,0
so,so,c,PrivateThinking,1
:,:,s,,0
but,but,s,Resistance,0
your,your,s,DirectAddress,0
Clarks,clarks,s,UNRECOGNIZED,0
must,must,s,Insist,0
inform,inform,s,ReportingEvents,0
them,them,s,ReportingEvents,1
in,in,s,Specifiers,0
the,the,s,Specifiers,1
sense,sense,c,Specifiers,2
.,.,n,,0
No,no,s,DenyDisclaim,0
man,man,s,DenyDisclaim,1
can,can,s,Contingency,0
put,put,s,Narrative_Verbs,0
a,a,s,Narrative_Verbs,1
secret,secret,s,AbstractConcepts,0
in,in,s,,0
figures,figures,s,SenseObject,0
but,but,s,Resistance,0
it,it,s,Resistance,1
may,may,s,Contingency,0
be,be,s,Contingency,1
diversely,diversely,s,AbstractConcepts,0
interpreted,interpreted,c,ReportingStates,0
.,.,s,ReportingStates,1
And,and,s,ReasonForward,0
so,so,n,ReasonForward,1
be,be,s,ReportingStates,0
all,all,s,,0
oracles,oracles,s,ProjectAhead,0
taken,taken,s,ProjectBack,0
in,in,s,,0
sundry,sundry,s,AbstractConcepts,0
senses,senses,nnn,AbstractConcepts,0
But,but,s,Resistance,0
I,i,s,FirstPer,0
wish,wish,s,SubjectivePercept,0
it,it,s,,0
were,were,s,ProjectBack,0
made,made,s,ReportingEvents,0
plainer,plainer,s,Comparison,0
to,to,s,,0
the,the,s,CommonAuthorities,0
understanding,understanding,c,CommonAuthorities,1
:,:,s,,0
for,for,s,,0
the,the,s,Comparison,0
more,more,s,Comparison,1
part,part,s,,0
will,will,n,PredictedFuture,0
take,take,s,Responsibility,0
it,it,s,Responsibility,1
as,as,s,SelfDisclosure,0
I,i,s,SelfDisclosure,1
did,did,s,ReportingEvents,0
at,at,s,SpaceRelation,0
first,first,s,SpaceRelation,1
sight,sight,nnn,SpaceRelation,2
Why,why,s,Question,0
should,should,s,DirectAddress,0
you,you,s,DirectAddress,1
think,think,s,PrivateThinking,0
so,so,c,PrivateThinking,1
?,?,nnn,Question,0
Because,because,s,ReasonBackward,0
I,i,s,SelfDisclosure,0
cannot,cannot,s,SelfDisclosure,1
imagine,imagine,s,SelfDisclosure,2
any,any,s,,0
other,other,s,Specifiers,0
meaning,meaning,s,LangRef,0
so,so,s,,0
proper,proper,s,StandardsPos,0
to,to,s,StandardsPos,1
those,those,s,,0
figures,figures,s,SenseObject,0
as,as,s,Comparison,0
that,that,n,Comparison,1
I,i,s,SelfDisclosure,0
conceived,conceived,nnn,SelfDisclosure,1
That,that,s,SelfDisclosure,2
Is,is,s,ReasonBackward,0
because,because,s,ReasonBackward,1
you,you,s,DirectAddress,0
are,are,s,DirectAddress,1
parcel,parcel,s,SenseObject,0
^,^,s,UNRECOGNIZED,0
guilty,guilty,c,Negative_Relation,0
.,.,s,Resistance,0
But,but,s,Resistance,1
I,i,s,FirstPer,0
will,will,s,PredictedFuture,0
gather,gather,s,ReportingEvents,0
two,two,s,Numbers,0
other,other,s,Specifiers,0
conceits,conceits,n,SubjectivePercept,0
as,as,s,,0
proper,proper,s,StandardsPos,0
as,as,s,Comparison,0
that,that,s,Comparison,1
of,of,s,DirectAddress,0
yours,yours,nnn,DirectAddress,1
If,if,s,Contingency,0
you,you,s,Reassure,0
can,can,s,Reassure,1
do,do,s,Reassure,2
so,so,s,,0
I,i,s,SelfDisclosure,0
am,am,s,SelfDisclosure,1
satisfied,satisfied,c,ReportingStates,0
.,.,nnn,ReportingStates,1
Thus,thus,s,ReasonForward,0
30,30,c,Numbers,0
^,^,s,UNRECOGNIZED,0
pro,pro,s,AbstractConcepts,0
100,100,c,Numbers,0
.,.,s,,0
that,that,s,Specifiers,0
is,is,c,Specifiers,1
",",",",s,Specifiers,2
he,he,s,CommonAuthorities,0
that,that,s,CommonAuthorities,1
gives,gives,s,,0
30,30,s,Numbers,0
in,in,s,,0
the,the,s,,0
100,100,s,Numbers,0
is,is,s,ReportingStates,0
worthy,worthy,s,StandardsPos,0
to,to,s,GenericEvents,0
be,be,n,GenericEvents,1
hanged,hanged,nnn,SpaceRelation,0
That,that,s,,0
judgment,judgment,s,PrivateThinking,0
is,is,s,Intensity,0
very,very,s,Intensity,1
prejudicial,prejudicial,s,StandardsNeg,0
for,for,s,Inclusive,0
us,us,c,Inclusive,1
",",",",s,,0
and,and,s,,0
may,may,s,Contingency,0
force,force,s,CommonAuthorities,0
from,from,s,CommonAuthorities,1
us,us,s,Inclusive,0
many,many,s,,0
Clients,clients,c,PersonProperty,0
.,.,nnn,Intensity,0
I,i,s,Intensity,1
do,do,s,Intensity,2
but,but,s,Resistance,0
guess,guess,s,Uncertainty,0
at,at,s,Immediacy,0
this,this,s,Immediacy,1
for,for,s,,0
variety,variety,s,AbstractConcepts,0
sake,sake,c,SenseObject,0
",",",",s,,0
And,and,s,Sequence,0
then,then,s,Sequence,1
another,another,s,Specifiers,0
is,is,s,ReportingStates,0
this,this,c,Immediacy,0
.,.,s,Immediacy,1
30,30,c,Numbers,0
^,^,s,UNRECOGNIZED,0
in,in,n,,0
the,the,s,,0
100,100,c,Numbers,0
.,.,s,,0
he,he,s,CommonAuthorities,0
that,that,s,CommonAuthorities,1
will,will,s,PredictedFuture,0
not,not,s,PredictedFuture,1
give,give,s,,0
30,30,s,Numbers,0
in,in,s,,0
the,the,s,,0
100,100,s,Numbers,0
is,is,s,ReportingStates,0
worthy,worthy,s,StandardsPos,0
to,to,s,GenericEvents,0
be,be,s,GenericEvents,1
hanged,hanged,nnn,SpaceRelation,0
O,o,s,LangRef,0
this,this,c,Immediacy,0
;,;,s,Immediacy,1
this,this,c,Immediacy,0
.,.,s,Immediacy,1
none,none,s,DenyDisclaim,0
like,like,s,SubjectivePercept,0
to,to,s,SubjectivePercept,1
this,this,c,Immediacy,0
.,.,s,Immediacy,1
Now,now,s,Immediacy,0
I,i,s,SelfDisclosure,0
like,like,s,SelfDisclosure,1
this,this,s,,0
riddle,riddle,s,Curiosity,0
excellent,excellent,s,StandardsPos,0
well,well,s,SenseObject,0
that,that,n,,0
yields,yields,s,ReportingEvents,0
so,so,s,Intensity,0
many,many,c,Intensity,1
",",",",s,ReasonForward,0
and,and,s,ReasonForward,1
so,so,s,ReasonForward,2
witty,witty,s,StandardsPos,0
co^structio^s,co^structio^s,nnn,UNRECOGNIZED,0
Nay,nay,s,OralCues,0
here,here,s,SpaceRelation,0
one,one,s,Numbers,0
more,more,s,Comparison,0
comes,comes,s,ReportingEvents,0
flowing,flowing,s,Motions,0
in,in,c,,0
.,.,s,,0
I,i,s,FirstPer,0
tell,tell,s,DirectAddress,0
you,you,s,DirectAddress,1
it,it,s,,0
is,is,s,Intensity,0
a,a,s,Intensity,1
very,very,s,Intensity,2
copious,copious,s,StandardsPos,0
theme,theme,c,LangRef,0
.,.,s,,0
^,^,n,UNRECOGNIZED,0
could,could,s,Contingency,0
keep,keep,s,DirectAddress,0
you,you,s,DirectAddress,1
here,here,s,SpaceRelation,0
this,this,s,Immediacy,0
hour,hour,s,Immediacy,1
with,with,s,,0
voluntary,voluntary,s,SubjectivePercept,0
variety,variety,c,AbstractConcepts,0
.,.,s,,0
I,i,s,Autobio,0
remember,remember,s,Autobio,1
them,them,s,,0
as,as,n,SubjectiveTime,0
fast,fast,s,SubjectiveTime,1
as,as,s,SubjectiveTime,2
they,they,s,,0
come,come,s,ReportingEvents,0
into,into,s,ReportingEvents,1
my,my,s,FirstPer,0
brains,brains,s,SenseObject,0
by,by,s,,0
huddles,huddles,c,Motions,0
.,.,s,,0
30,30,s,Numbers,0
in,in,s,,0
the,the,s,,0
100,100,c,Numbers,0
.,.,s,DirectAddress,0
and,and,s,DirectAddress,1
the,the,s,,0
hangman,hangman,n,Negativity,0
by,by,c,,0
:,:,s,,0
that,that,s,Specifiers,0
is,is,c,Specifiers,1
",",",",s,Specifiers,2
he,he,s,CommonAuthorities,0
that,that,s,CommonAuthorities,1
will,will,s,PredictedFuture,0
not,not,s,PredictedFuture,1
give,give,s,,0
30,30,s,Numbers,0
in,in,s,,0
the,the,s,,0
100,100,c,Numbers,0
.,.,s,,0
shall,shall,s,ProjectAhead,0
be,be,s,ProjectAhead,1
hanged,hanged,s,SpaceRelation,0
before,before,s,Sequence,0
he,he,s,PersonPronoun,0
get,get,n,,0
any,any,s,,0
money,money,s,AbstractConcepts,0
there,there,nnn,,0
And,and,s,ReasonForward,0
so,so,s,ReasonForward,1
he,he,s,ReasonForward,2
shall,shall,s,ProjectAhead,0
^,^,s,UNRECOGNIZED,0
warrant,warrant,s,CommonAuthorities,0
him,him,c,PersonPronoun,0
.,.,s,ReportingStates,0
This,this,s,ReportingStates,1
is,is,s,ReportingStates,2
as,as,s,,0
good,good,s,,0
or,or,s,,0
rather,rather,s,Resistance,0
better,better,s,Comparison,0
then,then,s,,0
the,the,n,Specifiers,0
other,other,c,Specifiers,1
.,.,s,,0
I,i,s,FirstPer,0
commend,commend,s,StandardsPos,0
thee,thee,s,DirectAddress,0
Proberio,proberio,c,UNRECOGNIZED,0
.,.,s,,0
either,either,s,Metadiscourse,0
of,of,s,,0
these,these,s,PredictedFuture,0
will,will,s,PredictedFuture,1
serve,serve,s,ReportingEvents,0
our,our,s,Inclusive,0
turn,turn,nn,,0
Here,here,c,SpaceRelation,0
",",",",s,SpaceRelation,1
thou,thou,s,DirectAddress,0
shall,shall,s,ProjectAhead,0
have,have,s,Cause,0
one,one,s,Cause,1
piece,piece,s,AbstractConcepts,0
more,more,c,Comparison,0
.,.,s,,0
I,i,s,FirstPer,0
Will,will,s,PredictedFuture,0
be,be,s,PredictedFuture,1
bigger,bigger,s,Comparison,0
to,to,s,,0
thee,thee,s,DirectAddress,0
then,then,s,,0
my,my,s,OralCues,0
word,word,c,OralCues,1
.,.,n,,0
Thou,thou,s,DirectAddress,0
will,will,s,PredictedFuture,0
make,make,s,ReportingEvents,0
all,all,s,Inclusive,0
our,our,s,Inclusive,1
worships,worships,s,Positivity,0
hearts,hearts,s,SenseObject,0
merry,merry,s,Positivity,0
with,with,s,Positivity,1
this,this,s,,0
device,device,nnn,SenseObject,0
I,i,s,Acknowledge,0
thank,thank,s,Acknowledge,1
you,you,s,Acknowledge,2
Sir,sir,c,PersonProperty,0
.,.,s,DirectAddress,0
And,and,s,DirectAddress,1
if,if,s,Contingency,0
you,you,s,DirectAddress,0
knew,knew,s,Confidence,0
with,with,s,,0
what,what,s,,0
alacri,alacri,s,UNRECOGNIZED,0
tie,tie,c,SenseObject,0
",",",",s,,0
and,and,s,,0
willingness,willingness,s,SubjectivePercept,0
I,i,n,FirstPer,0
went,went,s,ReportingEvents,0
about,about,s,ReportingEvents,1
it,it,c,,0
",",",",s,,0
you,you,s,DirectAddress,0
would,would,s,DirectAddress,1
think,think,s,PrivateThinking,0
it,it,s,,0
well,well,s,SenseObject,0
bestowed,bestowed,nn,StandardsPos,0
Let,let,s,ReportingEvents,0
him,him,s,ReportingEvents,1
go,go,c,ReportingEvents,0
",",",",s,,0
he,he,s,PersonPronoun,0
carries,carries,s,Motions,0
his,his,s,SubjectivePercept,0
own,own,s,SubjectivePercept,1
rod,rod,c,SenseObject,0
.,.,s,,0
No,no,s,DenyDisclaim,0
man,man,s,DenyDisclaim,1
that,that,s,,0
has,has,s,,0
his,his,s,PersonPronoun,0
senses,senses,s,AbstractConcepts,0
will,will,n,PredictedFuture,0
conjecture,conjecture,s,Curiosity,0
otherwise,otherwise,s,Contingency,0
then,then,s,,0
himself,himself,s,PersonPronoun,0
did,did,s,ReportingEvents,0
at,at,s,Sequence,0
first,first,c,Sequence,1
.,.,s,,0
videlicet,videlicet,nn,Metadiscourse,0
He,he,s,CommonAuthorities,0
that,that,s,CommonAuthorities,1
takes,takes,s,ReportingEvents,0
30,30,s,Numbers,0
in,in,s,,0
the,the,s,,0
100,100,s,Numbers,0
and,and,s,DenyDisclaim,0
not,not,s,DenyDisclaim,1
a,a,s,,0
penny,penny,s,SenseObject,0
under,under,c,,0
",",",",n,,0
Is,is,s,ReportingStates,0
worthy,worthy,s,StandardsPos,0
to,to,s,GenericEvents,0
be,be,s,GenericEvents,1
pendent,pendent,s,SenseObject,0
till,till,s,Motions,0
the,the,s,Motions,1
hemp,hemp,s,SenseObject,0
crack,crack,c,SenseProperty,0
^,^,s,UNRECOGNIZED,0
asunder,asunder,c,Transformation,0
.,.,nn,,0
I,i,s,FirstPer,0
bad,bad,s,Negativity,0
you,you,s,DirectAddress,0
go,go,s,ReportingEvents,0
to,to,s,,0
M,m,c,AbstractConcepts,0
.,.,s,AbstractConcepts,1
Thompson,thompson,s,,0
for,for,s,,0
my,my,s,FirstPer,0
rent,rent,c,AbstractConcepts,0
",",",",s,,0
have,have,s,DirectAddress,0
you,you,s,DirectAddress,1
brought,brought,s,ReportingEvents,0
it,it,c,,0
.,.,nn,,0
Sir,sir,c,PersonProperty,0
",",",",s,,0
he,he,s,Neutral_Attribution,0
has,has,s,Neutral_Attribution,1
sent,sent,s,ReportingEvents,0
your,your,s,DirectAddress,0
rent,rent,s,AbstractConcepts,0
all,all,s,Exceptions,0
but,but,s,Exceptions,1
30,30,s,Numbers,0
shillings,shillings,s,AbstractConcepts,0
which,which,s,,0
he,he,s,PersonPronoun,0
abated,abated,s,ReportingEvents,0
for,for,s,,0
80,80,n,Numbers,0
caudles,caudles,s,SenseObject,0
at,at,s,,0
4,4,c,Numbers,0
^,^,s,UNRECOGNIZED,0
the,the,s,,0
caudle,caudle,nnn,SenseObject,0
What,what,s,,0
an,an,s,,0
ass,ass,s,Negativity,0
art,art,s,AbstractConcepts,0
thou,thou,c,DirectAddress,0
?,?,s,Question,0
I,i,s,FirstPer,0
sent,sent,s,ReportingEvents,0
thee,thee,s,DirectAddress,0
for,for,s,,0
my,my,s,FirstPer,0
rent,rent,c,AbstractConcepts,0
",",",",s,,0
no,no,c,DenyDisclaim,0
^,^,s,UNRECOGNIZED,0
to,to,s,ProjectAhead,0
pay,pay,s,ProjectAhead,1
for,for,s,ProjectAhead,2
caudles,caudles,c,SenseObject,0
.,.,nnn,Question,0
Why,why,s,Question,1
sir,sir,c,PersonProperty,0
",",",",s,,0
he,he,s,PersonPronoun,0
deducted,deducted,s,ReportingEvents,0
it,it,c,,0
",",",",s,,0
then,then,s,ReasonForward,0
how,how,s,ReasonForward,1
could,could,s,Contingency,0
I,i,s,FirstPer,0
help,help,s,Positivity,0
it,it,c,,0
?,?,s,Question,0
it,it,s,,0
were,were,s,ProjectBack,0
a,a,s,Intensity,0
great,great,s,Intensity,1
shame,shame,s,StandardsNeg,0
not,not,n,DenyDisclaim,0
to,to,s,DenyDisclaim,1
pay,pay,s,ReportingEvents,0
for,for,s,ReportingEvents,1
your,your,s,DirectAddress,0
diet,diet,s,AbstractConcepts,0
in,in,s,,0
the,the,s,,0
account,account,nnn,AbstractConcepts,0
You,you,s,Insist,0
should,should,s,Insist,1
have,have,s,,0
left,left,s,ReportingEvents,0
the,the,s,ReportingEvents,1
imputation,imputation,s,Negative_Attribution,0
to,to,s,SelfDisclosure,0
me,me,c,SelfDisclosure,1
.,.,nnn,ReasonForward,0
So,so,s,ReasonForward,1
I,i,s,FirstPer,0
did,did,s,ReportingEvents,0
nevertheless,nevertheless,c,Resistance,0
:,:,s,,0
but,but,s,Exceptions,0
for,for,s,Exceptions,1
my,my,s,FirstPer,0
credit,credit,s,StandardsPos,0
sake,sake,s,SenseObject,0
that,that,s,,0
fetched,fetched,s,Narrative_Verbs,0
them,them,s,Narrative_Verbs,1
every,every,s,RecurringEvents,0
morning,morning,n,RecurringEvents,1
I,i,s,SelfDisclosure,0
thought,thought,s,SelfDisclosure,1
reason,reason,s,ReasonForward,0
to,to,s,ReasonForward,1
discharge,discharge,s,Negativity,0
your,your,s,DirectAddress,0
score,score,nnn,AbstractConcepts,0
Score,score,c,AbstractConcepts,0
?,?,s,Question,0
what,what,s,,0
score,score,c,AbstractConcepts,0
?,?,s,Question,0
is,is,s,ReportingStates,0
my,my,s,FirstPer,0
hand,hand,s,SenseObject,0
at,at,s,GenericEvents,0
it,it,c,GenericEvents,1
?,?,s,Question,0
or,or,s,,0
did,did,s,DirectAddress,0
you,you,s,DirectAddress,1
keep,keep,s,TimeDuration,0
a,a,s,,0
tallie,tallie,c,ReportingEvents,0
?,?,nnn,Question,0
I,i,s,FirstPer,0
kept,kept,s,TimeDuration,0
no,no,s,DenyDisclaim,0
tallie,tallie,s,ReportingEvents,0
but,but,s,Resistance,0
he,he,s,Neutral_Attribution,0
is,is,s,Neutral_Attribution,1
a,a,s,Neutral_Attribution,2
very,very,s,Intensity,0
honest,honest,s,StandardsPos,0
man,man,c,StandardsPos,1
",",",",s,,0
and,and,s,,0
his,his,s,PersonPronoun,0
wife,wife,s,PersonProperty,0
chalked,chalked,s,SenseProperty,0
them,them,s,,0
up,up,n,,0
behind,behind,s,SpaceRelation,0
the,the,s,SpaceRelation,1
do^e,do^e,nnn,UNRECOGNIZED,0
I,i,s,SelfDisclosure,0
am,am,s,SelfDisclosure,1
as,as,s,,0
honest,honest,s,StandardsPos,0
as,as,s,TimeDuration,0
they,they,c,TimeDuration,1
.,.,s,Resistance,0
but,but,s,Resistance,1
yet,yet,s,Resistance,0
I,i,s,Autobio,0
never,never,s,Autobio,1
use,use,s,ReportingEvents,0
to,to,s,TimeDuration,0
keep,keep,s,TimeDuration,1
reckning,reckning,s,UNRECOGNIZED,0
of,of,s,,0
caudles,caudles,s,SenseObject,0
when,when,n,TimeShift,0
they,they,s,TimeShift,1
be,be,s,ReportingStates,0
eaten,eaten,s,ReportingEvents,0
half,half,s,TimeDuration,0
a,a,s,TimeDuration,1
year,year,s,TimeDuration,2
before,before,s,Sequence,0
and,and,s,,0
the,the,s,,0
taste,taste,s,SenseProperty,0
washed,washed,s,ReportingEvents,0
from,from,s,SelfDisclosure,0
my,my,s,SelfDisclosure,1
throat,throat,c,SenseObject,0
.,.,s,,0
If,if,s,Contingency,0
he,he,n,Contingency,1
cannot,cannot,s,DenyDisclaim,0
afford,afford,s,Positivity,0
his,his,s,Positivity,1
Landlord,landlord,s,PersonProperty,0
100,100,c,Numbers,0
.,.,s,,0
caudles,caudles,s,SenseObject,0
without,without,s,Contingency,0
money,money,c,AbstractConcepts,0
",",",",s,,0
he,he,s,Updates,0
is,is,s,Updates,1
no,no,s,DenyDisclaim,0
Tenant,tenant,s,PersonProperty,0
for,for,s,SelfDisclosure,0
me,me,c,SelfDisclosure,1
.,.,n,Question,0
What,what,c,Question,1
;,;,s,,0
no,no,s,Comparison,0
less,less,s,Comparison,1
then,then,s,,0
30,30,s,Numbers,0
shillings,shillings,s,AbstractConcepts,0
in,in,s,,0
caudles,caudles,s,SenseObject,0
taken,taken,s,ProjectBack,0
out,out,s,,0
of,of,s,,0
my,my,s,FirstPer,0
rent,rent,s,AbstractConcepts,0
at,at,s,SpaceRelation,0
a,a,s,SpaceRelation,1
clap,clap,c,SenseProperty,0
",",",",s,,0
who,who,n,Question,0
did,did,s,Question,1
ever,ever,s,Biographical_Time,0
hear,hear,s,SubjectivePercept,0
of,of,s,SubjectivePercept,1
the,the,s,Resemblances,0
like,like,c,Resemblances,1
?,?,s,Question,0
And,and,s,,0
the,the,s,,0
price,price,s,AbstractConcepts,0
too,too,s,,0
is,is,s,ReportingStates,0
monstrous,monstrous,c,Negativity,0
:,:,s,,0
groates,groates,s,UNRECOGNIZED,0
apeece,apeece,c,UNRECOGNIZED,0
?,?,n,Question,0
why,why,c,Question,0
",",",",s,,0
it,it,s,,0
were,were,s,ProjectBack,0
enough,enough,s,SubjectivePercept,0
for,for,s,,0
a,a,s,,0
supper,supper,s,SpaceRelation,0
at,at,s,SpaceRelation,1
my,my,s,FirstPer,0
chamber,chamber,c,SenseObject,0
.,.,s,,0
Indeed,indeed,s,Intensity,0
they,they,s,,0
were,were,s,ProjectBack,0
very,very,s,Intensity,0
sweet,sweet,s,SenseProperty,0
and,and,n,,0
good,good,c,,0
",",",",s,Resistance,0
but,but,s,Resistance,1
what,what,s,DirectAddress,0
of,of,s,DirectAddress,1
that,that,c,,0
?,?,s,Question,0
a,a,s,PersonProperty,0
man,man,s,PersonProperty,1
may,may,s,Contingency,0
buy,buy,s,ReportingEvents,0
gould,gould,s,UNRECOGNIZED,0
too,too,s,,0
dear,dear,c,Positivity,0
.,.,s,Imperative,0
Tell,tell,s,Imperative,1
him,him,s,PersonPronoun,0
from,from,s,SelfDisclosure,0
me,me,c,SelfDisclosure,1
",",",",s,,0
I,i,s,FirstPer,0
will,will,n,PredictedFuture,0
not,not,s,PredictedFuture,1
allow,allow,s,Positivity,0
him,him,s,Positivity,1
a,a,s,,0
penie,penie,s,UNRECOGNIZED,0
for,for,s,,0
caudles,caudles,c,SenseObject,0
",",",",s,,0
and,and,s,Resistance,0
yet,yet,s,Resistance,1
I,i,s,Metadiscourse,0
will,will,s,Metadiscourse,1
have,have,s,Metadiscourse,2
my,my,s,FirstPer,0
rent,rent,nnn,AbstractConcepts,0
Sir,sir,c,PersonProperty,0
",",",",s,,0
there,there,s,SpaceRelation,0
stands,stands,s,SpaceRelation,1
a,a,s,StandardsNeg,0
poor,poor,s,StandardsNeg,1
gentlewoman,gentlewoman,s,PersonProperty,0
called,called,s,ReportingEvents,0
Mistress,mistress,s,PersonProperty,0
Richardson,richardson,s,UNRECOGNIZED,0
at,at,s,SpaceRelation,0
the,the,s,SpaceRelation,1
door,door,c,SpaceRelation,2
",",",",n,,0
and,and,s,,0
desires,desires,s,Positivity,0
to,to,s,Positivity,1
speak,speak,s,SpaceRelation,0
with,with,s,SpaceRelation,1
you,you,nnn,DirectAddress,0
A,a,s,StandardsNeg,0
poor,poor,s,StandardsNeg,1
woman,woman,c,PersonProperty,0
",",",",s,,0
what,what,s,Question,0
have,have,s,Question,1
I,i,s,FirstPer,0
to,to,s,,0
do,do,s,ReportingEvents,0
with,with,s,ReportingEvents,1
poor,poor,s,Negativity,0
folks,folks,c,PersonProperty,0
?,?,s,Question,0
bid,bid,s,ReportingEvents,0
her,her,s,ReportingEvents,1
come,come,s,ReportingEvents,0
in,in,c,ReportingEvents,1
",",",",s,,0
she,she,n,PersonPronoun,0
shal^be,shal^be,s,UNRECOGNIZED,0
never,never,s,DenyDisclaim,0
the,the,s,,0
richer,richer,s,Comparison,0
for,for,s,SelfDisclosure,0
me,me,nnn,SelfDisclosure,1
Sir,sir,c,PersonProperty,0
",",",",s,,0
a,a,s,,0
kinsman,kinsman,s,PersonProperty,0
of,of,s,DirectAddress,0
yours,yours,s,DirectAddress,1
and,and,s,,0
mine,mine,c,FirstPer,0
",",",",s,,0
a,a,s,,0
knight,knight,c,PersonProperty,0
",",",",s,,0
when,when,s,TimeShift,0
he,he,s,TimeShift,1
went,went,s,ReportingEvents,0
to,to,s,,0
travail,travail,s,Negativity,0
had,had,s,ProjectBack,0
no,no,n,ProjectBack,1
money,money,s,AbstractConcepts,0
to,to,s,ProjectAhead,0
spare,spare,c,ProjectAhead,1
",",",",s,Resistance,0
but,but,s,Resistance,1
bestowed,bestowed,s,StandardsPos,0
on,on,s,StandardsPos,1
me,me,s,FirstPer,0
10,10,c,Numbers,0
^,^,s,UNRECOGNIZED,0
which,which,s,,0
you,you,s,DirectAddress,0
owe,owe,s,ReportingEvents,0
him,him,s,PersonPronoun,0
by,by,s,,0
this,this,s,,0
your,your,s,DirectAddress,0
bill,bill,c,AbstractConcepts,0
.,.,s,,0
I,i,n,Insist,0
beseech,beseech,s,Insist,1
you,you,s,Insist,2
to,to,s,Insist,3
pay,pay,s,ReportingEvents,0
me,me,c,FirstPer,0
",",",",s,ReasonForward,0
for,for,s,ReasonForward,1
now,now,s,Immediacy,0
I,i,s,SelfDisclosure,0
am,am,s,SelfDisclosure,1
in,in,s,ProjectAhead,0
want,want,nn,ProjectAhead,1
Let,let,s,ReportingEvents,0
me,me,s,FirstPer,0
see,see,s,,0
the,the,s,,0
bill,bill,c,AbstractConcepts,0
.,.,s,,0
If,if,s,Contingency,0
it,it,s,Contingency,1
be,be,s,ReportingStates,0
mine,mine,s,FirstPer,0
I,i,s,FirstPer,0
will,will,s,PredictedFuture,0
discharge,discharge,s,Negativity,0
it,it,c,,0
.,.,s,,0
She,she,s,ReportingEvents,0
gives,gives,s,ReportingEvents,1
him,him,s,ReportingEvents,2
the,the,n,,0
bill,bill,c,AbstractConcepts,0
",",",",s,,0
and,and,s,,0
after,after,s,Sequence,0
well,well,s,SenseObject,0
viewing,viewing,c,ReportingEvents,0
",",",",s,,0
(,(,c,,0
...,...,c,UNRECOGNIZED,0
),),s,,0
off,off,s,Negativity,0
the,the,s,Negativity,1
seal,seal,c,SenseObject,0
",",",",s,,0
and,and,s,,0
says,says,c,Citations,0
*,*,s,,0
I,i,s,SelfDisclosure,0
owe,owe,s,SelfDisclosure,1
him,him,n,PersonPronoun,0
nothing,nothing,c,DenyDisclaim,0
",",",",s,,0
nor,nor,s,PredictedFuture,0
will,will,s,PredictedFuture,1
pay,pay,s,ReportingEvents,0
thee,thee,s,DirectAddress,0
any,any,s,Specifiers,0
thing,thing,nnn,Specifiers,1
Why,why,s,Curiosity,0
do,do,s,Curiosity,1
you,you,s,DirectAddress,0
tear,tear,s,Negativity,0
the,the,s,,0
bill,bill,s,AbstractConcepts,0
^,^,s,UNRECOGNIZED,0
if,if,s,Contingency,0
you,you,s,DirectAddress,0
will,will,s,PredictedFuture,0
not,not,s,PredictedFuture,1
pay,pay,s,ReportingEvents,0
it,it,c,,0
.,.,nnn,Question,0
Did,did,s,Question,1
not,not,s,DenyDisclaim,0
you,you,s,DirectAddress,0
say,say,s,DirectAddress,1
it,it,s,Autobio,0
was,was,s,Autobio,1
my,my,s,Autobio,2
bill,bill,c,AbstractConcepts,0
?,?,s,Question,0
if,if,s,Contingency,0
it,it,s,Contingency,1
be,be,s,ReportingStates,0
mine,mine,c,FirstPer,0
",",",",s,,0
why,why,s,Question,0
may,may,s,Contingency,0
not,not,s,DenyDisclaim,0
I,i,s,FirstPer,0
do,do,s,ReportingEvents,0
with,with,s,ReportingEvents,1
it,it,s,,0
as,as,s,SelfDisclosure,0
I,i,n,SelfDisclosure,1
list,list,s,,0
my,my,s,FirstPer,0
self,self,nnn,SubjectivePercept,0
But,but,s,Resistance,0
you,you,s,DirectAddress,0
promised,promised,s,Promise,0
to,to,s,Promise,1
discharge,discharge,s,Negativity,0
it,it,c,,0
;,;,s,,0
and,and,s,,0
doing,doing,s,ReportingEvents,0
so,so,c,ReportingEvents,1
",",",",s,,0
it,it,s,SpaceRelation,0
is,is,s,SpaceRelation,1
at,at,s,SpaceRelation,2
your,your,s,DirectAddress,0
pleasure,pleasure,s,Positivity,0
to,to,n,,0
tear,tear,s,Negativity,0
or,or,s,,0
burn,burn,s,,0
it,it,nnn,,0
Have,have,s,Question,0
I,i,s,Question,1
not,not,s,DenyDisclaim,0
discharged,discharged,s,ReportingEvents,0
it,it,s,,0
think,think,s,PrivateThinking,0
thou,thou,c,DirectAddress,0
?,?,s,Question,0
I,i,s,FirstPer,0
warrant,warrant,s,CommonAuthorities,0
thee,thee,s,DirectAddress,0
^,^,c,UNRECOGNIZED,0
is,is,s,ReportingStates,0
sure,sure,s,Confidence,0
enough,enough,s,Confidence,1
for,for,s,Intensity,0
ever,ever,n,Intensity,1
charging,charging,s,Motions,0
me,me,s,FirstPer,0
agai^e,agai^e,nnn,UNRECOGNIZED,0
O,o,s,LangRef,0
heavens,heavens,c,Positivity,0
!,!,s,,0
was,was,s,ProjectBack,0
there,there,s,Biographical_Time,0
ever,ever,s,Biographical_Time,1
such,such,s,Specifiers,0
a,a,s,Specifiers,1
monster,monster,s,Negativity,0
hatch'd,hatch'd,c,UNRECOGNIZED,0
^,^,s,UNRECOGNIZED,0
what,what,s,,0
age,age,s,Specifiers,0
but,but,s,Resistance,0
this,this,s,Contingency,0
could,could,s,Contingency,1
have,have,n,Contingency,2
fostered,fostered,s,StandardsPos,0
so,so,s,,0
degenerous,degenerous,c,UNRECOGNIZED,0
",",",",s,ReasonForward,0
so,so,s,ReasonForward,1
shameless,shameless,c,StandardsNeg,0
",",",",s,ReasonForward,0
so,so,s,ReasonForward,1
frontlesse,frontlesse,s,UNRECOGNIZED,0
a,a,s,Negativity,0
beast,beast,s,Negativity,1
as,as,s,,0
thou,thou,s,DirectAddress,0
^^,^^,c,UNRECOGNIZED,0
t,t,c,AbstractConcepts,0
?,?,s,Question,0
It,it,n,ProjectBack,0
had,had,s,ProjectBack,1
been,been,s,ProjectBack,2
happy,happy,s,Positivity,0
for,for,s,Positivity,1
many,many,s,,0
that,that,s,,0
have,have,s,Updates,0
had,had,s,Updates,1
to,to,s,,0
do,do,s,ReportingEvents,0
with,with,s,ReportingEvents,1
thee,thee,s,DirectAddress,0
if,if,s,Contingency,0
that,that,s,Contingency,1
Skin^r,skin^r,c,UNRECOGNIZED,0
^,^,s,UNRECOGNIZED,0
this,this,n,,0
had,had,s,ProjectBack,0
been,been,s,ProjectBack,1
flead,flead,s,UNRECOGNIZED,0
from,from,s,Specifiers,0
that,that,s,Specifiers,1
impudent,impudent,s,StandardsNeg,0
face,face,s,SenseProperty,0
of,of,s,SenseProperty,1
thine,thine,nnn,UNRECOGNIZED,0
Be,be,s,ReportingStates,0
gone,gone,c,ReportingStates,0
;,;,s,ReportingStates,1
Thy,thy,s,DirectAddress,0
tongue,tongue,s,SenseObject,0
is,is,s,ReportingStates,0
left,left,s,SceneShift,0
thee,thee,s,DirectAddress,0
to,to,s,,0
rail,rail,s,Negative_Relation,0
at,at,s,Negative_Relation,1
large,large,c,SenseProperty,0
",",",",s,Resistance,0
but,but,s,Resistance,1
thy,thy,s,DirectAddress,0
means,means,s,AbstractConcepts,0
be,be,s,ReportingStates,0
short,short,s,SenseProperty,0
to,to,n,,0
revenge,revenge,s,Resistance,0
thy,thy,s,DirectAddress,0
self,self,s,SubjectivePercept,0
by,by,s,CommonAuthorities,0
law,law,c,CommonAuthorities,1
.,.,s,,0
Therefore,therefore,s,ReasonForward,0
feed,feed,s,ReportingEvents,0
upon,upon,s,ReportingEvents,1
thy,thy,s,DirectAddress,0
woes,woes,c,Sad,0
",",",",s,,0
and,and,s,,0
tears,tears,c,Sad,0
",",",",s,,0
money,money,s,AbstractConcepts,0
thou,thou,n,DirectAddress,0
gettest,gettest,s,UNRECOGNIZED,0
none,none,s,DenyDisclaim,0
of,of,s,DenyDisclaim,1
me,me,nnn,FirstPer,0
Courage,courage,s,StandardsPos,0
my,my,s,FirstPer,0
companions,companions,c,Positivity,0
.,.,s,Imperative,0
Pluck,pluck,s,Imperative,1
up,up,s,DirectAddress,0
your,your,s,DirectAddress,1
hearts,hearts,c,SenseObject,0
",",",",s,,0
me,me,s,FirstPer,0
thinks,thinks,s,PrivateThinking,0
I,i,s,FirstPer,0
hear,hear,s,SenseProperty,0
the,the,s,SenseProperty,1
sound,sound,s,SenseProperty,0
of,of,n,SenseProperty,1
trumpets,trumpets,s,SenseProperty,2
and,and,s,,0
drums,drums,s,SenseObject,0
within,within,s,,0
my,my,s,FirstPer,0
breast,breast,c,PersonProperty,0
.,.,s,,0
Whether,whether,s,Contingency,0
I,i,s,FirstPer,0
wake,wake,s,ReportingEvents,0
or,or,s,,0
sleep,sleep,s,Motions,0
nothing,nothing,s,Intensity,0
but,but,n,Intensity,1
Alarums,alarums,s,Intensity,0
beset,beset,s,Negativity,0
my,my,s,SelfDisclosure,0
thoughts,thoughts,c,SelfDisclosure,1
:,:,s,,0
wars,wars,s,GenericEvents,0
cannot,cannot,s,DenyDisclaim,0
be,be,s,DenyDisclaim,1
far,far,s,SpaceRelation,0
off,off,c,SpaceRelation,1
.,.,s,,0
Every,every,s,Generalization,0
thing,thing,n,Generalization,1
prognosticates,prognosticates,s,ProjectAhead,0
stirs,stirs,s,Motions,0
and,and,s,,0
broiles,broiles,c,UNRECOGNIZED,0
.,.,s,,0
The,the,s,Intensity,0
very,very,s,Intensity,1
children,children,s,PersonProperty,0
^,^,c,UNRECOGNIZED,0
ufler,ufler,s,UNRECOGNIZED,0
in,in,s,SpaceRelation,0
the,the,s,SpaceRelation,1
streets,streets,c,SpaceRelation,2
.,.,n,,0
We,we,s,Inclusive,0
have,have,s,Inclusive,1
lived,lived,s,Narrative_Verbs,0
a,a,s,Narrative_Verbs,1
great,great,s,Intensity,0
while,while,s,TimeDuration,0
like,like,s,SubjectivePercept,0
meta^orphised,meta^orphised,s,UNRECOGNIZED,0
men,men,c,PersonProperty,0
.,.,s,ReportingStates,0
It,it,s,ReportingStates,1
is,is,s,ReportingStates,2
such,such,s,Specifiers,0
a,a,s,Specifiers,1
sight,sight,s,SenseProperty,0
for,for,n,,0
soldiers,soldiers,s,PersonProperty,0
to,to,s,,0
walk,walk,s,Motions,0
in,in,s,,0
Pawles,pawles,s,UNRECOGNIZED,0
with,with,s,,0
long,long,s,SenseProperty,0
cloakes,cloakes,s,UNRECOGNIZED,0
and,and,s,,0
grave,grave,s,Negativity,0
attire,attire,s,SenseObject,0
as,as,s,Resemblances,0
if,if,s,Resemblances,1
they,they,s,,0
were,were,n,ProjectBack,0
turned,turned,s,ReportingEvents,0
Civilians,civilians,c,PersonProperty,0
.,.,s,Question,0
Why,why,s,Question,1
should,should,s,Future_Question,0
we,we,s,Future_Question,1
alter,alter,s,ReportingEvents,0
our,our,s,Inclusive,0
proper,proper,s,StandardsPos,0
habits,habits,s,AbstractConcepts,0
being,being,s,ReportingStates,0
ensigns,ensigns,s,PersonProperty,0
of,of,n,StandardsPos,0
honor,honor,c,StandardsPos,1
?,?,s,Question,0
Has,has,s,DenyDisclaim,0
not,not,s,DenyDisclaim,1
the,the,s,Specifiers,0
whole,whole,s,Specifiers,1
need,need,s,Insist,0
of,of,s,Inclusive,0
us,us,s,Inclusive,1
by,by,s,Sequence,0
turns,turns,c,Sequence,1
",",",",s,,0
and,and,s,,0
fits,fits,c,ReportingEvents,0
?,?,s,Question,0
And,and,s,,0
to,to,s,,0
one,one,s,Numbers,0
place,place,s,SpaceRelation,0
or,or,n,,0
other,other,s,Specifiers,0
we,we,s,ReportingStates,0
are,are,s,ReportingStates,1
still,still,s,Updates,0
invited,invited,c,ReportingStates,0
.,.,s,ReportingStates,1
We,we,s,,0
succor,succor,s,Positivity,0
the,the,s,,0
besieged,besieged,c,Negativity,0
",",",",s,,0
and,and,s,,0
relieve,relieve,s,Reassure,0
the,the,n,Negativity,0
distressed,distressed,c,Negativity,1
.,.,s,,0
We,we,s,,0
restore,restore,s,ReportingEvents,0
kingdoms,kingdoms,c,CommonAuthorities,0
",",",",s,,0
and,and,s,,0
set,set,s,ReportingEvents,0
captives,captives,s,PersonProperty,0
at,at,s,,0
freedom,freedom,c,StandardsPos,0
.,.,s,,0
We,we,s,,0
^,^,c,UNRECOGNIZED,0
osse,osse,s,UNRECOGNIZED,0
and,and,n,,0
tennis,tennis,s,SenseObject,0
Crowns,crowns,s,SenseObject,0
and,and,s,,0
Monarchies,monarchies,c,CommonAuthorities,0
",",",",s,,0
and,and,s,,0
bestow,bestow,s,StandardsPos,0
them,them,s,StandardsPos,1
at,at,s,Positivity,0
pleasure,pleasure,c,Positivity,1
.,.,s,,0
Finally,finally,s,Updates,0
we,we,s,,0
make,make,n,ReportingEvents,0
the,the,s,SpaceRelation,0
earth,earth,s,SpaceRelation,1
tremble,tremble,c,Motions,0
",",",",s,,0
and,and,s,,0
discolor,discolor,s,Negativity,0
the,the,s,,0
running,running,s,Motions,0
streams,streams,nn,SenseObject,0
Some,some,s,Uncertainty,0
few,few,s,SubjectivePercept,0
faults,faults,s,StandardsNeg,0
we,we,s,Inclusive,0
have,have,c,Inclusive,1
",",",",s,Resistance,0
but,but,s,Resistance,1
not,not,s,DenyDisclaim,0
worthy,worthy,s,StandardsPos,0
to,to,s,GenericEvents,0
be,be,s,GenericEvents,1
so,so,s,,0
generally,generally,s,RecurringEvents,0
condemned,condemned,c,Negative_Relation,0
.,.,nn,,0
The,the,s,SubjectivePercept,0
life,life,s,SubjectivePercept,1
of,of,s,SubjectivePercept,2
a,a,s,,0
soldier,soldier,s,PersonProperty,0
as,as,s,Immediacy,0
now,now,s,Immediacy,1
adays,adays,s,UNRECOGNIZED,0
it,it,s,,0
is,is,s,ReportingStates,0
used,used,c,ReportingStates,0
",",",",s,ReportingStates,1
is,is,s,ReportingStates,0
of,of,s,ReportingStates,1
all,all,s,,0
occupations,occupations,s,AbstractConcepts,0
the,the,n,Negativity,0
worst,worst,c,Negativity,1
:,:,s,,0
and,and,s,,0
in,in,s,Specifiers,0
a,a,s,Specifiers,1
word,word,s,Specifiers,2
is,is,s,ReportingStates,0
the,the,s,ReportingStates,1
high,high,s,,0
way,way,s,AbstractConcepts,0
to,to,s,Negativity,0
Hell,hell,nnn,Negativity,1
You,you,s,Reassure,0
need,need,s,Reassure,1
not,not,s,Reassure,2
bend,bend,s,SpaceRelation,0
your,your,s,DirectAddress,0
self,self,s,SubjectivePercept,0
so,so,s,,0
stif^y,stif^y,s,UNRECOGNIZED,0
against,against,s,,0
any,any,s,,0
sorts,sorts,s,AbstractConcepts,0
of,of,s,AbstractConcepts,1
people,people,c,PersonProperty,0
",",",",s,,0
^,^,c,UNRECOGNIZED,0
e,e,s,LangRef,0
they,they,n,Biographical_Time,0
never,never,s,Biographical_Time,1
so,so,s,,0
wicked,wicked,c,Negativity,0
",",",",s,,0
being,being,s,ReportingStates,0
your,your,s,DirectAddress,0
self,self,s,SubjectivePercept,0
one,one,s,Specifiers,0
of,of,s,Specifiers,1
the,the,s,Specifiers,2
basest,basest,s,Negativity,0
and,and,s,,0
most,most,s,Comparison,0
unnecessary,unnecessary,n,StandardsNeg,0
fruitspillers,fruitspillers,s,UNRECOGNIZED,0
that,that,s,,0
ever,ever,s,Biographical_Time,0
made,made,s,SubjectivePercept,0
themselves,themselves,s,SubjectivePercept,1
mercenarie,mercenarie,c,UNRECOGNIZED,0
.,.,s,,0
An,an,s,,0
Intelligencer,intelligencer,c,PersonProperty,0
",",",",s,,0
a,a,s,SenseObject,0
spy,spy,c,SenseObject,1
",",",",n,,0
an,an,s,,0
Euesdropper,euesdropper,s,UNRECOGNIZED,0
is,is,s,ReportingStates,0
hated,hated,c,Negativity,0
",",",",s,,0
and,and,s,,0
shunned,shunned,s,Negative_Relation,0
of,of,s,Specifiers,0
all,all,s,Specifiers,1
the,the,s,Specifiers,2
world,world,nnn,AbstractConcepts,0
As,as,s,,0
true,true,s,Resemblances,0
as,as,s,Resemblances,1
I,i,s,SelfDisclosure,0
live,live,c,SelfDisclosure,1
",",",",s,,0
it,it,s,,0
were,were,s,ProjectBack,0
a,a,s,Positivity,0
good,good,s,Positivity,1
deed,deed,s,AbstractConcepts,0
to,to,s,,0
apprehend,apprehend,s,ReportingEvents,0
you,you,c,DirectAddress,0
.,.,s,,0
I,i,s,FirstPer,0
Will,will,s,PredictedFuture,0
lay,lay,s,ReportingEvents,0
my,my,s,Autobio,0
life,life,s,Autobio,1
you,you,n,DirectAddress,0
are,are,s,DirectAddress,1
an,an,s,DirectAddress,2
enemi,enemi,c,UNRECOGNIZED,0
^,^,s,UNRECOGNIZED,0
to,to,s,SceneShift,0
the,the,s,SceneShift,1
state,state,nnn,SceneShift,2
Yes,yes,s,DirectAddress,0
to,to,s,DirectAddress,0
your,your,s,DirectAddress,1
state,state,c,,0
.,.,s,DirectAddress,0
do,do,s,DirectAddress,1
you,you,s,DirectAddress,2
kick,kick,s,Motions,0
already,already,c,Updates,0
?,?,s,Question,0
nay,nay,s,OralCues,0
I,i,s,FirstPer,0
Will,will,s,PredictedFuture,0
gale,gale,s,SenseObject,0
you,you,s,DirectAddress,0
better,better,s,Comparison,0
yet,yet,c,SubjectiveTime,0
.,.,s,SubjectiveTime,1
with,with,n,,0
thy,thy,s,DirectAddress,0
borrowed,borrowed,s,ReportingEvents,0
braverie,braverie,s,UNRECOGNIZED,0
thou,thou,s,DirectAddress,0
perkest,perkest,c,UNRECOGNIZED,0
",",",",s,,0
and,and,s,,0
insinuatest,insinuatest,s,UNRECOGNIZED,0
thy,thy,s,DirectAddress,0
self,self,s,SubjectivePercept,0
into,into,s,Transformation,0
the,the,s,Transformation,1
best,best,n,Comparison,0
company,company,c,AbstractConcepts,0
",",",",s,,0
and,and,s,,0
vnderminest,vnderminest,s,UNRECOGNIZED,0
their,their,s,PersonPronoun,0
thoughts,thoughts,s,PrivateThinking,0
with,with,s,,0
thy,thy,s,DirectAddress,0
lavish,lavish,s,SubjectivePercept,0
and,and,s,,0
warranted,warranted,n,CommonAuthorities,0
impeaching,impeaching,s,StandardsNeg,0
of,of,s,,0
states,states,s,AbstractConcepts,0
proceedings,proceedings,c,CommonAuthorities,0
.,.,s,DirectAddress,0
And,and,s,DirectAddress,1
if,if,s,Contingency,0
any,any,s,Contingency,1
perhaps,perhaps,s,Uncertainty,0
second,second,s,Sequence,0
thee,thee,s,DirectAddress,0
in,in,s,,0
thy,thy,s,DirectAddress,0
fained,fained,n,UNRECOGNIZED,0
murmurin,murmurin,c,UNRECOGNIZED,0
^,^,s,UNRECOGNIZED,0
him,him,s,PersonPronoun,0
thou,thou,s,DirectAddress,0
pursuest,pursuest,c,UNRECOGNIZED,0
",",",",s,,0
and,and,s,,0
becomest,becomest,s,UNRECOGNIZED,0
first,first,s,Sequence,0
his,his,s,PersonPronoun,0
animater,animater,c,UNRECOGNIZED,0
",",",",s,,0
and,and,s,Sequence,0
then,then,s,Sequence,1
his,his,n,PersonPronoun,0
accuse,accuse,c,Negative_Relation,0
^,^,c,UNRECOGNIZED,0
.,.,s,ReasonForward,0
such,such,s,ReasonForward,1
a,a,s,Specifiers,0
one,one,s,Specifiers,1
was,was,s,ProjectBack,0
D,d,c,LangRef,0
.,.,s,,0
Pary,pary,s,UNRECOGNIZED,0
until,until,s,TimeDuration,0
the,the,s,TimeDuration,1
snare,snare,s,SenseObject,0
he,he,s,PersonPronoun,0
laid,laid,s,ReportingEvents,0
for,for,s,ReportingEvents,1
others,others,s,Uncertainty,0
compassed,compassed,n,StandardsPos,0
his,his,s,StandardsPos,1
own,own,s,ReportingEvents,0
neck,neck,nnn,SenseObject,0
Sir,sir,c,PersonProperty,0
",",",",s,,0
you,you,s,DirectAddress,0
do,do,s,DirectAddress,1
us,us,s,Inclusive,0
insufferable,insufferable,s,StandardsNeg,0
injury,injury,c,StandardsNeg,0
:,:,s,,0
we,we,s,ReportingStates,0
are,are,s,ReportingStates,1
busied,busied,s,,0
only,only,s,SubjectivePercept,0
in,in,s,Inclusive,0
our,our,s,Inclusive,1
Countries,countries,n,AbstractConcepts,0
service,service,c,StandardsPos,0
",",",",s,,0
and,and,s,,0
certify,certify,s,CommonAuthorities,0
all,all,s,SubjectivePercept,0
things,things,s,SubjectivePercept,1
offensive,offensive,s,Anger,0
to,to,s,Anger,1
it,it,nnn,,0
That's,that's,s,ReportingStates,0
the,the,s,ReportingStates,1
intent,intent,s,PrivateThinking,0
of,of,s,DirectAddress,0
your,your,s,DirectAddress,1
mission,mission,c,ProjectAhead,0
",",",",s,,0
and,and,s,,0
cause,cause,s,Cause,0
of,of,s,Cause,1
your,your,s,DirectAddress,0
entertainment,entertainment,c,Positivity,0
.,.,s,Resistance,0
But,but,s,Resistance,1
you,you,n,DirectAddress,0
(,(,c,,0
to,to,s,,0
seem,seem,s,Uncertainty,0
diligent,diligent,c,StandardsPos,0
),),s,,0
attend,attend,s,SpaceRelation,0
ma,ma,c,PersonProperty,0
^^,^^,c,UNRECOGNIZED,0
e,e,s,LangRef,0
times,times,s,AbstractConcepts,0
to,to,s,,0
bables,bables,s,UNRECOGNIZED,0
and,and,s,,0
toies,toies,c,UNRECOGNIZED,0
",",",",s,,0
and,and,s,,0
the,the,s,StandardsPos,0
better,better,s,StandardsPos,1
to,to,n,StandardsPos,2
pack,pack,s,ReportingEvents,0
awa^e,awa^e,s,UNRECOGNIZED,0
paper,paper,s,,0
you,you,s,DirectAddress,0
send,send,s,ReportingEvents,0
your,your,s,DirectAddress,0
own,own,s,DirectAddress,1
surmises,surmises,s,SubjectivePercept,0
when,when,s,,0
waightier,waightier,s,UNRECOGNIZED,0
^,^,c,UNRECOGNIZED,0
ffaires,ffaires,s,UNRECOGNIZED,0
either,either,n,Metadiscourse,0
happen,happen,s,Contingency,0
not,not,c,DenyDisclaim,0
",",",",s,,0
or,or,s,,0
escape,escape,s,SceneShift,0
you,you,c,DirectAddress,0
.,.,s,ReasonForward,0
And,and,s,ReasonForward,1
so,so,s,ReasonForward,2
least,least,s,Comparison,0
you,you,s,DirectAddress,0
seem,seem,s,Uncertainty,0
to,to,s,,0
neglect,neglect,s,Negativity,0
your,your,s,DirectAddress,0
service,service,c,StandardsPos,0
",",",",s,,0
you,you,n,DirectAddress,0
return,return,s,RecurringEvents,0
tri,tri,c,AbstractConcepts,0
^^,^^,c,UNRECOGNIZED,0
es,es,nnn,,0
For,for,s,Specifiers,0
any,any,s,Specifiers,1
thing,thing,s,Uncertainty,0
I,i,s,FirstPer,0
see,see,s,DirectAddress,0
you,you,s,DirectAddress,1
are,are,s,ReportingStates,0
both,both,s,,0
pernicious,pernicious,s,Negativity,0
members,members,c,AbstractConcepts,0
",",",",s,,0
and,and,s,,0
never,never,s,Biographical_Time,0
to,to,s,Biographical_Time,1
be,be,n,Biographical_Time,2
nourished,nourished,s,StandardsPos,0
but,but,s,Resistance,0
in,in,s,Specifiers,0
cases,cases,s,Specifiers,1
of,of,s,Specifiers,2
necessity,necessity,c,Insist,0
.,.,s,,0
We,we,s,,0
Musicians,musicians,s,PersonProperty,0
are,are,s,Positivity,0
fortunate,fortunate,s,Positivity,1
who,who,s,,0
hurt,hurt,s,Negativity,0
none,none,c,DenyDisclaim,0
",",",",n,,0
and,and,s,,0
covet,covet,s,SubjectivePercept,0
to,to,s,,0
please,please,s,Positivity,0
none,none,c,DenyDisclaim,0
.,.,s,,0
We,we,s,,0
drive,drive,s,SceneShift,0
away,away,s,SceneShift,1
melancholy,melancholy,c,Sad,0
",",",",s,,0
We,we,s,,0
recreate,recreate,s,RecurringEvents,0
the,the,s,PrivateThinking,0
mind,mind,c,PrivateThinking,1
",",",",s,,0
and,and,n,,0
reviue,reviue,s,UNRECOGNIZED,0
the,the,s,,0
benumbed,benumbed,s,SubjectivePercept,0
spirits,spirits,c,SubjectivePercept,0
",",",",s,,0
and,and,s,,0
are,are,s,ReportingStates,0
welcome,welcome,s,Positivity,0
to,to,s,Positivity,1
all,all,s,Specifiers,0
sorts,sorts,c,Specifiers,1
.,.,s,ReasonForward,0
Such,such,s,ReasonForward,1
soldiers,soldiers,s,PersonProperty,0
as,as,n,DirectAddress,0
you,you,s,DirectAddress,1
are,are,s,ReportingStates,0
Segnieur,segnieur,s,UNRECOGNIZED,0
Furioso,furioso,s,UNRECOGNIZED,0
I,i,s,FirstPer,0
make,make,s,ReportingEvents,0
no,no,s,DenyDisclaim,0
more,more,s,DenyDisclaim,1
account,account,s,AbstractConcepts,0
of,of,c,,0
",",",",s,,0
then,then,s,,0
of,of,s,,0
so,so,s,Intensity,0
many,many,s,Intensity,1
foul,foul,n,Negativity,0
thistles,thistles,s,SenseObject,0
in,in,s,,0
a,a,s,,0
medowe,medowe,s,UNRECOGNIZED,0
at,at,s,,0
Midsommer,midsommer,c,UNRECOGNIZED,0
",",",",s,,0
whose,whose,s,PersonPronoun,0
heads,heads,s,SenseObject,0
every,every,s,Inclusive,0
child,child,s,Inclusive,1
will,will,s,PredictedFuture,0
whipp,whipp,s,UNRECOGNIZED,0
off,off,s,Negativity,0
with,with,n,Negativity,1
a,a,s,,0
wand,wand,s,SenseObject,0
And,and,s,,0
I,i,s,Metadiscourse,0
will,will,s,Metadiscourse,1
have,have,s,Metadiscourse,2
a,a,s,SenseObject,0
still,still,c,SenseObject,1
",",",",s,,0
plain,plain,c,SenseProperty,0
",",",",s,,0
temperate,temperate,s,SubjectivePercept,0
lad,lad,s,PersonProperty,0
shall,shall,s,ProjectAhead,0
break,break,s,ReportingEvents,0
thy,thy,s,DirectAddress,0
bones,bones,n,SenseObject,0
with,with,s,,0
his,his,s,PersonPronoun,0
blow,blow,c,Motions,0
",",",",s,,0
when,when,s,TimeShift,0
such,such,s,TimeShift,1
ay^e,ay^e,s,UNRECOGNIZED,0
beaters,beaters,s,SenseObject,0
will,will,s,PredictedFuture,0
^,^,c,UNRECOGNIZED,0
carce,carce,s,UNRECOGNIZED,0
pierce,pierce,s,Motions,0
the,the,s,,0
skin,skin,c,Motions,0
.,.,s,,0
I,i,s,FirstPer,0
will,will,s,PredictedFuture,0
my,my,n,FirstPer,0
self,self,s,SubjectivePercept,0
be,be,s,ReportingStates,0
one,one,s,Specifiers,0
of,of,s,Specifiers,1
the,the,s,Specifiers,2
six,six,s,Numbers,0
Musicians,musicians,s,PersonProperty,0
that,that,s,Contingency,0
with,with,s,Contingency,1
the,the,s,Contingency,2
help,help,s,StandardsPos,0
of,of,s,StandardsPos,1
a,a,s,Exceptions,0
few,few,s,Exceptions,1
unarmed,unarmed,s,SenseProperty,0
silly,silly,n,SubjectivePercept,0
folks,folks,s,PersonProperty,0
shall,shall,s,ProjectAhead,0
kill,kill,s,Negativity,0
100,100,s,Numbers,0
such,such,s,Intensity,0
soldiers,soldiers,s,PersonProperty,0
in,in,s,TimeDuration,0
an,an,s,TimeDuration,1
hour,hour,c,TimeDuration,2
:,:,s,,0
and,and,s,Resistance,0
yet,yet,s,Resistance,1
we,we,s,,0
Musicians,musicians,s,PersonProperty,0
will,will,n,PredictedFuture,0
have,have,s,PredictedFuture,1
no,no,s,DenyDisclaim,0
weapons,weapons,s,AbstractConcepts,0
but,but,s,Resistance,0
instruments,instruments,s,AbstractConcepts,0
of,of,s,AbstractConcepts,1
music,music,nnn,SenseProperty,0
How,how,s,,0
shall,shall,s,ProjectAhead,0
this,this,s,,0
come,come,s,Transformation,0
to,to,s,Transformation,1
pass,pass,c,Transformation,2
",",",",s,,0
I,i,s,SelfDisclosure,0
desire,desire,s,SelfDisclosure,1
to,to,s,,0
hear,hear,s,SpaceRelation,0
for,for,s,,0
my,my,s,FirstPer,0
learning,learning,c,Curiosity,0
?,?,nnn,Question,0
Thus,thus,c,ReasonForward,0
.,.,s,,0
I,i,s,FirstPer,0
will,will,s,PredictedFuture,0
assemble,assemble,s,MoveBody,0
a,a,s,MoveBody,1
few,few,s,SubjectivePercept,0
falre,falre,s,UNRECOGNIZED,0
women,women,s,PersonProperty,0
as,as,s,,0
honest,honest,s,StandardsPos,0
as,as,s,Contingency,0
I,i,s,Contingency,1
would,would,s,Contingency,2
have,have,s,Cause,0
them,them,c,Cause,1
",",",",s,,0
and,and,n,,0
wine,wine,s,SenseObject,0
enough,enough,c,SubjectivePercept,0
.,.,s,,0
You,you,s,Insist,0
shall,shall,s,Insist,1
have,have,s,DirectAddress,0
your,your,s,DirectAddress,1
bellies,bellies,s,Motions,0
full,full,s,Specifiers,0
of,of,s,Specifiers,1
all,all,s,DirectAddress,0
your,your,s,DirectAddress,1
desires,desires,c,Positivity,0
.,.,s,,0
They,they,s,,0
shall,shall,n,ProjectAhead,0
dance,dance,s,Motions,0
you,you,s,DirectAddress,0
faint,faint,c,SenseProperty,0
",",",",s,,0
and,and,s,,0
kiss,kiss,s,Positivity,0
you,you,s,DirectAddress,0
weary,weary,c,Negativity,0
.,.,s,DirectAddress,0
And,and,s,DirectAddress,1
when,when,s,DirectAddress,0
you,you,s,DirectAddress,1
cannot,cannot,s,DenyDisclaim,0
feel,feel,s,PrivateThinking,0
a,a,s,PrivateThinking,1
needle,needle,n,SenseObject,0
thrust,thrust,s,ReportingEvents,0
through,through,s,DirectAddress,0
your,your,s,DirectAddress,1
noses,noses,s,SenseObject,0
they,they,s,,0
shall,shall,s,ProjectAhead,0
cut,cut,s,ReportingEvents,0
your,your,s,DirectAddress,0
throats,throats,s,SenseObject,0
with,with,s,Confidence,0
ease,ease,c,Confidence,1
.,.,s,DirectAddress,0
And,and,s,DirectAddress,1
we,we,s,,0
musical,musical,n,SenseProperty,0
mates,mates,s,Positivity,0
will,will,s,PredictedFuture,0
celebrate,celebrate,s,Positivity,0
your,your,s,DirectAddress,0
Infernalls,infernalls,s,UNRECOGNIZED,0
with,with,s,,0
bells,bells,s,SenseObject,0
upon,upon,s,,0
our,our,s,Inclusive,0
fiddles,fiddles,nn,Motions,0
Now,now,s,Immediacy,0
with,with,s,Immediacy,1
you,you,s,DirectAddress,0
Sir,sir,s,PersonProperty,0
^,^,c,UNRECOGNIZED,0
ecke,ecke,c,UNRECOGNIZED,0
.,.,s,,0
^^,^^,c,UNRECOGNIZED,0
pper,pper,c,UNRECOGNIZED,0
",",",",s,,0
or,or,s,,0
M,m,c,AbstractConcepts,0
.,.,s,AbstractConcepts,1
Corraso,corraso,s,UNRECOGNIZED,0
(,(,c,,0
if,if,s,ReasonForward,0
so,so,s,ReasonForward,1
you,you,s,DirectAddress,0
be,be,s,DirectAddress,1
styled,styled,c,ReportingEvents,0
),),s,,0
I,i,s,FirstPer,0
will,will,s,PredictedFuture,0
be,be,n,PredictedFuture,1
brief,brief,c,SubjectiveTime,0
.,.,s,,0
While,while,s,TimeDuration,0
you,you,s,DirectAddress,0
do,do,s,DirectAddress,1
your,your,s,DirectAddress,0
prince,prince,s,PersonProperty,0
and,and,s,,0
country,country,s,AbstractConcepts,0
good,good,s,,0
service,service,c,StandardsPos,0
",",",",s,,0
I,i,s,FirstPer,0
wish,wish,s,SubjectivePercept,0
you,you,n,DirectAddress,0
rewarded,rewarded,c,Positivity,0
:,:,s,,0
but,but,s,Resistance,0
the,the,s,Sequence,0
first,first,s,Sequence,1
time,time,s,Sequence,2
you,you,s,DirectAddress,0
be,be,s,DirectAddress,1
treacherous,treacherous,s,Anger,0
you,you,s,Insist,0
should,should,s,Insist,1
be,be,s,ReportingStates,0
well,well,s,SenseObject,0
guarded,guarded,nnn,Resistance,0
What,what,s,,0
now,now,s,Immediacy,0
foolish,foolish,s,Negativity,0
fiddler,fiddler,c,PersonProperty,0
",",",",s,,0
do^t,do^t,s,UNRECOGNIZED,0
thou,thou,s,DirectAddress,0
think,think,s,PrivateThinking,0
freely,freely,s,Disclosure,0
to,to,s,,0
carry,carry,s,ReportingEvents,0
away,away,s,ReportingEvents,1
these,these,n,Immediacy,0
exorbitant,exorbitant,s,StandardsNeg,0
and,and,s,,0
opprobrious,opprobrious,s,Negativity,0
t^armes,t^armes,c,UNRECOGNIZED,0
?,?,s,Question,0
I,i,s,Metadiscourse,0
Will,will,s,Metadiscourse,1
have,have,s,Metadiscourse,2
thee,thee,s,DirectAddress,0
banished,banished,s,Resistance,0
all,all,s,,0
howses,howses,s,UNRECOGNIZED,0
of,of,s,,0
my,my,n,FirstPer,0
acquaintance,acquaintance,c,PersonProperty,0
.,.,s,Resistance,0
It,it,s,Resistance,1
is,is,s,Resistance,2
not,not,s,Resistance,3
long,long,s,ProjectBack,0
since,since,s,ProjectBack,1
you,you,s,DirectAddress,0
were,were,s,ProjectBack,0
teaching,teaching,s,ReportingEvents,0
the,the,s,ReportingEvents,1
lute,lute,s,SenseObject,0
to,to,s,,0
a,a,s,SubjectivePercept,0
pretty,pretty,s,SubjectivePercept,1
wench,wench,n,PersonProperty,0
and,and,s,,0
witty,witty,c,StandardsPos,0
",",",",s,,0
and,and,s,,0
were,were,s,ProjectBack,0
fingring,fingring,s,UNRECOGNIZED,0
her,her,s,PersonPronoun,0
frets,frets,s,Negativity,0
unfit,unfit,s,StandardsNeg,0
for,for,s,StandardsNeg,1
your,your,s,DirectAddress,0
di^tie,di^tie,c,UNRECOGNIZED,0
.,.,s,,0
Its,its,s,,0
best,best,s,StandardsPos,0
for,for,s,StandardsPos,1
you,you,n,DirectAddress,0
to,to,s,GenericEvents,0
be,be,s,GenericEvents,1
quiet,quiet,c,SenseProperty,0
",",",",s,,0
least,least,s,Comparison,0
I,i,s,FirstPer,0
tell,tell,s,,0
the,the,s,,0
rest,rest,s,,0
which,which,s,,0
I,i,s,FirstPer,0
know,know,nnn,Confidence,0
Sir,sir,s,PersonProperty,0
Hermito,hermito,c,UNRECOGNIZED,0
*,*,s,,0
If,if,s,Contingency,0
you,you,s,DirectAddress,0
be,be,s,DirectAddress,1
no,no,c,DenyDisclaim,0
^,^,c,UNRECOGNIZED,0
.,.,s,,0
I,i,s,SelfDisclosure,0
am,am,s,SelfDisclosure,1
weary,weary,s,Negativity,0
with,with,s,,0
hearing,hearing,s,SpaceRelation,0
such,such,s,Intensity,0
variety,variety,s,AbstractConcepts,0
of,of,s,,0
vice,vice,c,AbstractConcepts,0
.,.,n,,0
The,the,s,,0
soldier,soldier,s,PersonProperty,0
that,that,s,ProjectBack,0
was,was,s,ProjectBack,1
wont,wont,s,SubjectivePercept,0
to,to,s,GenericEvents,0
be,be,c,GenericEvents,1
^,^,s,UNRECOGNIZED,0
the,the,s,,0
honor,honor,s,StandardsPos,0
of,of,s,,0
every,every,s,Generalization,0
country,country,s,AbstractConcepts,0
he,he,s,PersonPronoun,0
came,came,s,ReportingEvents,0
in,in,c,ReportingEvents,1
",",",",s,,0
and,and,n,,0
a,a,s,,0
glory,glory,s,StandardsPos,0
of,of,s,SubjectivePercept,0
his,his,s,SubjectivePercept,1
own,own,c,SubjectivePercept,2
",",",",s,,0
is,is,s,Immediacy,0
now,now,s,Immediacy,1
become,become,s,Transformation,0
odious,odious,s,Negativity,0
abroad,abroad,c,SceneShift,0
",",",",s,,0
and,and,s,,0
intolerable,intolerable,s,StandardsNeg,0
at,at,s,SpaceRelation,0
home,home,c,SpaceRelation,1
.,.,n,,0
The,the,s,,0
intelligencer,intelligencer,s,PersonProperty,0
might,might,s,Contingency,0
do,do,s,Contingency,1
good,good,s,,0
service,service,s,StandardsPos,0
if,if,s,Contingency,0
you,you,s,DirectAddress,0
could,could,s,DirectAddress,1
devise,devise,s,PrivateThinking,0
to,to,s,TimeDuration,0
keep,keep,s,TimeDuration,1
him,him,s,PersonPronoun,0
from,from,n,,0
doing,doing,s,,0
hurt,hurt,c,ReportingStates,0
",",",",s,ReportingStates,1
which,which,s,,0
is,is,s,ReportingStates,0
as,as,s,,0
hard,hard,s,Resemblances,0
as,as,s,Resemblances,1
to,to,s,,0
restrain,restrain,s,Resistance,0
a,a,s,Resistance,1
man,man,s,PersonProperty,0
of,of,s,PersonProperty,1
war,war,s,GenericEvents,0
having,having,s,ReportingEvents,0
letters,letters,s,SenseObject,0
of,of,n,,0
Mart,mart,s,SenseObject,0
from,from,s,,0
robbing,robbing,s,Negative_Relation,0
his,his,s,SubjectivePercept,0
own,own,s,SubjectivePercept,1
country,country,s,AbstractConcepts,0
men,men,nn,PersonProperty,0
The,the,s,,0
Musician,musician,s,PersonProperty,0
that,that,s,,0
ought,ought,s,Insist,0
to,to,s,Insist,1
present,present,s,,0
nothing,nothing,s,DenyDisclaim,0
evil,evil,s,StandardsNeg,0
founding,founding,c,CommonAuthorities,0
",",",",s,,0
is,is,s,Immediacy,0
now,now,s,Immediacy,1
the,the,s,Immediacy,2
setter,setter,n,SenseObject,0
of,of,s,Specifiers,0
all,all,s,Specifiers,1
unsavory,unsavory,s,StandardsNeg,0
sonnets,sonnets,c,LangRef,0
.,.,s,,0
His,his,s,PersonPronoun,0
office,office,s,SenseObject,0
was,was,s,ProjectBack,0
to,to,s,,0
teach,teach,s,ReportingEvents,0
the,the,s,ReportingEvents,1
measures,measures,s,AbstractConcepts,0
and,and,s,,0
daunces,daunces,s,UNRECOGNIZED,0
of,of,n,,0
order,order,s,AbstractConcepts,0
and,and,s,,0
comelines,comelines,c,UNRECOGNIZED,0
",",",",s,,0
not,not,s,DenyDisclaim,0
the,the,s,DenyDisclaim,1
lofty,lofty,s,StandardsPos,0
L^valto,l^valto,s,UNRECOGNIZED,0
and,and,s,,0
tricks,tricks,s,SubjectivePercept,0
of,of,s,,0
^,^,c,UNRECOGNIZED,0
ntemperance,ntemperance,nnn,UNRECOGNIZED,0
I,i,s,Reassure,0
assure,assure,s,Reassure,1
you,you,s,Reassure,2
Master,master,s,PersonProperty,0
Securus,securus,s,UNRECOGNIZED,0
those,those,s,,0
things,things,s,Uncertainty,0
are,are,s,ReportingStates,0
as,as,s,,0
distastefull,distastefull,s,UNRECOGNIZED,0
to,to,s,SelfDisclosure,0
me,me,s,SelfDisclosure,1
as,as,s,Specifiers,0
to,to,s,Specifiers,1
any,any,n,,0
other,other,c,Specifiers,0
.,.,s,DirectAddress,0
And,and,s,DirectAddress,1
I,i,s,SelfDisclosure,0
am,am,s,SelfDisclosure,1
so,so,s,Intensity,0
much,much,s,Intensity,1
the,the,s,,0
safer,safer,s,StandardsPos,0
that,that,s,,0
I,i,s,SelfDisclosure,0
live,live,s,SelfDisclosure,1
from,from,s,,0
their,their,s,PersonPronoun,0
sight,sight,s,SenseProperty,0
and,and,s,,0
knowledge,knowledge,c,CommonAuthorities,0
.,.,n,,0
The,the,s,,0
Soldier,soldier,c,PersonProperty,0
",",",",s,,0
the,the,s,SenseObject,0
Spy,spy,c,SenseObject,1
",",",",s,,0
and,and,s,,0
the,the,s,,0
Musician,musician,s,PersonProperty,0
have,have,s,,0
their,their,s,PersonPronoun,0
several,several,s,Specifiers,0
abuses,abuses,s,Negativity,0
much,much,n,Intensity,0
degenerating,degenerating,s,StandardsNeg,0
from,from,s,,0
their,their,s,PersonPronoun,0
first,first,s,Sequence,0
institutions,institutions,c,CommonAuthorities,0
;,;,s,,0
if,if,s,Contingency,0
any,any,s,Contingency,1
man,man,s,PersonProperty,0
can,can,s,Contingency,0
persuade,persuade,s,ReportingEvents,0
them,them,s,,0
to,to,n,,0
repair,repair,s,ReportingEvents,0
unto,unto,s,CommonAuthorities,0
my,my,s,FirstPer,0
cell,cell,c,SenseObject,0
",",",",s,,0
I,i,s,Metadiscourse,0
will,will,s,Metadiscourse,1
do,do,s,Metadiscourse,2
my,my,s,FirstPer,0
best,best,s,StandardsPos,0
to,to,s,StandardsPos,1
reform,reform,s,StandardsPos,0
them,them,nnn,StandardsPos,1
How,how,s,Updates,0
now,now,s,Updates,1
Simple,simple,c,SubjectivePercept,0
",",",",s,Specifiers,0
what,what,s,Specifiers,1
is,is,s,Specifiers,2
the,the,s,Specifiers,3
news,news,s,Updates,0
now,now,c,Immediacy,0
?,?,nn,Question,0
Marry,marry,s,Positivity,0
I,i,s,Autobio,0
was,was,s,Autobio,1
never,never,s,DenyDisclaim,0
in,in,s,Specifiers,0
such,such,s,Specifiers,1
a,a,s,Specifiers,2
scurvie,scurvie,s,UNRECOGNIZED,0
case,case,s,AbstractConcepts,0
in,in,s,SelfDisclosure,0
my,my,s,SelfDisclosure,1
life,life,c,SelfDisclosure,2
.,.,nnn,Curiosity,0
What,what,s,Curiosity,1
is,is,s,Curiosity,2
it,it,c,Curiosity,3
?,?,s,Question,0
have,have,s,,0
thou,thou,s,DirectAddress,0
the,the,s,,0
pox,pox,c,StandardsNeg,0
?,?,nnn,Question,0
No,no,c,OralCues,0
",",",",s,OralCues,1
it,it,s,,0
is,is,s,ReportingStates,0
worse,worse,c,Negativity,0
.,.,s,,0
that,that,s,Specifiers,0
is,is,s,Specifiers,1
but,but,s,Resistance,0
a,a,s,,0
toy,toy,c,SenseObject,0
",",",",s,,0
it,it,s,,0
is,is,s,ReportingStates,0
the,the,s,ReportingStates,1
plague,plague,c,Negativity,0
.,.,s,,0
I,i,s,SelfDisclosure,0
am,am,s,SelfDisclosure,1
so,so,s,,0
pestred,pestred,s,UNRECOGNIZED,0
with,with,s,,0
yonder,yonder,n,SpaceRelation,0
woman,woman,s,PersonProperty,0
Susanna,susanna,s,UNRECOGNIZED,0
Richardson,richardson,c,UNRECOGNIZED,0
.,.,s,,0
She,she,s,Citations,0
says,says,s,Citations,1
you,you,s,DirectAddress,0
did,did,s,ReportingEvents,0
tear,tear,s,Negativity,0
lier,lier,s,UNRECOGNIZED,0
bill,bill,s,AbstractConcepts,0
of,of,s,,0
10,10,c,Numbers,0
^,^,c,UNRECOGNIZED,0
.,.,s,,0
she,she,n,PersonPronoun,0
scoulds,scoulds,c,UNRECOGNIZED,0
",",",",s,,0
she,she,s,PersonPronoun,0
tails,tails,c,SenseObject,0
;,;,s,,0
she,she,s,Neutral_Attribution,0
threatens,threatens,s,Neutral_Attribution,1
to,to,s,,0
dwell,dwell,s,SpaceRelation,0
with,with,s,DirectAddress,0
you,you,c,DirectAddress,1
",",",",s,,0
to,to,s,,0
lay,lay,s,Narrative_Verbs,0
her,her,s,Narrative_Verbs,1
child,child,s,PersonProperty,0
at,at,s,DirectAddress,0
your,your,n,DirectAddress,1
door,door,c,DirectAddress,2
",",",",s,,0
and,and,s,,0
set,set,s,Sequence,0
up,up,s,Sequence,1
the,the,s,Sequence,2
cause,cause,s,Cause,0
upon,upon,s,DirectAddress,0
your,your,s,DirectAddress,1
gate,gate,c,SenseObject,0
:,:,s,,0
and,and,s,,0
every,every,s,Generalization,0
thing,thing,s,Generalization,1
^,^,c,UNRECOGNIZED,0
hee,hee,s,UNRECOGNIZED,0
will,will,s,PredictedFuture,0
do,do,n,Intensity,0
until,until,s,TimeDuration,0
she,she,s,TimeDuration,1
be,be,s,ReportingStates,0
agreed,agreed,s,,0
withal,withal,c,Metadiscourse,0
.,.,s,,0
She,she,s,Neutral_Attribution,0
makes,makes,s,Neutral_Attribution,1
me,me,s,FirstPer,0
weary,weary,s,Negativity,0
of,of,s,Negativity,1
my,my,s,Autobio,0
life,life,c,Autobio,1
:,:,s,,0
she,she,s,Neutral_Attribution,0
follows,follows,s,Neutral_Attribution,1
me,me,n,FirstPer,0
like,like,s,Resemblances,0
a,a,s,Resemblances,1
ghost,ghost,c,SenseProperty,0
:,:,s,,0
and,and,s,Immediacy,0
now,now,s,Immediacy,1
she,she,s,PersonPronoun,0
stands,stands,s,SpaceRelation,0
at,at,s,SpaceRelation,1
door,door,c,SenseObject,0
.,.,s,,0
If,if,s,Contingency,0
you,you,s,DirectAddress,0
had,had,s,DirectAddress,1
not,not,s,DenyDisclaim,0
been,been,s,ProjectBack,0
here,here,s,SpaceRelation,0
she,she,s,Biographical_Time,0
had,had,n,Biographical_Time,1
never,never,s,Biographical_Time,2
left,left,s,SceneShift,0
m,m,c,LangRef,0
^^,^^,c,UNRECOGNIZED,0
",",",",s,Resistance,0
but,but,s,Resistance,1
she,she,s,PersonPronoun,0
cannot,cannot,s,Negativity,0
abide,abide,s,Negativity,1
to,to,s,ProjectAhead,0
see,see,s,ProjectAhead,1
you,you,nnn,DirectAddress,0
All,all,s,DirectAddress,1
this,this,s,,0
I,i,s,FirstPer,0
little,little,s,SenseProperty,0
care,care,s,Positivity,0
for,for,c,Positivity,1
;,;,s,Resistance,0
but,but,s,Resistance,1
there,there,s,ReportingStates,0
is,is,s,ReportingStates,1
a,a,s,ReportingStates,2
thing,thing,s,Uncertainty,0
in,in,s,,0
it,it,c,,0
.,.,s,,0
I,i,s,Fear,0
fear,fear,s,Fear,1
the,the,n,,0
Sta,sta,c,UNRECOGNIZED,0
^,^,c,UNRECOGNIZED,0
-,-,c,,0
cha,cha,c,UNRECOGNIZED,0
^^,^^,c,UNRECOGNIZED,0
er,er,s,UNRECOGNIZED,0
because,because,s,ReasonBackward,0
she,she,s,Neutral_Attribution,0
has,has,s,Neutral_Attribution,1
wi^nes,wi^nes,s,UNRECOGNIZED,0
(,(,c,,0
or,or,s,Contingency,0
else,else,s,Contingency,1
I,i,s,SelfDisclosure,0
would,would,s,SelfDisclosure,1
not,not,s,DenyDisclaim,0
care,care,s,DenyDisclaim,1
neither,neither,c,DenyDisclaim,0
),),s,,0
I,i,s,Insist,0
must,must,n,Insist,1
agree,agree,s,Insist,2
with,with,s,,0
her,her,c,PersonPronoun,0
",",",",s,,0
bid,bid,s,ReportingEvents,0
her,her,s,ReportingEvents,1
come,come,s,ReportingEvents,0
in,in,nnn,ReportingEvents,1
You,you,s,DirectAddress,0
showed,showed,s,ReportingEvents,0
me,me,s,FirstPer,0
an,an,s,,0
old,old,s,SenseProperty,0
rotten,rotten,s,Negativity,0
note,note,s,Citations,0
the,the,s,Citations,1
other,other,s,Specifiers,0
day,day,c,TimeDuration,0
.,.,s,Resistance,0
It,it,s,Resistance,1
Is,is,s,Resistance,2
not,not,s,Resistance,3
worth,worth,s,AbstractConcepts,0
two,two,s,Numbers,0
pence,pence,c,AbstractConcepts,0
.,.,s,Curiosity,0
What,what,n,Curiosity,1
would,would,s,Curiosity,2
you,you,s,DirectAddress,0
haue,haue,c,UNRECOGNIZED,0
^,^,s,UNRECOGNIZED,0
I,i,s,SelfDisclosure,0
owe,owe,s,SelfDisclosure,1
you,you,s,DirectAddress,0
nothing,nothing,nn,DenyDisclaim,0
The,the,s,SenseObject,0
note,note,s,SenseObject,1
was,was,s,ProjectBack,0
worth,worth,s,AbstractConcepts,0
10,10,c,Numbers,0
^,^,s,UNRECOGNIZED,0
till,till,s,AbstractConcepts,0
you,you,s,DirectAddress,0
fl^gred,fl^gred,s,UNRECOGNIZED,0
it,it,c,,0
",",",",s,,0
now,now,s,Immediacy,0
it,it,s,DenyDisclaim,0
is,is,s,DenyDisclaim,1
not,not,s,DenyDisclaim,2
worth,worth,s,StandardsPos,0
a,a,s,StandardsPos,1
halfe-penie,halfe-penie,n,UNRECOGNIZED,0
indeed,indeed,c,Intensity,0
:,:,s,,0
but,but,s,Resistance,0
if,if,s,Contingency,0
you,you,s,DirectAddress,0
will,will,s,PredictedFuture,0
give,give,s,ReportingEvents,0
me,me,s,ReportingEvents,1
nothing,nothing,c,DenyDisclaim,0
",",",",s,,0
I,i,s,FirstPer,0
will,will,s,PredictedFuture,0
tell,tell,s,,0
the,the,s,SenseObject,0
King,king,c,SenseObject,1
.,.,s,,0
I,i,s,SelfDisclosure,0
am,am,s,SelfDisclosure,1
a,a,s,SelfDisclosure,2
poor,poor,c,Negativity,0
^,^,n,UNRECOGNIZED,0
widow,widow,c,PersonProperty,0
",",",",s,,0
he,he,s,PersonPronoun,0
will,will,s,PredictedFuture,0
help,help,s,PredictedFuture,1
me,me,nnn,FirstPer,0
The,the,s,SenseObject,0
King,king,s,SenseObject,1
woman,woman,c,PersonProperty,0
?,?,s,Question,0
Alas,alas,c,Negativity,0
",",",",s,,0
he,he,s,Neutral_Attribution,0
has,has,s,Neutral_Attribution,1
great,great,s,Intensity,0
business,business,c,AbstractConcepts,0
",",",",s,,0
never,never,s,DenyDisclaim,0
trouble,trouble,s,Negativity,0
him,him,s,Negativity,1
with,with,s,Specifiers,0
this,this,n,Specifiers,1
toy,toy,c,SenseObject,0
.,.,s,,0
I,i,s,FirstPer,0
Will,will,s,PredictedFuture,0
give,give,s,,0
^,^,c,UNRECOGNIZED,0
hee,hee,s,UNRECOGNIZED,0
somewhat,somewhat,s,Uncertainty,0
in,in,s,,0
charity,charity,c,StandardsPos,0
",",",",s,Resistance,0
but,but,s,Resistance,1
not,not,s,DenyDisclaim,0
a,a,s,DenyDisclaim,1
penie,penie,s,UNRECOGNIZED,0
of,of,s,,0
duty,duty,nnn,StandardsPos,0
Charity,charity,c,StandardsPos,0
?,?,s,Question,0
that,that,s,ProjectAhead,0
would,would,s,ProjectAhead,1
I,i,s,FirstPer,0
feign,feign,s,SubjectivePercept,0
see,see,s,,0
from,from,s,DirectAddress,0
you,you,c,DirectAddress,1
.,.,s,Imperative,0
Pay,pay,s,Imperative,1
first,first,s,Sequence,0
the,the,s,,0
10,10,c,Numbers,0
^,^,s,UNRECOGNIZED,0
which,which,s,,0
is,is,s,CommonAuthorities,0
due,due,c,CommonAuthorities,1
",",",",s,,0
and,and,n,Sequence,0
then,then,s,Sequence,1
bestow,bestow,s,StandardsPos,0
your,your,s,DirectAddress,0
charity,charity,nnn,StandardsPos,0
Well,well,c,OralCues,0
",",",",s,OralCues,1
woman,woman,c,PersonProperty,0
",",",",s,,0
here,here,s,Immediacy,0
is,is,s,Immediacy,1
50,50,s,Numbers,0
shillings,shillings,s,AbstractConcepts,0
with,with,s,Specifiers,0
a,a,s,Specifiers,1
good,good,s,StandardsPos,0
will,will,c,StandardsPos,1
:,:,s,,0
take,take,s,Responsibility,0
this,this,c,Responsibility,1
",",",",s,,0
or,or,s,,0
get,get,s,Transformation,0
more,more,n,Transformation,1
any,any,s,Contingency,0
way,way,s,Contingency,1
you,you,s,DirectAddress,0
can,can,nnn,Contingency,0
I,i,s,ReasonBackward,0
should,should,s,ReasonBackward,1
have,have,s,ReasonBackward,2
had,had,s,ReasonBackward,3
an,an,s,,0
ounce,ounce,c,AbstractConcepts,0
",",",",s,,0
here,here,s,Immediacy,0
is,is,s,Immediacy,1
but,but,s,Resistance,0
a,a,s,,0
quarter,quarter,c,,0
.,.,s,,0
I,i,s,SelfDisclosure,0
am,am,s,SelfDisclosure,1
poor,poor,c,Negativity,0
",",",",s,,0
therefore,therefore,s,ReasonForward,0
I,i,s,SelfDisclosure,0
am,am,n,SelfDisclosure,1
constrained,constrained,s,Resistance,0
to,to,s,,0
take,take,s,Responsibility,0
this,this,c,Responsibility,1
",",",",s,Resistance,0
but,but,s,Resistance,1
I,i,s,SceneShift,0
leave,leave,s,SceneShift,1
the,the,s,SceneShift,2
rest,rest,s,ReportingEvents,0
upon,upon,s,ReportingEvents,1
your,your,s,DirectAddress,0
conscience,conscience,s,StandardsPos,0
still,still,nnn,Updates,0
Nay,nay,c,OralCues,0
",",",",s,,0
then,then,s,Sequence,0
I,i,s,Sequence,1
care,care,s,Negativity,0
not,not,c,Negativity,1
",",",",s,,0
we,we,c,,0
^,^,c,UNRECOGNIZED,0
',',c,,0
l,l,s,LangRef,0
do,do,s,StandardsPos,0
well,well,s,StandardsPos,1
enough,enough,s,SubjectivePercept,0
with,with,s,,0
conscience,conscience,s,StandardsPos,0
Simple,simple,c,SubjectivePercept,0
.,.,s,,0
I,i,s,SelfDisclosure,0
am,am,s,SelfDisclosure,1
glad,glad,n,Positivity,0
it,it,s,SpaceRelation,0
is,is,s,SpaceRelation,1
at,at,s,SpaceRelation,2
an,an,s,SpaceRelation,3
end,end,s,Sequence,0
in,in,s,CommonAuthorities,0
Law,law,nnn,CommonAuthorities,1
So,so,s,,0
am,am,s,Question,0
I,i,s,Question,1
Sir,sir,c,PersonProperty,0
",",",",s,,0
now,now,s,Immediacy,0
I,i,s,Metadiscourse,0
shall,shall,s,Metadiscourse,1
be,be,s,ReportingStates,0
quiet,quiet,c,SenseProperty,0
.,.,s,,0
An,an,s,,0
you,you,s,DirectAddress,0
marked,marked,s,,0
Sir,sir,c,PersonProperty,0
",",",",s,,0
I,i,s,Autobio,0
never,never,s,Autobio,1
entreated,entreated,s,Request,0
you,you,n,DirectAddress,0
for,for,s,DirectAddress,1
conscience,conscience,s,StandardsPos,0
sake,sake,s,SenseObject,0
to,to,s,,0
give,give,s,,0
her,her,s,PersonPronoun,0
any,any,s,Specifiers,0
thing,thing,c,Specifiers,1
",",",",s,Resistance,0
but,but,s,Resistance,1
for,for,s,,0
my,my,s,FirstPer,0
trouble,trouble,c,Negativity,0
.,.,s,,0
Nay,nay,s,OralCues,0
I,i,s,SelfDisclosure,0
have,have,n,SelfDisclosure,1
learned,learned,s,ReportingEvents,0
to,to,s,ReportingEvents,1
stretch,stretch,s,Motions,0
a,a,s,Motions,1
conscience,conscience,s,StandardsPos,0
with,with,s,,0
any,any,s,,0
man,man,s,PersonProperty,0
since,since,s,,0
I,i,s,FirstPer,0
came,came,s,DirectAddress,0
to,to,s,DirectAddress,1
you,you,c,DirectAddress,2
.,.,s,DirectAddress,0
And,and,s,DirectAddress,1
it,it,s,,0
is,is,s,ProjectAhead,0
soon,soon,n,ProjectAhead,1
learned,learned,s,ReportingEvents,0
if,if,s,Contingency,0
a,a,s,Contingency,1
man,man,s,PersonProperty,0
will,will,s,PredictedFuture,0
give,give,s,,0
his,his,s,PrivateThinking,0
mind,mind,s,PrivateThinking,1
to,to,s,,0
it,it,c,,0
:,:,s,,0
for,for,s,StandardsPos,0
the,the,s,StandardsPos,1
good,good,s,StandardsPos,2
will,will,s,PredictedFuture,0
of,of,s,,0
a,a,s,,0
jade,jade,c,SenseObject,0
^^,^^,s,UNRECOGNIZED,0
all,all,c,Inclusive,0
.,.,n,Inclusive,1
What,what,s,,0
a,a,s,Negativity,0
fool,fool,s,Negativity,1
was,was,s,SelfDisclosure,0
I,i,s,SelfDisclosure,1
that,that,s,,0
began,began,s,Sequence,0
no,no,s,SubjectiveTime,0
sooner,sooner,s,SubjectiveTime,1
to,to,s,,0
study,study,s,Curiosity,0
it,it,nn,,0
But,but,s,Resistance,0
I,i,s,SelfDisclosure,0
have,have,s,SelfDisclosure,1
more,more,s,Comparison,0
news,news,s,Updates,0
to,to,s,,0
tell,tell,s,DirectAddress,0
you,you,s,DirectAddress,1
Sir,sir,c,PersonProperty,0
.,.,s,,0
As,as,s,SelfDisclosure,0
I,i,s,SelfDisclosure,1
came,came,s,SceneShift,0
by,by,s,SceneShift,1
the,the,s,,0
Chancerie,chancerie,s,UNRECOGNIZED,0
office,office,s,SenseObject,0
I,i,s,Autobio,0
was,was,n,Autobio,1
called,called,s,ReportingEvents,0
in,in,s,ReportingEvents,1
to,to,s,ProjectAhead,0
see,see,s,ProjectAhead,1
a,a,s,,0
^^,^^,c,UNRECOGNIZED,0
rie,rie,s,AbstractConcepts,0
foul,foul,s,Negativity,0
bill,bill,c,AbstractConcepts,0
",",",",s,,0
put,put,s,Motions,0
in,in,s,Motions,1
against,against,s,Resistance,0
you,you,s,Resistance,1
^,^,c,UNRECOGNIZED,0
t,t,s,AbstractConcepts,0
M,m,c,AbstractConcepts,0
.,.,s,AbstractConcepts,1
Thompso^s,thompso^s,s,UNRECOGNIZED,0
suit,suit,c,SenseObject,0
",",",",n,ReasonForward,0
for,for,s,ReasonForward,1
things,things,s,Uncertainty,0
which,which,s,,0
you,you,s,DirectAddress,0
did,did,s,ReportingEvents,0
take,take,s,ReportingEvents,0
(,(,c,,0
not,not,s,DenyDisclaim,0
altogether,altogether,s,Intensity,0
steal,steal,c,Negativity,0
),),s,,0
out,out,s,,0
of,of,s,,0
his,his,s,PersonPronoun,0
house,house,c,SenseObject,0
.,.,s,DirectAddress,0
And,and,s,DirectAddress,1
for,for,n,,0
a,a,s,,0
lease,lease,s,ReportingEvents,0
parell,parell,s,UNRECOGNIZED,0
he,he,s,PersonPronoun,0
challenges,challenges,s,Resistance,0
from,from,s,DirectAddress,0
you,you,c,DirectAddress,1
:,:,s,,0
and,and,s,,0
there,there,s,,0
a^e,a^e,s,UNRECOGNIZED,0
also,also,s,,0
your,your,s,DirectAddress,0
fourscore,fourscore,s,Numbers,0
and,and,n,Numbers,1
ten,ten,s,Numbers,2
cawdles,cawdles,s,UNRECOGNIZED,0
in,in,s,Sequence,0
a,a,s,Sequence,1
row,row,c,Sequence,2
:,:,s,,0
in,in,s,,0
every,every,s,Generalization,0
line,line,s,SpaceRelation,0
a,a,s,SpaceRelation,1
Cawdle,cawdle,c,UNRECOGNIZED,0
",",",",s,,0
spic'd,spic'd,s,UNRECOGNIZED,0
and,and,s,,0
sweet,sweet,c,SenseProperty,0
",",",",s,,0
and,and,s,,0
as,as,s,,0
hot,hot,s,Intensity,0
as,as,n,Intensity,1
ever,ever,s,Biographical_Time,0
they,they,s,,0
went,went,s,ReportingEvents,0
down,down,s,ReportingEvents,1
your,your,s,DirectAddress,0
throat,throat,c,SenseObject,0
:,:,s,,0
and,and,s,,0
some,some,s,ReceivedPOV,0
say,say,s,ReceivedPOV,1
they,they,s,,0
shall,shall,s,ProjectAhead,0
be,be,s,ProjectAhead,1
still,still,s,Updates,0
upon,upon,s,CommonAuthorities,0
record,record,n,CommonAuthorities,1
in,in,s,,0
perpetuam,perpetuam,s,UNRECOGNIZED,0
rei,rei,s,,0
memoriam,memoriam,c,ProjectBack,0
",",",",s,,0
if,if,s,Contingency,0
it,it,s,Contingency,1
be,be,s,ReportingStates,0
true,true,c,Concessive,0
",",",",s,Concessive,1
it,it,s,ProjectAhead,0
shall,shall,s,ProjectAhead,1
go,go,s,ReportingEvents,0
hard,hard,s,,0
but,but,s,Resistance,0
ever^e,ever^e,s,UNRECOGNIZED,0
morning,morning,n,,0
in,in,s,,0
term,term,s,AbstractConcepts,0
times,times,s,AbstractConcepts,0
as,as,s,Intensity,0
long,long,s,Intensity,1
as,as,s,Intensity,2
I,i,s,Intensity,3
live,live,s,Intensity,4
I,i,s,FirstPer,0
Will,will,s,PredictedFuture,0
spend,spend,s,ReportingEvents,0
my,my,s,FirstPer,0
penie,penie,s,UNRECOGNIZED,0
at,at,s,AbstractConcepts,0
one,one,s,AbstractConcepts,1
of,of,s,,0
them,them,nnn,,0
Has,has,s,,0
he,he,s,Neutral_Attribution,0
served,served,s,Neutral_Attribution,1
me,me,s,FirstPer,0
so,so,c,,0
?,?,s,Question,0
well,well,c,StandardsPos,0
.,.,s,StandardsPos,1
it,it,s,,0
is,is,s,ReportingStates,0
a,a,s,ReportingStates,1
maxim,maxim,s,StandardsPos,0
with,with,s,,0
me,me,s,FirstPer,0
Simplo,simplo,s,UNRECOGNIZED,0
to,to,s,GenericEvents,0
be,be,s,GenericEvents,1
ashamed,ashamed,s,Sad,0
of,of,n,Sad,1
nothing,nothing,s,DenyDisclaim,0
(,(,c,Aside,0
as,as,s,Aside,1
thou,thou,s,DirectAddress,0
know,know,c,Confidence,0
),),s,,0
but,but,s,Resistance,0
yet,yet,s,Resistance,0
I,i,s,FirstPer,0
Will,will,s,PredictedFuture,0
be,be,s,PredictedFuture,1
even,even,s,Comparison,0
with,with,s,Comparison,1
him,him,c,PersonPronoun,0
.,.,s,,0
He,he,s,PersonPronoun,0
shall,shall,s,ProjectAhead,0
out,out,s,,0
of,of,s,,0
his,his,n,PersonPronoun,0
house,house,s,SenseObject,0
whatsoever,whatsoever,s,Intensity,0
it,it,s,,0
cost,cost,s,AbstractConcepts,0
me,me,nnn,FirstPer,0
There,there,s,ReportingStates,0
is,is,s,ReportingStates,1
also,also,s,,0
another,another,s,Specifiers,0
bill,bill,s,AbstractConcepts,0
against,against,s,Resistance,0
you,you,s,Resistance,1
by,by,s,DirectAddress,0
your,your,s,DirectAddress,1
wives,wives,s,PersonProperty,0
near,near,s,SpaceRelation,0
cosen,cosen,c,UNRECOGNIZED,0
",",",",s,,0
wherein,wherein,s,CommonAuthorities,0
you,you,n,DirectAddress,0
are,are,s,DirectAddress,1
charged,charged,s,ReportingEvents,0
(,(,c,,0
not,not,s,StandardsNeg,0
directly,directly,s,StandardsNeg,1
with,with,s,,0
stealing,stealing,c,Negativity,0
",",",",s,Resistance,0
but,but,s,Resistance,1
taking,taking,s,ReportingEvents,0
without,without,s,Contingency,0
the,the,s,Contingency,1
owners,owners,s,PersonProperty,0
privitie,privitie,n,UNRECOGNIZED,0
or,or,s,,0
consent,consent,c,CommonAuthorities,0
),),s,,0
a,a,s,SenseObject,0
picture,picture,c,SenseObject,1
",",",",s,,0
a,a,s,,0
map,map,c,SenseObject,0
",",",",s,,0
and,and,s,,0
other,other,s,Specifiers,0
household,household,s,AbstractConcepts,0
stuff,stuff,nnn,Uncertainty,0
I,i,s,FirstPer,0
make,make,s,ReportingEvents,0
no,no,s,DenyDisclaim,0
more,more,s,DenyDisclaim,1
reckning,reckning,s,UNRECOGNIZED,0
of,of,s,Specifiers,0
that,that,s,Specifiers,1
imputation,imputation,s,Negative_Attribution,0
then,then,s,,0
of,of,s,,0
the,the,s,,0
rest,rest,c,,0
.,.,s,,0
For,for,s,Contingency,0
if,if,s,Contingency,1
the,the,s,Negativity,0
worst,worst,n,Negativity,1
fall,fall,s,,0
I,i,s,Metadiscourse,0
shall,shall,s,Metadiscourse,1
have,have,s,Cause,0
them,them,s,Cause,1
as,as,s,TimeDuration,0
they,they,s,TimeDuration,1
be,be,s,ReportingStates,0
praised,praised,nnn,StandardsPos,0
Nay,nay,c,OralCues,0
",",",",s,,0
if,if,s,Contingency,0
you,you,s,DirectAddress,0
care,care,s,DirectAddress,1
not,not,s,DenyDisclaim,0
for,for,s,Specifiers,0
the,the,s,Specifiers,1
manner,manner,s,Specifiers,2
of,of,s,Specifiers,3
taking,taking,s,ReportingEvents,0
the,the,c,,0
^,^,c,UNRECOGNIZED,0
",",",",s,,0
the,the,s,,0
matter,matter,s,AbstractConcepts,0
is,is,s,DenyDisclaim,0
not,not,s,DenyDisclaim,1
great,great,n,Intensity,0
otherwise,otherwise,nnn,Contingency,0
Not,not,s,DenyDisclaim,0
a,a,s,DenyDisclaim,1
rush,rush,s,Motions,0
Simplo,simplo,c,UNRECOGNIZED,0
",",",",s,,0
sa^e,sa^e,s,UNRECOGNIZED,0
and,and,s,DirectAddress,0
think,think,s,DirectAddress,1
what,what,s,DirectAddress,2
they,they,s,,0
will,will,c,PredictedFuture,0
",",",",s,,0
I,i,s,Sad,0
am,am,s,Sad,1
sorry,sorry,s,Sad,2
^,^,s,UNRECOGNIZED,0
took,took,s,ReportingEvents,0
no,no,s,DenyDisclaim,0
more,more,c,DenyDisclaim,1
.,.,nnn,Resistance,0
But,but,s,Resistance,1
one,one,s,Numbers,0
thing,thing,s,Uncertainty,0
made,made,s,SelfDisclosure,0
me,me,s,SelfDisclosure,1
laugh,laugh,s,Positivity,0
hartelie,hartelie,c,UNRECOGNIZED,0
",",",",s,,0
and,and,s,,0
in,in,s,,0
my,my,s,FirstPer,0
conceit,conceit,s,SubjectivePercept,0
it,it,s,ProjectBack,0
was,was,s,ProjectBack,1
a,a,s,ProjectBack,2
witty,witty,s,StandardsPos,0
trick,trick,n,SubjectivePercept,0
that,that,s,ProjectBack,0
was,was,s,ProjectBack,1
told,told,s,Citations,0
me,me,s,Citations,1
lately,lately,c,Updates,0
",",",",s,,0
that,that,s,DirectAddress,0
you,you,s,DirectAddress,1
borrowed,borrowed,s,ReportingEvents,0
100,100,c,Numbers,0
^,^,s,UNRECOGNIZED,0
of,of,s,,0
a,a,s,,0
gentlewoman,gentlewoman,s,PersonProperty,0
called,called,n,ReportingEvents,0
Mis^ris,mis^ris,s,UNRECOGNIZED,0
Fer^ers,fer^ers,s,UNRECOGNIZED,0
Gratis,gratis,c,Positivity,0
",",",",s,,0
and,and,s,,0
put,put,s,ReportingEvents,0
it,it,s,ReportingEvents,1
out,out,s,ProjectAhead,0
for,for,s,ProjectAhead,1
10,10,s,Numbers,0
in,in,s,,0
the,the,s,,0
100,100,c,Numbers,0
.,.,s,DirectAddress,0
And,and,s,DirectAddress,1
after,after,s,Sequence,0
a,a,s,Sequence,1
year,year,s,TimeDuration,0
and,and,n,,0
a,a,s,,0
half,half,s,Numbers,0
with,with,s,SubjectivePercept,0
much,much,s,SubjectivePercept,1
ado,ado,c,SubjectivePercept,2
^,^,s,UNRECOGNIZED,0
paid,paid,s,Narrative_Verbs,0
her,her,c,Narrative_Verbs,1
:,:,s,,0
and,and,s,ReasonForward,0
so,so,s,ReasonForward,1
you,you,s,DirectAddress,0
got,got,s,DirectAddress,1
15,15,c,Numbers,0
^,^,s,UNRECOGNIZED,0
handsomelie,handsomelie,c,UNRECOGNIZED,0
.,.,s,,0
I,i,s,SelfDisclosure,0
would,would,s,SelfDisclosure,1
I,i,n,SelfDisclosure,0
could,could,s,SelfDisclosure,1
tell,tell,s,SelfDisclosure,2
whereto,whereto,s,CommonAuthorities,0
borrow,borrow,s,ReportingEvents,0
two,two,s,Numbers,0
or,or,s,Numbers,1
three,three,s,Numbers,2
1000,1000,c,Numbers,0
^,^,s,UNRECOGNIZED,0
in,in,s,Specifiers,0
that,that,s,Specifiers,1
sort,sort,c,AbstractConcepts,0
.,.,s,,0
Me,me,s,FirstPer,0
thinks,thinks,s,PrivateThinking,0
I,i,s,SelfDisclosure,0
have,have,s,SelfDisclosure,1
wit,wit,n,StandardsPos,0
enough,enough,s,SubjectivePercept,0
to,to,s,SubjectivePercept,1
thrive,thrive,s,StandardsPos,0
on,on,s,StandardsPos,1
this,this,s,,0
fashion,fashion,nnn,SenseObject,0
It,it,s,,0
Is,is,s,ReportingStates,0
a,a,s,ReportingStates,1
fine,fine,s,Positivity,0
way,way,s,AbstractConcepts,0
indeed,indeed,c,Intensity,0
",",",",s,,0
and,and,s,,0
cleanelie,cleanelie,s,UNRECOGNIZED,0
(,(,c,,0
so,so,s,ReasonForward,0
that,that,s,ReasonForward,1
a,a,s,,0
m,m,c,LangRef,0
^^,^^,s,UNRECOGNIZED,0
look,look,s,ProjectAhead,0
to,to,s,ProjectAhead,1
his,his,s,PersonPronoun,0
security,security,c,StandardsPos,0
),),n,,0
And,and,s,,0
comes,comes,s,ReportingEvents,0
in,in,s,ReportingEvents,1
without,without,s,Contingency,0
stoc^e,stoc^e,s,UNRECOGNIZED,0
of,of,s,SubjectivePercept,0
his,his,s,SubjectivePercept,1
own,own,c,SubjectivePercept,2
:,:,s,,0
a,a,s,Intensity,0
very,very,s,Intensity,1
beggar,beggar,s,PersonProperty,0
may,may,s,Contingency,0
grow,grow,s,Transformation,0
rich,rich,s,Transformation,1
thus,thus,c,ReasonForward,0
:,:,s,,0
and,and,n,,0
every,every,s,Generalization,0
paultrie,paultrie,s,UNRECOGNIZED,0
knave,knave,s,Negativity,0
may,may,s,Contingency,0
thrive,thrive,s,StandardsPos,0
so,so,c,AbstractConcepts,0
",",",",s,AbstractConcepts,1
if,if,s,Contingency,0
he,he,s,Contingency,1
take,take,s,SubjectivePercept,0
heed,heed,c,SubjectivePercept,1
.,.,s,,0
Millers,millers,s,PersonProperty,0
use,use,s,ReportingEvents,0
this,this,s,,0
trick,trick,n,SubjectivePercept,0
to,to,s,,0
lend,lend,s,ReportingEvents,0
a,a,s,ReportingEvents,1
bushel,bushel,s,SenseObject,0
of,of,s,,0
another,another,s,Specifiers,0
man's,man's,s,PersonProperty,0
corn,corn,s,SenseObject,0
ground,ground,s,SenseObject,0
into,into,s,,0
meal,meal,s,GenericEvents,0
to,to,s,GenericEvents,0
be,be,s,GenericEvents,1
paid,paid,s,ReportingEvents,0
again,again,s,RecurringEvents,0
in,in,n,,0
wheat,wheat,c,SenseObject,0
",",",",s,ReasonForward,0
so,so,s,ReasonForward,1
he,he,s,Neutral_Attribution,0
takes,takes,s,Neutral_Attribution,1
tole,tole,s,AbstractConcepts,0
twice,twice,s,RecurringEvents,0
of,of,s,,0
one,one,s,Numbers,0
bushel,bushel,c,SenseObject,0
",",",",s,,0
and,and,s,,0
no,no,s,StandardsPos,0
cost,cost,s,StandardsPos,1
of,of,s,SubjectivePercept,0
his,his,s,SubjectivePercept,1
own,own,c,SubjectivePercept,2
",",",",s,,0
It,it,s,,0
is,is,n,Exceptions,0
but,but,s,Exceptions,1
making,making,s,ReportingEvents,0
the,the,s,,0
first,first,s,Sequence,0
(,(,c,,0
...,...,c,UNRECOGNIZED,0
),),s,,0
^,^,c,UNRECOGNIZED,0
ay,ay,s,OralCues,0
so,so,s,Intensity,0
much,much,s,Intensity,1
the,the,s,,0
longer,longer,nnn,Comparison,0
There,there,s,ReportingStates,0
are,are,s,ReportingStates,1
yet,yet,s,Resistance,0
two,two,s,Numbers,0
other,other,s,Specifiers,0
things,things,s,Uncertainty,0
objected,objected,c,Resistance,0
",",",",s,Resistance,0
but,but,s,Resistance,1
both,both,s,,0
of,of,s,Inclusive,0
our,our,s,Inclusive,1
nature,nature,s,AbstractConcepts,0
therefore,therefore,n,ReasonForward,0
though,though,s,Concessive,0
it,it,s,,0
were,were,s,ProjectBack,0
a,a,s,,0
huddle,huddle,c,Motions,0
",",",",s,,0
it,it,s,,0
makes,makes,s,ReportingEvents,0
but,but,s,Exceptions,0
a,a,s,Exceptions,1
single,single,s,Exceptions,2
game,game,c,AbstractConcepts,0
.,.,s,,0
One,one,s,Numbers,0
was,was,s,ProjectBack,0
this,this,s,,0
that,that,s,DirectAddress,0
you,you,n,DirectAddress,1
picked,picked,s,Narrative_Verbs,0
the,the,s,Narrative_Verbs,1
first,first,s,Sequence,0
le^ter,le^ter,s,UNRECOGNIZED,0
out,out,s,,0
of,of,s,,0
a,a,s,,0
truncke,truncke,s,UNRECOGNIZED,0
full,full,s,Specifiers,0
of,of,s,Specifiers,1
linen,linen,c,SenseObject,0
",",",",s,,0
(,(,c,,0
the,the,s,,0
letter,letter,s,SenseObject,0
for,for,s,,0
the,the,n,,0
surname,surname,s,AbstractConcepts,0
serving,serving,s,ReportingEvents,0
your,your,s,DirectAddress,0
name,name,s,DirectAddress,1
as,as,s,Metadiscourse,0
well,well,s,Metadiscourse,1
as,as,s,Metadiscourse,2
the,the,s,Metadiscourse,3
owners,owners,s,PersonProperty,0
youle,youle,c,UNRECOGNIZED,0
^,^,s,UNRECOGNIZED,0
stand,stand,c,AbstractConcepts,0
),),s,,0
and,and,s,,0
put,put,s,Transformation,0
on,on,s,Transformation,1
A,a,c,Transformation,2
.,.,n,,0
instead,instead,s,Substitution,0
of,of,s,Substitution,1
R,r,c,AbstractConcepts,0
.,.,s,AbstractConcepts,1
which,which,s,,0
was,was,s,ProjectBack,0
picked,picked,s,ReportingEvents,0
out,out,c,,0
.,.,s,DirectAddress,0
And,and,s,DirectAddress,1
this,this,s,ProjectBack,0
was,was,s,ProjectBack,1
Mr,mr,c,PersonProperty,0
.,.,s,PersonProperty,1
Rellips,rellips,s,UNRECOGNIZED,0
linen,linen,c,SenseObject,0
.,.,s,,0
The,the,s,Specifiers,0
other,other,n,Specifiers,1
was,was,s,ProjectBack,0
that,that,s,ProjectBack,1
you,you,s,DirectAddress,0
marked,marked,s,,0
pillowes,pillowes,c,UNRECOGNIZED,0
",",",",s,,0
and,and,s,,0
other,other,s,Specifiers,0
stuff,stuff,s,Uncertainty,0
o,o,c,LangRef,0
^,^,s,UNRECOGNIZED,0
a,a,s,CommonAuthorities,0
noble,noble,s,CommonAuthorities,1
man's,man's,s,PersonProperty,0
with,with,s,DirectAddress,0
your,your,s,DirectAddress,1
own,own,n,DirectAddress,2
mark,mark,c,AbstractConcepts,0
",",",",s,,0
and,and,s,,0
^,^,c,UNRECOGNIZED,0
sed,sed,s,,0
them,them,s,,0
as,as,s,DirectAddress,0
your,your,s,DirectAddress,1
own,own,c,ReportingEvents,0
.,.,s,,0
I,i,s,SelfDisclosure,0
forgot,forgot,s,SelfDisclosure,1
the,the,s,CommonAuthorities,0
noble,noble,s,CommonAuthorities,1
man's,man's,s,PersonProperty,0
name,name,s,LangRef,0
but,but,s,Resistance,0
it,it,s,Resistance,1
sounds,sounds,n,SpaceRelation,0
like,like,s,SpaceRelation,1
a,a,s,SpaceRelation,2
port,port,s,SenseObject,0
town,town,s,SpaceRelation,0
toward,toward,s,SpaceRelation,0
the,the,s,SpaceRelation,1
sun,sun,s,SenseObject,0
when,when,s,Curiosity,0
it,it,s,Curiosity,1
is,is,s,Curiosity,2
at,at,s,SpaceRelation,0
the,the,s,SpaceRelation,1
highest,highest,c,Comparison,0
.,.,s,,0
They,they,s,ProjectBack,0
had,had,s,ProjectBack,1
much,much,s,Intensity,0
of,of,n,,0
their,their,s,Neutral_Attribution,0
stuff,stuff,s,Neutral_Attribution,1
again,again,c,RecurringEvents,0
",",",",s,Resistance,0
but,but,s,Resistance,1
some,some,s,Uncertainty,0
^^,^^,c,UNRECOGNIZED,0
ucke,ucke,s,UNRECOGNIZED,0
in,in,s,DirectAddress,0
your,your,s,DirectAddress,1
finger,finger,c,SenseObject,0
^,^,c,UNRECOGNIZED,0
.,.,s,DirectAddress,0
And,and,s,DirectAddress,1
reason,reason,s,StandardsPos,0
too,too,s,,0
I,i,s,SelfDisclosure,0
think,think,c,SelfDisclosure,1
:,:,n,,0
shall,shall,s,ProjectAhead,0
a,a,s,PersonProperty,0
man,man,s,PersonProperty,1
take,take,s,ReportingEvents,0
pa^nes,pa^nes,s,UNRECOGNIZED,0
to,to,s,,0
mark,mark,s,AbstractConcepts,0
another,another,s,Specifiers,0
man's,man's,s,PersonProperty,0
goods,goods,s,AbstractConcepts,0
for,for,s,DenyDisclaim,0
nothing,nothing,c,DenyDisclaim,1
?,?,s,Question,0
A,a,s,,0
halter,halter,s,SenseObject,0
for,for,n,SubjectivePercept,0
him,him,s,SubjectivePercept,1
that,that,s,,0
has,has,s,,0
no,no,s,DenyDisclaim,0
better,better,s,DenyDisclaim,1
wit,wit,s,StandardsPos,0
then,then,s,,0
so,so,c,AbstractConcepts,0
",",",",s,AbstractConcepts,1
to,to,s,,0
thrive,thrive,s,StandardsPos,0
by,by,nnn,,0
There,there,s,ProjectBack,0
was,was,s,ProjectBack,1
such,such,s,Specifiers,0
a,a,s,Specifiers,1
speech,speech,s,LangRef,0
of,of,s,Specifiers,0
this,this,s,Specifiers,1
marking,marking,c,SenseObject,0
",",",",s,Resistance,0
but,but,s,Resistance,1
I,i,s,FirstPer,0
deny,deny,s,Repair_Citation,0
it,it,c,,0
.,.,nnn,DirectAddress,0
And,and,s,DirectAddress,1
what,what,s,Question,0
then,then,c,Question,1
?,?,s,Question,0
will,will,s,SubjectivePercept,0
that,that,s,SubjectivePercept,1
serve,serve,s,ReportingEvents,0
the,the,s,,0
turn,turn,c,,0
?,?,nnn,Question,0
It,it,s,Insist,0
must,must,s,Insist,1
serve,serve,c,ReportingEvents,0
.,.,s,,0
for,for,s,,0
they,they,s,,0
shall,shall,s,ProjectAhead,0
never,never,s,DenyDisclaim,0
prove,prove,s,Confidence,0
directly,directly,s,Immediacy,0
that,that,s,,0
I,i,s,FirstPer,0
did,did,s,ReportingEvents,0
or,or,s,,0
causd,causd,s,UNRECOGNIZED,0
it,it,s,,0
to,to,n,GenericEvents,0
be,be,s,GenericEvents,1
done,done,nnn,ReportingStates,0
But,but,s,Resistance,0
they,they,s,,0
were,were,s,ProjectBack,0
found,found,s,SpaceRelation,0
in,in,s,SpaceRelation,1
your,your,s,DirectAddress,0
possession,possession,c,AbstractConcepts,0
.,.,s,TimeShift,0
and,and,s,TimeShift,1
then,then,s,TimeShift,2
how,how,s,Curiosity,0
can,can,s,Curiosity,1
you,you,s,DirectAddress,0
avoid,avoid,s,Resistance,0
the,the,n,,0
discredit,discredit,nnn,Negative_Relation,0
Discredit,discredit,c,Negative_Relation,0
?,?,s,Question,0
they,they,s,,0
may,may,s,Contingency,0
be,be,s,Contingency,1
glad,glad,s,Positivity,0
to,to,s,Positivity,1
have,have,s,,0
their,their,s,PersonPronoun,0
things,things,s,Uncertainty,0
^,^,c,UNRECOGNIZED,0
gaine,gaine,c,UNRECOGNIZED,0
.,.,s,Question,0
who,who,s,Question,1
can,can,s,Contingency,0
tell,tell,s,,0
but,but,n,Resistance,0
they,they,s,,0
be,be,s,ReportingStates,0
mine,mine,c,FirstPer,0
?,?,s,Question,0
I,i,s,SelfDisclosure,0
am,am,s,SelfDisclosure,1
sure,sure,s,Confidence,0
they,they,s,,0
na,na,c,,0
^^,^^,s,UNRECOGNIZED,0
my,my,s,FirstPer,0
mark,mark,c,AbstractConcepts,0
.,.,s,DirectAddress,0
And,and,s,DirectAddress,1
how,how,s,,0
shall,shall,s,ProjectAhead,0
a,a,s,PersonProperty,0
man,man,s,PersonProperty,1
know,know,s,Confidence,0
his,his,s,SubjectivePercept,0
own,own,n,SubjectivePercept,1
but,but,s,Resistance,0
by,by,s,,0
his,his,s,PersonPronoun,0
mark,mark,c,AbstractConcepts,0
?,?,s,Question,0
And,and,s,,0
howsoever,howsoever,s,Intensity,0
these,these,s,Immediacy,0
things,things,s,Uncertainty,0
are,are,c,ReportingStates,0
",",",",s,,0
time,time,s,,0
will,will,s,PredictedFuture,0
wear,wear,s,Negativity,0
them,them,s,Negativity,1
out,out,s,Negativity,2
of,of,n,,0
memory,memory,nnn,PrivateThinking,0
All,all,s,Generalization,0
these,these,s,Generalization,1
are,are,s,Positive_Attribution,0
well,well,s,Positive_Attribution,1
answered,answered,c,ReportingStates,0
.,.,s,ReportingStates,1
What,what,s,,0
sa^e,sa^e,s,UNRECOGNIZED,0
you,you,s,DirectAddress,0
Sir,sir,s,PersonProperty,0
to,to,s,,0
the,the,s,,0
taking,taking,s,ReportingEvents,0
of,of,s,,0
a,a,s,,0
conveiance,conveiance,n,UNRECOGNIZED,0
out,out,s,,0
of,of,s,,0
a,a,s,SenseProperty,0
painted,painted,s,SenseProperty,1
box,box,s,Negativity,0
in,in,s,Negativity,1
your,your,s,DirectAddress,0
father,father,s,PersonProperty,0
in,in,s,,0
laws,laws,s,AbstractConcepts,0
study,study,c,Curiosity,0
*,*,s,,0
by,by,s,Cause,0
means,means,s,Cause,1
of,of,s,Cause,2
a,a,s,Cause,3
keye,keye,s,UNRECOGNIZED,0
with,with,n,,0
pretense,pretense,s,SubjectivePercept,0
of,of,s,,0
another,another,s,Specifiers,0
business,business,nnn,AbstractConcepts,0
Tush,tush,c,SenseObject,0
.,.,s,,0
I,i,s,FirstPer,0
said,said,s,Citations,0
it,it,s,,0
there,there,s,,0
again,again,s,RecurringEvents,0
when,when,s,Autobio,0
I,i,s,Autobio,1
saw,saw,s,,0
they,they,s,TimeDuration,0
kept,kept,s,TimeDuration,1
such,such,s,Specifiers,0
a,a,s,Specifiers,1
stir,stir,s,Motions,0
about,about,s,Motions,1
a,a,n,,0
paultrie,paultrie,s,UNRECOGNIZED,0
piece,piece,s,SenseObject,0
of,of,s,SenseObject,1
parchment,parchment,c,SenseObject,0
.,.,s,,0
I,i,s,FirstPer,0
will,will,s,PredictedFuture,0
not,not,s,PredictedFuture,1
be,be,s,PredictedFuture,2
beholding,beholding,s,SpaceRelation,0
to,to,s,,0
them,them,nnn,,0
What,what,s,,0
an,an,s,,0
unkindness,unkindness,s,StandardsNeg,0
was,was,s,ProjectBack,0
that,that,c,ProjectBack,1
",",",",s,,0
tha,tha,c,UNRECOGNIZED,0
^,^,s,UNRECOGNIZED,0
your,your,s,DirectAddress,0
father,father,s,PersonProperty,0
in,in,s,CommonAuthorities,0
law,law,s,CommonAuthorities,1
did,did,s,ReportingEvents,0
threaten,threaten,s,Fear,0
to,to,s,Fear,1
sue,sue,s,Resistance,0
you,you,n,DirectAddress,0
for,for,s,DirectAddress,1
700,700,c,Numbers,0
^,^,s,UNRECOGNIZED,0
you,you,s,DirectAddress,0
owed,owed,s,ReportingEvents,0
him,him,c,PersonPronoun,0
?,?,s,Question,0
Alas,alas,s,Negativity,0
Sir,sir,s,PersonProperty,0
I,i,s,FirstPer,0
see,see,s,DirectAddress,0
you,you,s,DirectAddress,1
have,have,s,ProjectBack,0
been,been,s,ProjectBack,1
much,much,s,Intensity,0
wronged,wronged,s,StandardsNeg,0
among,among,s,,0
them,them,c,,0
.,.,n,Imperative,0
Hang,hang,s,Imperative,1
such,such,s,Specifiers,0
a,a,s,Specifiers,1
father,father,nnn,PersonProperty,0
I,i,s,FirstPer,0
but,but,s,Resistance,0
I,i,s,FirstPer,0
dealt,dealt,s,ReportingEvents,0
well,well,s,SubjectivePercept,0
enough,enough,s,SubjectivePercept,1
with,with,s,,0
him,him,c,PersonPronoun,0
:,:,s,,0
for,for,s,,0
I,i,s,FirstPer,0
sent,sent,s,Narrative_Verbs,0
him,him,s,Narrative_Verbs,1
word,word,s,LangRef,0
that,that,s,,0
if,if,s,Contingency,0
he,he,s,Contingency,1
did,did,s,ReportingEvents,0
sue,sue,s,Resistance,0
me,me,n,FirstPer,0
I,i,s,SelfDisclosure,0
would,would,s,SelfDisclosure,1
bring,bring,s,,0
him,him,s,PersonPronoun,0
in,in,s,,0
more,more,s,Comparison,0
trouble,trouble,s,Negativity,0
then,then,s,,0
twice,twice,s,RecurringEvents,0
so,so,s,Intensity,0
much,much,s,Intensity,1
money,money,s,AbstractConcepts,0
could,could,s,Contingency,0
excuse,excuse,s,StandardsPos,0
him,him,s,PersonPronoun,0
for,for,n,,0
other,other,s,Specifiers,0
matters,matters,nnn,Specifiers,0
And,and,s,,0
reason,reason,s,StandardsPos,0
too,too,s,,0
I,i,s,SelfDisclosure,0
think,think,c,SelfDisclosure,1
.,.,s,,0
shall,shall,s,ProjectAhead,0
they,they,s,,0
make,make,s,ReportingEvents,0
a,a,s,PersonProperty,0
man,man,s,PersonProperty,1
pay,pay,s,ReportingEvents,0
money,money,s,AbstractConcepts,0
before,before,s,Sequence,0
he,he,s,PersonPronoun,0
be,be,s,SubjectivePercept,0
willing,willing,c,SubjectivePercept,1
?,?,n,Question,0
twood,twood,s,UNRECOGNIZED,0
make,make,s,ReportingEvents,0
a,a,s,PersonProperty,0
man,man,s,PersonProperty,1
do,do,s,ReportingEvents,0
that,that,s,ReportingEvents,1
awood,awood,s,UNRECOGNIZED,0
not,not,c,DenyDisclaim,0
",",",",s,,0
when,when,s,TimeShift,0
they,they,s,TimeShift,1
go,go,s,ReportingEvents,0
to,to,s,,0
extremities,extremities,c,SenseObject,0
.,.,s,,0
I,i,s,SelfDisclosure,0
have,have,s,SelfDisclosure,1
done,done,n,ProjectBack,0
for,for,s,ProjectBack,1
this,this,s,Immediacy,0
time,time,s,Immediacy,1
Sir,sir,c,PersonProperty,0
.,.,s,,0
the,the,s,Sequence,0
next,next,s,Sequence,1
time,time,s,Sequence,2
you,you,s,DirectAddress,0
call,call,s,DirectAddress,1
for,for,s,,0
news,news,s,Updates,0
I,i,s,SelfDisclosure,0
hope,hope,s,SelfDisclosure,1
I,i,s,Metadiscourse,0
shall,shall,s,Metadiscourse,1
have,have,s,ReportingStates,0
as,as,s,ReportingStates,1
much,much,n,Intensity,0
more,more,c,Comparison,0
.,.,s,Resistance,0
But,but,s,Resistance,1
now,now,s,Immediacy,0
I,i,s,Autobio,0
remember,remember,s,Autobio,1
me,me,s,FirstPer,0
there,there,s,ReportingStates,0
is,is,s,ReportingStates,1
one,one,s,Numbers,0
thing,thing,s,Uncertainty,0
more,more,c,Comparison,0
.,.,s,,0
Your,your,s,DirectAddress,0
lawyer,lawyer,s,PersonProperty,0
asked,asked,s,ReportingEvents,0
me,me,s,FirstPer,0
for,for,n,,0
a,a,s,,0
fee,fee,s,AbstractConcepts,0
for,for,s,DirectAddress,0
your,your,s,DirectAddress,1
last,last,s,Sequence,0
business,business,c,AbstractConcepts,0
:,:,s,,0
shall,shall,s,Future_Question,0
I,i,s,Future_Question,1
give,give,s,ReportingEvents,0
it,it,s,ReportingEvents,1
him,him,nnn,PersonPronoun,0
No,no,c,DenyDisclaim,0
.,.,s,,0
I,i,s,SelfDisclosure,0
am,am,s,SelfDisclosure,1
sure,sure,s,Confidence,0
he,he,s,Intensity,0
did,did,s,Intensity,1
not,not,s,DenyDisclaim,0
ask,ask,s,DirectAddress,0
you,you,c,DirectAddress,1
.,.,s,,0
I,i,s,FirstPer,0
brought,brought,s,Narrative_Verbs,0
a,a,s,Narrative_Verbs,1
cosen,cosen,s,UNRECOGNIZED,0
of,of,s,,0
mine,mine,s,ReportingEvents,0
the,the,s,ReportingEvents,1
other,other,s,Specifiers,0
day,day,s,TimeDuration,0
to,to,s,PersonPronoun,0
him,him,n,PersonPronoun,1
that,that,s,,0
gave,gave,s,Narrative_Verbs,0
him,him,s,Narrative_Verbs,1
a,a,s,,0
fee,fee,c,AbstractConcepts,0
.,.,s,,0
Indeed,indeed,s,Intensity,0
I,i,s,FirstPer,0
told,told,s,Citations,0
him,him,s,Citations,1
that,that,s,Citations,2
he,he,s,Insist,0
should,should,s,Insist,1
go,go,s,ReportingEvents,0
to,to,s,SelfDisclosure,0
my,my,s,SelfDisclosure,1
lawyer,lawyer,s,PersonProperty,0
and,and,s,,0
give,give,n,,0
him,him,s,PersonPronoun,0
no,no,s,DenyDisclaim,0
fee,fee,c,AbstractConcepts,0
.,.,s,Resistance,0
But,but,s,Resistance,1
when,when,s,Autobio,0
I,i,s,Autobio,1
had,had,s,Autobio,2
him,him,s,PersonPronoun,0
there,there,c,SpaceRelation,0
",",",",s,SpaceRelation,1
and,and,s,,0
he,he,s,PersonPronoun,0
put,put,s,Narrative_Verbs,0
his,his,s,Narrative_Verbs,1
case,case,c,AbstractConcepts,0
",",",",s,,0
I,i,s,FirstPer,0
whispered,whispered,s,ReportingEvents,0
my,my,s,FirstPer,0
cosen,cosen,n,UNRECOGNIZED,0
in,in,s,,0
the,the,s,SenseObject,0
ear,ear,s,SenseObject,1
to,to,s,,0
offer,offer,s,ReportingEvents,0
him,him,s,ReportingEvents,1
a,a,s,,0
fee,fee,c,AbstractConcepts,0
:,:,s,,0
But,but,s,Resistance,0
I,i,s,FirstPer,0
did,did,s,DenyDisclaim,0
not,not,s,DenyDisclaim,1
whisper,whisper,s,Motions,0
my,my,s,FirstPer,0
lawyer,lawyer,s,PersonProperty,0
to,to,s,,0
refuse,refuse,s,Resistance,0
it,it,c,,0
.,.,n,ReasonForward,0
and,and,s,ReasonForward,1
so,so,s,ReasonForward,2
very,very,s,Intensity,0
honestly,honestly,s,Intensity,0
he,he,s,Neutral_Attribution,0
took,took,s,Neutral_Attribution,1
it,it,c,,0
:,:,s,,0
and,and,s,,0
I,i,s,FirstPer,0
know,know,s,Confidence,0
therefore,therefore,s,ReasonForward,0
he,he,s,PersonPronoun,0
will,will,s,PredictedFuture,0
expect,expect,s,ProjectAhead,0
no,no,n,DenyDisclaim,0
fee,fee,s,AbstractConcepts,0
for,for,s,SelfDisclosure,0
my,my,s,SelfDisclosure,1
own,own,s,SelfDisclosure,2
business,business,nnn,AbstractConcepts,0
Then,then,s,,0
belike,belike,s,Contingency,0
I,i,s,FirstPer,0
mistook,mistook,s,StandardsNeg,0
it,it,c,,0
.,.,s,,0
perchance,perchance,s,Contingency,0
he,he,s,PersonPronoun,0
thanked,thanked,s,Acknowledge,0
you,you,s,DirectAddress,0
for,for,s,DirectAddress,1
bringing,bringing,s,DirectAddress,0
your,your,s,DirectAddress,1
cosen,cosen,n,UNRECOGNIZED,0
to,to,s,,0
give,give,s,,0
him,him,s,PersonPronoun,0
a,a,s,,0
fee,fee,s,AbstractConcepts,0
without,without,s,Contingency,0
cause,cause,c,Cause,0
",",",",s,,0
being,being,s,ReportingStates,0
well,well,s,SenseObject,0
resolved,resolved,s,ReportingEvents,0
before,before,s,Sequence,0
by,by,s,,0
other,other,s,Specifiers,0
Council,council,c,CommonAuthorities,0
.,.,n,OralCues,0
Well,well,s,OralCues,1
now,now,s,Immediacy,0
Sir,sir,s,PersonProperty,0
I,i,s,DirectAddress,0
hope,hope,s,DirectAddress,1
you,you,s,DirectAddress,2
will,will,s,PredictedFuture,0
bestow,bestow,s,StandardsPos,0
my,my,s,FirstPer,0
freedom,freedom,s,StandardsPos,0
upon,upon,s,Immediacy,0
me,me,c,Immediacy,1
.,.,s,,0
I,i,s,SelfDisclosure,0
desire,desire,s,SelfDisclosure,1
no,no,s,DenyDisclaim,0
more,more,n,DenyDisclaim,1
cunning,cunning,s,Negativity,0
then,then,s,,0
now,now,s,Immediacy,0
I,i,s,SelfDisclosure,0
have,have,c,SelfDisclosure,1
",",",",s,,0
and,and,s,,0
I,i,s,FirstPer,0
Will,will,s,PredictedFuture,0
serve,serve,s,ReportingEvents,0
you,you,s,DirectAddress,0
still,still,c,Updates,0
",",",",s,,0
and,and,s,,0
set,set,s,Sequence,0
up,up,s,Sequence,1
for,for,s,Sequence,2
my,my,s,FirstPer,0
self,self,c,SubjectivePercept,0
:,:,s,,0
for,for,n,,0
I,i,s,SelfDisclosure,0
had,had,s,SelfDisclosure,1
rather,rather,s,SelfDisclosure,2
be,be,s,SelfDisclosure,3
a,a,s,,0
double,double,s,,0
knave,knave,s,Negativity,0
then,then,s,,0
a,a,s,Exceptions,0
single,single,s,Exceptions,1
fool,fool,nnn,Negativity,0
I,i,s,FirstPer,0
will,will,s,PredictedFuture,0
not,not,s,PredictedFuture,1
stick,stick,s,SubjectiveTime,0
with,with,s,SubjectiveTime,1
thee,thee,s,DirectAddress,0
Simplo,simplo,c,UNRECOGNIZED,0
:,:,s,,0
go,go,s,ReportingEvents,0
to,to,s,ReportingEvents,1
the,the,s,ReportingEvents,2
Chamberlain,chamberlain,s,PersonProperty,0
there,there,s,SpaceRelation,0
it,it,s,SpaceRelation,1
must,must,s,Insist,0
be,be,n,ReportingStates,0
done,done,nnn,ReportingStates,0
What,what,s,,0
say,say,s,Citations,0
thou,thou,s,DirectAddress,0
boy,boy,c,PersonProperty,0
?,?,s,Question,0
me,me,s,FirstPer,0
thought,thought,s,PrivateThinking,0
we,we,s,ProjectBack,0
had,had,s,ProjectBack,1
but,but,s,Resistance,0
a,a,s,,0
short,short,s,SenseProperty,0
dinner,dinner,s,AbstractConcepts,0
to,to,s,,0
day,day,s,TimeDuration,0
with,with,n,,0
yonder,yonder,s,SpaceRelation,0
dainty,dainty,s,PersonProperty,0
Lady,lady,s,PersonProperty,0
and,and,s,,0
tarried,tarried,s,SubjectiveTime,0
so,so,s,SubjectiveTime,0
long,long,s,SubjectiveTime,1
for,for,s,,0
it,it,c,,0
.,.,s,Question,0
How,how,s,Question,1
fared,fared,s,SubjectivePercept,0
you,you,s,DirectAddress,0
in,in,s,SpaceRelation,0
the,the,s,SpaceRelation,1
hall,hall,nn,SpaceRelation,2
We,we,s,ProjectBack,0
had,had,s,ProjectBack,1
very,very,s,Intensity,0
short,short,s,AbstractConcepts,0
commons,commons,c,AbstractConcepts,1
.,.,s,DirectAddress,0
and,and,s,DirectAddress,1
I,i,s,SelfDisclosure,0
am,am,s,SelfDisclosure,1
hungry,hungry,s,SenseProperty,0
s^ill,s^ill,c,UNRECOGNIZED,0
:,:,s,,0
we,we,s,ProjectBack,0
had,had,s,ProjectBack,1
no,no,s,DenyDisclaim,0
meat,meat,s,SenseObject,0
but,but,s,Resistance,0
your,your,n,DirectAddress,0
revertion,revertion,c,UNRECOGNIZED,0
",",",",s,,0
and,and,s,,0
the,the,s,,0
scraps,scraps,s,SenseObject,0
of,of,s,DirectAddress,0
your,your,s,DirectAddress,1
trencher,trencher,s,PersonProperty,0
when,when,s,Autobio,0
I,i,s,Autobio,1
changed,changed,s,ReportingEvents,0
with,with,s,DirectAddress,0
you,you,nnn,DirectAddress,1
Alas,alas,s,Negativity,0
we,we,s,,0
left,left,s,SceneShift,0
nothing,nothing,s,Intensity,0
but,but,s,Intensity,1
bare,bare,s,SubjectivePercept,0
bones,bones,c,SubjectivePercept,1
.,.,s,,0
we,we,s,ProjectBack,0
had,had,s,ProjectBack,1
but,but,s,Resistance,0
a,a,s,,0
quarter,quarter,s,,0
of,of,s,,0
a,a,s,SenseObject,0
neck,neck,s,SenseObject,1
of,of,n,,0
mutton,mutton,s,SenseObject,0
between,between,s,,0
three,three,c,Numbers,0
",",",",s,,0
and,and,s,,0
Paruagracio,paruagracio,s,UNRECOGNIZED,0
and,and,s,,0
I,i,s,FirstPer,0
eat,eat,c,ReportingEvents,0
^,^,s,UNRECOGNIZED,0
no,no,s,DenyDisclaim,0
meat,meat,s,SenseObject,0
nor,nor,s,DenyDisclaim,0
bread,bread,s,SenseObject,0
since,since,n,,0
yesternight,yesternight,s,ProjectBack,0
at,at,s,,0
10,10,s,Numbers,0
^,^,s,UNRECOGNIZED,0
clock,clock,c,SenseObject,0
:,:,s,,0
and,and,s,,0
from,from,s,SelfDisclosure,0
my,my,s,SelfDisclosure,1
trencher,trencher,s,PersonProperty,0
thou,thou,s,DirectAddress,0
could,could,s,Contingency,0
get,get,s,,0
little,little,s,SenseProperty,0
but,but,n,Resistance,0
the,the,s,,0
fat,fat,s,SenseProperty,0
squiz'd,squiz'd,s,UNRECOGNIZED,0
from,from,s,,0
the,the,s,SenseObject,0
flesh,flesh,s,SenseObject,1
which,which,s,,0
I,i,s,FirstPer,0
eat,eat,c,ReportingEvents,0
.,.,s,,0
I,i,s,Autobio,0
was,was,s,Autobio,1
so,so,s,,0
hungry,hungry,s,SenseProperty,0
that,that,s,,0
me,me,s,FirstPer,0
thought,thought,s,PrivateThinking,0
I,i,n,Contingency,0
could,could,s,Contingency,1
have,have,s,Contingency,2
eaten,eaten,s,ReportingEvents,0
that,that,s,,0
small,small,s,SenseProperty,0
Lady,lady,c,PersonProperty,0
",",",",s,,0
and,and,s,,0
her,her,s,PersonPronoun,0
great,great,s,Intensity,0
cheer,cheer,s,Positivity,0
all,all,s,,0
at,at,s,SpaceRelation,0
a,a,s,SpaceRelation,1
meal,meal,c,GenericEvents,0
.,.,s,SpaceRelation,0
Here,here,s,SpaceRelation,1
go,go,n,ReportingEvents,0
thou,thou,s,DirectAddress,0
to,to,s,SceneShift,0
dinner,dinner,s,SceneShift,1
at,at,s,,0
some,some,s,Uncertainty,0
ordinary,ordinary,nnn,PriorKnowledge,0
Yes,yes,s,DirectAddress,0
a,a,s,SubjectivePercept,0
little,little,c,SubjectivePercept,1
",",",",s,,0
if,if,s,Contingency,0
I,i,s,Contingency,1
can,can,s,Contingency,2
get,get,s,DenyDisclaim,0
no,no,s,DenyDisclaim,1
meat,meat,c,SenseObject,0
.,.,nnn,,0
Yonder,yonder,s,SpaceRelation,0
comes,comes,s,ReportingEvents,0
Pestifer,pestifer,c,UNRECOGNIZED,0
^,^,s,UNRECOGNIZED,0
my,my,s,FirstPer,0
brother,brother,c,PersonProperty,0
.,.,s,,0
He,he,s,Contingency,0
could,could,s,Contingency,1
never,never,s,Confidence,0
have,have,s,Confidence,1
come,come,s,ReportingEvents,0
in,in,s,ReportingEvents,1
a,a,s,Positivity,0
better,better,s,Positivity,1
time,time,c,,0
:,:,n,,0
for,for,s,,0
I,i,s,SelfDisclosure,0
have,have,s,SelfDisclosure,1
neither,neither,s,DenyDisclaim,0
money,money,s,AbstractConcepts,0
nor,nor,s,DenyDisclaim,0
clothes,clothes,s,SenseObject,0
to,to,s,,0
paw^e,paw^e,c,UNRECOGNIZED,0
:,:,s,,0
but,but,s,Resistance,0
boy,boy,s,PersonProperty,0
not,not,s,DenyDisclaim,0
a,a,s,DenyDisclaim,1
word,word,s,DenyDisclaim,2
of,of,s,DenyDisclaim,3
our,our,s,Inclusive,0
wants,wants,c,PrivateThinking,0
:,:,n,,0
we,we,s,,0
will,will,s,PredictedFuture,0
seem,seem,s,PrivateThinking,0
to,to,s,PrivateThinking,1
be,be,s,PrivateThinking,2
very,very,s,Intensity,0
flush,flush,c,Motions,0
:,:,s,,0
the,the,s,,0
offer,offer,s,ReportingEvents,0
shall,shall,s,ProjectAhead,0
come,come,s,Transformation,0
from,from,s,Transformation,1
himself,himself,c,PersonPronoun,0
",",",",s,,0
else,else,s,Contingency,0
we,we,n,Metadiscourse,0
shall,shall,s,Metadiscourse,1
have,have,s,Cause,0
him,him,s,Cause,1
very,very,s,Intensity,0
coye,coye,s,UNRECOGNIZED,0
and,and,s,,0
deer,deer,c,SenseObject,0
^,^,nnn,UNRECOGNIZED,0
By,by,s,DirectAddress,0
your,your,s,DirectAddress,1
favor,favor,s,Positivity,0
Sir,sir,s,PersonProperty,0
I,i,s,SelfDisclosure,0
am,am,s,SelfDisclosure,1
bold,bold,s,Confidence,0
to,to,s,ProjectAhead,0
see,see,s,ProjectAhead,1
as,as,s,DirectAddress,0
you,you,s,DirectAddress,1
do,do,c,GenericEvents,0
.,.,s,GenericEvents,1
I,i,s,FollowUp,0
heard,heard,s,FollowUp,1
you,you,s,FollowUp,2
were,were,s,ProjectBack,0
evil,evil,nnn,StandardsNeg,0
Welcome,welcome,s,Positivity,0
Pestifero,pestifero,c,UNRECOGNIZED,0
:,:,s,,0
indeed,indeed,s,Intensity,0
I,i,s,Autobio,0
have,have,s,Autobio,1
been,been,s,Autobio,2
a,a,s,SubjectivePercept,0
little,little,s,SubjectivePercept,1
trobled,trobled,s,UNRECOGNIZED,0
in,in,s,PrivateThinking,0
mind,mind,c,PrivateThinking,1
.,.,s,Resistance,0
but,but,s,Resistance,1
now,now,s,Immediacy,0
I,i,s,SelfDisclosure,0
am,am,n,SelfDisclosure,1
very,very,s,Intensity,0
merry,merry,nnn,Positivity,0
In,in,s,ProjectAhead,0
good,good,s,ProjectAhead,1
time,time,s,ProjectAhead,2
Sir,sir,c,PersonProperty,0
",",",",s,,0
I,i,s,SelfDisclosure,0
am,am,s,SelfDisclosure,1
glad,glad,s,Positivity,0
of,of,s,DirectAddress,0
your,your,s,DirectAddress,1
worships,worships,s,Positivity,0
amendment,amendment,c,CommonAuthorities,0
.,.,s,,0
I,i,s,FirstPer,0
doubted,doubted,s,Uncertainty,0
least,least,s,Comparison,0
you,you,n,DirectAddress,0
lack't,lack't,s,UNRECOGNIZED,0
money,money,c,AbstractConcepts,0
",",",",s,,0
and,and,s,,0
were,were,s,ProjectBack,0
sad,sad,s,Sad,0
upon,upon,s,,0
it,it,c,,0
.,.,s,,0
I,i,s,FirstPer,0
came,came,s,ReportingEvents,0
to,to,s,,0
pleasure,pleasure,s,Positivity,0
you,you,c,DirectAddress,0
",",",",s,,0
if,if,s,Contingency,0
that,that,s,Contingency,1
had,had,s,ProjectBack,0
been,been,n,ProjectBack,1
your,your,s,DirectAddress,0
disease,disease,nnn,StandardsNeg,0
Thanks,thanks,s,Acknowledge,0
for,for,s,Acknowledge,1
thy,thy,s,DirectAddress,0
good,good,s,StandardsPos,0
will,will,s,StandardsPos,1
Pestifero,pestifero,c,UNRECOGNIZED,0
:,:,s,,0
but,but,s,Resistance,0
I,i,s,SelfDisclosure,0
am,am,s,SelfDisclosure,1
prettily,prettily,s,StandardsPos,0
stored,stored,s,ReportingEvents,0
at,at,s,Immediacy,0
this,this,s,Immediacy,1
instant,instant,c,Immediacy,2
:,:,n,,0
I,i,s,FirstPer,0
know,know,s,Uncertainty,0
not,not,s,Uncertainty,1
how,how,s,Uncertainty,2
soon,soon,s,ProjectAhead,0
I,i,s,Metadiscourse,0
shall,shall,s,Metadiscourse,1
want,want,c,ProjectAhead,0
",",",",s,ReasonForward,0
for,for,s,ReasonForward,1
all,all,s,SubjectivePercept,0
things,things,s,SubjectivePercept,1
are,are,s,Uncertainty,0
uncertain,uncertain,s,Uncertainty,1
in,in,s,,0
this,this,s,Immediacy,0
world,world,nnn,Immediacy,1
Very,very,s,Intensity,0
true,true,s,StandardsPos,0
Sir,sir,c,PersonProperty,0
",",",",s,,0
many,many,s,,0
changes,changes,s,Transformation,0
in,in,s,Transformation,1
this,this,s,,0
age,age,c,Specifiers,0
.,.,s,,0
wilt,wilt,s,SenseProperty,0
please,please,s,Positivity,0
you,you,s,Sequence,0
then,then,s,Sequence,1
to,to,s,,0
make,make,n,ReportingEvents,0
provision,provision,s,Contingency,0
against,against,s,Resistance,0
a,a,s,Resistance,1
raini,raini,c,UNRECOGNIZED,0
^,^,s,UNRECOGNIZED,0
day,day,c,TimeDuration,0
",",",",s,,0
and,and,s,,0
take,take,s,Responsibility,0
this,this,s,Responsibility,1
while,while,s,Concessive,0
it,it,s,Concessive,1
may,may,s,Concessive,2
be,be,s,Concessive,3
had,had,nnn,Contingency,0
I,i,c,Contingency,1
",",",",s,Resistance,0
but,but,s,Resistance,1
then,then,s,ReasonForward,0
you,you,s,ReasonForward,1
know,know,s,ReasonForward,2
interest,interest,s,AbstractConcepts,0
will,will,s,PredictedFuture,0
run,run,s,ReportingEvents,0
on,on,s,SpaceRelation,0
it,it,s,SpaceRelation,1
is,is,s,DenyDisclaim,0
no,no,s,DenyDisclaim,1
good,good,s,,0
husbandry,husbandry,s,AbstractConcepts,0
to,to,s,,0
take,take,n,Responsibility,0
it,it,s,Responsibility,1
so,so,s,SubjectiveTime,0
long,long,s,SubjectiveTime,1
before,before,s,Sequence,0
the,the,s,TimeShift,0
time,time,s,TimeShift,1
it,it,s,Contingency,0
may,may,s,Contingency,1
be,be,s,Contingency,2
I,i,s,Insist,0
shall,shall,s,Insist,1
not,not,s,Insist,2
need,need,s,Insist,0
it,it,s,,0
this,this,s,,0
seven,seven,s,Numbers,0
night,night,s,,0
yet,yet,nnn,Resistance,0
Way,way,s,AbstractConcepts,0
Sir,sir,c,PersonProperty,0
",",",",s,,0
if,if,s,Contingency,0
you,you,s,DirectAddress,0
be,be,s,DirectAddress,1
so,so,s,,0
provident,provident,s,StandardsPos,0
that,that,s,DirectAddress,0
you,you,s,DirectAddress,1
^,^,c,UNRECOGNIZED,0
eckon,eckon,s,UNRECOGNIZED,0
of,of,s,,0
we^kes,we^kes,c,UNRECOGNIZED,0
.,.,s,ReportingStates,0
it,it,s,ReportingStates,1
is,is,s,ReportingStates,2
time,time,s,TimeDuration,0
for,for,s,TimeDuration,1
me,me,n,FirstPer,0
to,to,s,GenericEvents,0
be,be,s,GenericEvents,1
gone,gone,c,ReportingEvents,0
:,:,s,,0
I,i,s,SelfDisclosure,0
have,have,s,SelfDisclosure,1
other,other,s,Specifiers,0
friends,friends,s,StandardsPos,0
to,to,s,,0
pleasure,pleasure,c,Positivity,0
",",",",s,,0
that,that,s,,0
scorn,scorn,s,Negative_Relation,0
to,to,s,Negative_Relation,1
stand,stand,s,Confidence,0
upon,upon,s,Confidence,1
two,two,n,TimeDuration,0
months,months,s,TimeDuration,1
past,past,s,TimeDuration,2
before,before,s,Sequence,0
the,the,s,,0
sealing,sealing,c,SenseObject,0
",",",",s,,0
from,from,s,TimeShift,0
the,the,s,TimeShift,1
time,time,s,TimeShift,2
of,of,s,TimeShift,3
the,the,s,,0
first,first,s,Sequence,0
be,be,s,ReportingStates,0
speaking,speaking,s,ReportingEvents,0
the,the,n,,0
commodity,commodity,s,AbstractConcepts,0
resting,resting,s,SpaceRelation,0
from,from,s,SpaceRelation,1
them,them,s,,0
until,until,s,TimeDuration,0
their,their,s,PersonPronoun,0
security,security,s,StandardsPos,0
were,were,s,ProjectBack,0
provided,provided,c,ReportingStates,0
.,.,s,ReportingStates,1
I,i,s,FirstPer,0
Will,will,s,PredictedFuture,0
see,see,s,DirectAddress,0
you,you,n,DirectAddress,1
some,some,s,Uncertainty,0
other,other,s,Uncertainty,1
time,time,nnn,Uncertainty,2
Nay,nay,s,OralCues,0
ftaie,ftaie,c,UNRECOGNIZED,0
:,:,s,,0
I,i,s,SelfDisclosure,0
am,am,s,SelfDisclosure,1
not,not,s,DenyDisclaim,0
covetous,covetous,c,SubjectivePercept,0
.,.,s,,0
I,i,s,FirstPer,0
hate,hate,s,Negativity,0
it,it,s,,0
with,with,s,,0
my,my,s,SelfDisclosure,0
heart,heart,c,SelfDisclosure,1
:,:,s,,0
if,if,s,Contingency,0
it,it,s,Contingency,1
may,may,s,Contingency,0
do,do,s,Contingency,1
th^e,th^e,s,UNRECOGNIZED,0
a,a,n,,0
kindness,kindness,s,StandardsPos,0
I,i,s,Contingency,0
can,can,s,Contingency,1
be,be,s,Contingency,2
content,content,s,Positivity,0
to,to,s,Positivity,1
accept,accept,s,StandardsPos,0
thy,thy,s,DirectAddress,0
friendly,friendly,s,Positivity,0
offer,offer,c,ReportingEvents,0
",",",",s,ReasonForward,0
so,so,s,ReasonForward,1
thy,thy,s,DirectAddress,0
commodity,commodity,s,AbstractConcepts,0
be,be,n,ReportingStates,0
vendible,vendible,c,AbstractConcepts,0
.,.,s,,0
I,i,s,FirstPer,0
know,know,s,Confidence,0
thou,thou,s,DirectAddress,0
come,come,s,ReportingEvents,0
in,in,s,ReportingEvents,1
good,good,s,StandardsPos,0
will,will,nnn,StandardsPos,1
Vendible,vendible,s,AbstractConcepts,0
Sir,sir,c,PersonProperty,0
?,?,s,Question,0
yes,yes,s,DirectAddress,0
that,that,s,,0
it,it,s,,0
is,is,c,ReportingStates,0
:,:,s,,0
and,and,s,,0
you,you,s,DirectAddress,0
will,will,s,PredictedFuture,0
say,say,s,Citations,0
so,so,s,SubjectiveTime,0
soon,soon,c,SubjectiveTime,1
:,:,s,,0
no,no,s,DenyDisclaim,0
man,man,s,DenyDisclaim,1
will,will,s,Fear,0
suffer,suffer,s,Fear,1
it,it,n,,0
long,long,s,SenseProperty,0
in,in,s,SenseProperty,1
his,his,s,PersonPronoun,0
house,house,nnn,SenseObject,0
What,what,s,,0
stuff,stuff,s,Uncertainty,0
is,is,s,Question,0
it,it,c,Question,1
?,?,nnn,Question,0
Of,of,s,,0
diverse,diverse,s,AbstractConcepts,0
sorts,sorts,c,AbstractConcepts,0
:,:,s,,0
I,i,s,FirstPer,0
know,know,s,Uncertainty,0
not,not,s,Uncertainty,1
my,my,s,FirstPer,0
self,self,c,SubjectivePercept,0
:,:,s,,0
but,but,s,Resistance,0
they,they,s,ReportingStates,0
are,are,s,ReportingStates,1
finely,finely,s,SenseProperty,0
pack't,pack't,s,UNRECOGNIZED,0
up,up,c,,0
.,.,s,,0
I,i,s,FirstPer,0
saw,saw,n,,0
a,a,s,SenseObject,0
car,car,s,SenseObject,1
unloading,unloading,s,ReportingEvents,0
with,with,s,Specifiers,0
such,such,s,Specifiers,1
ware,ware,s,SenseObject,0
even,even,s,Immediacy,0
now,now,s,Immediacy,1
as,as,s,SelfDisclosure,0
I,i,s,SelfDisclosure,1
came,came,c,ReportingStates,0
",",",",s,ReportingStates,1
it,it,s,,0
is,is,s,ReportingStates,0
a,a,s,ReportingStates,1
commodity,commodity,s,AbstractConcepts,0
more,more,n,Comparison,0
sought,sought,s,ProjectAhead,0
for,for,s,ProjectAhead,1
by,by,s,,0
day,day,s,RecurringEvents,0
and,and,s,RecurringEvents,1
night,night,s,RecurringEvents,2
then,then,s,,0
any,any,s,,0
I,i,s,FirstPer,0
know,know,c,Confidence,0
.,.,s,,0
I,i,s,FirstPer,0
tell,tell,s,DirectAddress,0
you,you,s,DirectAddress,1
it,it,s,,0
troubles,troubles,s,Negativity,0
the,the,s,,0
Lord,lord,n,PersonProperty,0
Mayor,mayor,c,PersonProperty,1
",",",",s,,0
and,and,s,Generalization,0
all,all,s,Generalization,1
the,the,s,,0
Justices,justices,s,StandardsPos,0
to,to,s,TimeDuration,0
keep,keep,s,TimeDuration,1
the,the,s,PersonProperty,0
people,people,s,PersonProperty,1
in,in,s,ProjectAhead,0
order,order,s,ProjectAhead,1
that,that,s,ProjectAhead,2
gather,gather,s,ReportingEvents,0
these,these,n,Immediacy,0
wares,wares,c,SenseObject,0
",",",",s,,0
they,they,s,ReportingStates,0
are,are,s,ReportingStates,1
so,so,s,,0
eager,eager,s,Positivity,0
in,in,s,,0
catching,catching,s,ReportingEvents,0
at,at,s,ReportingEvents,1
them,them,nnn,,0
Of,of,s,Curiosity,0
what,what,s,Curiosity,1
value,value,s,StandardsPos,0
is,is,s,ReportingStates,0
the,the,s,ReportingStates,1
commodity,commodity,c,AbstractConcepts,0
?,?,nnn,Question,0
You,you,s,DirectAddress,0
may,may,s,DirectAddress,1
have,have,s,,0
100l,100l,s,UNRECOGNIZED,0
worth,worth,c,AbstractConcepts,0
",",",",s,,0
or,or,s,,0
half,half,c,Numbers,0
",",",",s,,0
as,as,s,DirectAddress,0
you,you,s,DirectAddress,1
please,please,c,DirectAddress,2
.,.,nnn,Future_Question,0
What,what,s,Future_Question,1
will,will,s,Future_Question,2
100l,100l,s,UNRECOGNIZED,0
worth,worth,s,AbstractConcepts,0
yield,yield,s,ReportingEvents,0
to,to,s,ReportingEvents,1
be,be,s,ReportingStates,0
sold,sold,c,ReportingEvents,0
?,?,nnn,Question,0
At,at,s,AbstractConcepts,0
a,a,s,AbstractConcepts,1
word,word,s,AbstractConcepts,2
it,it,s,PredictedFuture,0
will,will,s,PredictedFuture,1
yield,yield,s,ReportingEvents,0
you,you,s,DirectAddress,0
60l,60l,s,UNRECOGNIZED,0
readily,readily,c,SubjectiveTime,0
:,:,s,,0
I,i,s,FirstPer,0
Will,will,s,PredictedFuture,0
not,not,s,PredictedFuture,1
dissemble,dissemble,c,Negativity,0
.,.,nnn,Question,0
What,what,s,Question,1
security,security,c,StandardsPos,0
?,?,nnn,Question,0
Your,your,s,DirectAddress,0
self,self,s,SubjectivePercept,0
and,and,s,,0
your,your,s,Positivity,0
friend,friend,s,Positivity,1
such,such,s,Intensity,0
another,another,c,Specifiers,0
.,.,nnn,Question,0
What,what,s,Question,1
say,say,s,Citations,0
you,you,s,DirectAddress,0
M,m,c,AbstractConcepts,0
.,.,s,AbstractConcepts,1
Parvagracio,parvagracio,c,UNRECOGNIZED,0
?,?,s,Question,0
you,you,s,DirectAddress,0
know,know,s,DirectAddress,1
him,him,c,PersonPronoun,0
.,.,nnn,,0
I,i,s,FirstPer,0
know,know,s,Confidence,0
him,him,s,Confidence,1
well,well,s,Confidence,2
I,i,s,FirstPer,0
warrant,warrant,s,CommonAuthorities,0
you,you,s,DirectAddress,0
he,he,s,PersonPronoun,0
shall,shall,s,ProjectAhead,0
be,be,s,ProjectAhead,1
taken,taken,c,ReportingStates,0
.,.,nnn,ReportingStates,1
What,what,s,Future_Question,0
will,will,s,Future_Question,1
content,content,s,AbstractConcepts,0
you,you,c,DirectAddress,0
.,.,nnn,Question,0
What,what,s,Question,1
you,you,s,DirectAddress,0
please,please,s,Positivity,0
Sir,sir,c,PersonProperty,0
",",",",s,,0
40,40,s,Numbers,0
shillings,shillings,c,AbstractConcepts,0
",",",",s,,0
I,i,s,FirstPer,0
Will,will,s,PredictedFuture,0
not,not,s,PredictedFuture,1
ingrate,ingrate,s,StandardsNeg,0
upon,upon,s,DirectAddress,0
you,you,c,DirectAddress,1
",",",",nnn,,0
Now,now,s,Metadiscourse,0
let,let,s,Metadiscourse,1
me,me,s,FirstPer,0
cast,cast,s,Motions,0
up,up,s,Motions,1
my,my,s,SelfDisclosure,0
account,account,c,SelfDisclosure,1
.,.,s,,0
40l,40l,s,UNRECOGNIZED,0
lost,lost,s,Negativity,0
out,out,s,Negativity,1
of,of,s,,0
the,the,s,,0
principal,principal,s,PersonProperty,0
at,at,s,TimeShift,0
the,the,s,TimeShift,1
first,first,s,TimeShift,2
10l,10l,n,UNRECOGNIZED,0
the,the,s,SubjectivePercept,0
interest,interest,c,SubjectivePercept,1
.,.,s,,0
40,40,s,Numbers,0
shillings,shillings,s,AbstractConcepts,0
the,the,s,,0
broker,broker,c,PersonProperty,0
.,.,s,,0
All,all,s,Generalization,0
this,this,s,Generalization,1
is,is,s,Exceptions,0
but,but,s,Exceptions,1
52l,52l,s,UNRECOGNIZED,0
in,in,s,,0
the,the,s,,0
100,100,c,Numbers,0
",",",",s,Numbers,1
it,it,s,,0
is,is,n,ReportingStates,0
reasonable,reasonable,s,StandardsPos,0
as,as,s,,0
the,the,s,,0
world,world,s,AbstractConcepts,0
goes,goes,s,ReportingEvents,0
now,now,c,Immediacy,0
:,:,s,,0
here,here,s,Immediacy,0
is,is,s,Immediacy,1
my,my,s,FirstPer,0
hand,hand,c,SenseObject,0
.,.,s,,0
As,as,s,SelfDisclosure,0
I,i,s,SelfDisclosure,1
am,am,s,FirstPer,0
a,a,s,PersonProperty,0
gentleman,gentleman,s,PersonProperty,1
I,i,s,Metadiscourse,0
Will,will,s,Metadiscourse,1
have,have,n,Metadiscourse,2
it,it,s,,0
upon,upon,s,,0
these,these,s,Immediacy,0
terms,terms,c,AbstractConcepts,0
",",",",s,ReasonForward,0
so,so,s,ReasonForward,1
that,that,s,,0
the,the,s,,0
bargain,bargain,s,AbstractConcepts,0
be,be,s,ReportingStates,0
no,no,s,DenyDisclaim,0
worse,worse,s,DenyDisclaim,1
then,then,s,Sequence,0
you,you,s,Sequence,1
speak,speak,s,Citations,0
of,of,c,Citations,1
",",",",s,,0
put,put,n,Narrative_Verbs,0
the,the,s,Narrative_Verbs,1
bands,bands,s,SenseObject,0
to,to,s,,0
making,making,c,ReportingEvents,0
.,.,s,,0
Now,now,s,Disclosure,0
tell,tell,s,Disclosure,1
me,me,s,FirstPer,0
what,what,s,,0
call,call,s,ReportingEvents,0
you,you,s,DirectAddress,0
the,the,s,,0
commodity,commodity,nnn,AbstractConcepts,0
The,the,s,,0
commodity,commodity,s,AbstractConcepts,0
Sir,sir,c,PersonProperty,0
",",",",s,,0
is,is,s,ReportingStates,0
old,old,s,SenseProperty,0
rags,rags,c,SenseObject,0
",",",",s,,0
such,such,s,Specifiers,0
as,as,s,Specifiers,1
are,are,s,ReportingStates,0
found,found,s,SpaceRelation,0
in,in,s,SpaceRelation,1
street,street,s,SenseObject,0
d,d,c,LangRef,0
^^,^^,c,UNRECOGNIZED,0
ghills,ghills,s,UNRECOGNIZED,0
with,with,n,,0
raking,raking,s,Motions,0
day,day,s,RecurringEvents,0
and,and,s,RecurringEvents,1
night,night,s,RecurringEvents,2
as,as,s,Citations,0
I,i,s,Citations,1
told,told,s,Citations,2
you,you,nnn,DirectAddress,0
What,what,s,,0
a,a,s,,0
villain,villain,s,Negativity,0
art,art,s,AbstractConcepts,0
thou,thou,c,DirectAddress,0
?,?,s,Question,0
old,old,s,SenseProperty,0
rags,rags,c,SenseObject,0
?,?,s,Question,0
how,how,s,,0
durst,durst,s,SubjectivePercept,0
thou,thou,s,DirectAddress,0
presume,presume,s,Negativity,0
to,to,s,Negativity,1
offer,offer,s,ReportingEvents,0
me,me,s,FirstPer,0
old,old,n,SenseProperty,0
rags,rags,nnn,SenseObject,0
Why,why,s,Question,0
Sir,sir,c,PersonProperty,0
",",",",s,,0
I,i,s,FirstPer,0
tell,tell,s,DirectAddress,0
you,you,s,DirectAddress,1
they,they,s,ReportingStates,0
are,are,s,ReportingStates,1
ready,ready,s,Immediacy,0
money,money,s,Immediacy,1
at,at,s,SpaceRelation,0
the,the,s,SpaceRelation,1
paper,paper,s,SenseObject,0
mills,mills,c,SenseObject,1
.,.,nnn,,0
Paper,paper,s,,0
me,me,s,FirstPer,0
no,no,s,DenyDisclaim,0
mills,mills,c,SenseObject,0
.,.,s,,0
I,i,s,FirstPer,0
Will,will,s,PredictedFuture,0
not,not,s,PredictedFuture,1
foul,foul,s,Negativity,0
my,my,s,FirstPer,0
fingers,fingers,s,Motions,0
with,with,s,Motions,1
them,them,c,,0
.,.,nnn,,0
You,you,s,Insist,0
shall,shall,s,Insist,1
not,not,s,DenyDisclaim,0
need,need,s,Insist,0
Sir,sir,c,PersonProperty,0
",",",",s,,0
I,i,s,FirstPer,0
will,will,s,PredictedFuture,0
take,take,s,Responsibility,0
order,order,s,Responsibility,1
for,for,s,,0
selling,selling,s,GenericEvents,0
them,them,c,,0
*,*,s,,0
and,and,s,,0
I,i,s,DirectAddress,0
hope,hope,s,DirectAddress,1
you,you,s,DirectAddress,2
can,can,n,Contingency,0
abide,abide,s,ReportingEvents,0
to,to,s,,0
tell,tell,s,,0
the,the,s,SenseObject,0
money,money,s,SenseObject,1
when,when,s,Autobio,0
I,i,s,Autobio,1
bring,bring,s,,0
it,it,c,,0
.,.,s,,0
I,i,s,FirstPer,0
wood,wood,s,SenseObject,0
your,your,s,DirectAddress,0
worship,worship,s,Positivity,0
had,had,s,ProjectBack,0
1000l,1000l,s,UNRECOGNIZED,0
worth,worth,s,AbstractConcepts,0
of,of,n,,0
them,them,c,,0
",",",",s,,0
as,as,s,,0
filthy,filthy,s,Negativity,0
things,things,s,Uncertainty,0
as,as,s,TimeDuration,0
they,they,s,TimeDuration,1
be,be,nnn,ReportingStates,0
So,so,s,,0
would,would,s,Future_Question,0
I,i,c,Future_Question,1
:,:,s,,0
but,but,s,Resistance,0
it,it,s,Resistance,1
shall,shall,s,ProjectAhead,0
never,never,s,Confidence,0
be,be,s,Confidence,1
said,said,s,Citations,0
for,for,s,,0
my,my,s,FirstPer,0
credit,credit,s,StandardsPos,0
sake,sake,s,SenseObject,0
that,that,s,,0
I,i,s,FirstPer,0
took,took,s,Sequence,0
up,up,s,Sequence,1
a,a,n,,0
commodity,commodity,s,AbstractConcepts,0
of,of,s,ReceivedPOV,0
old,old,s,ReceivedPOV,1
rags,rags,s,SenseObject,0
or,or,s,,0
doublets,doublets,c,LangRef,0
.,.,s,,0
I,i,s,SelfDisclosure,0
have,have,s,SelfDisclosure,1
heard,heard,s,Updates,0
of,of,s,,0
many,many,s,,0
scurvie,scurvie,s,UNRECOGNIZED,0
bargains,bargains,c,AbstractConcepts,0
",",",",n,Resistance,0
but,but,s,Resistance,1
never,never,s,DenyDisclaim,0
the,the,s,Resemblances,0
like,like,s,Resemblances,1
to,to,s,,0
this,this,nnn,,0
Why,why,s,Question,0
sir,sir,c,PersonProperty,0
",",",",s,,0
it,it,s,,0
is,is,s,Exceptions,0
but,but,s,Exceptions,1
your,your,s,DirectAddress,0
fancy,fancy,c,SubjectivePercept,0
.,.,s,DirectAddress,0
And,and,s,DirectAddress,1
now,now,s,Immediacy,0
you,you,s,Confront,0
cannot,cannot,s,Confront,1
go,go,s,SceneShift,0
back,back,c,SceneShift,1
:,:,s,,0
here,here,s,Immediacy,0
is,is,s,Immediacy,1
witness,witness,n,PersonProperty,0
enough,enough,s,SubjectivePercept,0
you,you,s,DirectAddress,0
engaged,engaged,s,ReportingEvents,0
your,your,s,DirectAddress,0
honor,honor,s,StandardsPos,0
to,to,s,,0
have,have,s,Cause,0
it,it,c,Cause,1
.,.,s,Imperative,0
take,take,s,Imperative,1
the,the,s,Comparison,0
less,less,s,Comparison,1
and,and,s,,0
save,save,s,DirectAddress,0
your,your,n,DirectAddress,1
reputation,reputation,nnn,CommonAuthorities,0
I,i,s,FirstPer,0
did,did,s,Intensity,0
so,so,s,Intensity,1
indeed,indeed,c,Intensity,0
",",",",s,,0
the,the,s,Comparison,0
more,more,s,Comparison,1
fool,fool,s,Negativity,0
I,i,s,FirstPer,0
to,to,s,,0
pass,pass,s,SubjectivePercept,0
my,my,s,SubjectivePercept,1
word,word,s,SubjectivePercept,2
before,before,s,Sequence,0
I,i,s,SelfDisclosure,0
felt,felt,s,SelfDisclosure,1
their,their,s,PersonPronoun,0
stink,stink,c,Negativity,0
.,.,n,,0
I,i,s,Insist,0
cannot,cannot,s,Insist,1
abide,abide,s,ReportingEvents,0
to,to,s,,0
think,think,s,PrivateThinking,0
on,on,s,,0
them,them,c,,0
.,.,s,Resistance,0
But,but,s,Resistance,1
to,to,s,StandardsPos,0
save,save,s,StandardsPos,1
my,my,s,FirstPer,0
credit,credit,s,StandardsPos,0
go,go,s,ReportingEvents,0
to,to,c,,0
",",",",s,,0
dispatch,dispatch,c,ReportingEvents,0
.,.,s,,0
I,i,s,Metadiscourse,0
Will,will,n,Metadiscourse,1
have,have,s,Metadiscourse,2
the,the,s,Specifiers,0
whole,whole,s,Specifiers,1
100l,100l,s,UNRECOGNIZED,0
since,since,s,,0
I,i,s,Insist,0
must,must,s,Insist,1
have,have,s,Insist,2
some,some,c,Uncertainty,0
.,.,s,,0
I,i,s,Resistance,0
Will,will,s,Resistance,1
never,never,s,Resistance,2
give,give,s,,0
my,my,s,FirstPer,0
bond,bond,s,AbstractConcepts,0
for,for,s,,0
^,^,s,UNRECOGNIZED,0
little,little,nnn,SenseProperty,0
Well,well,s,SenseObject,0
sir,sir,c,PersonProperty,0
",",",",s,,0
it,it,s,ProjectAhead,0
shall,shall,s,ProjectAhead,1
be,be,s,ProjectAhead,2
done,done,c,ReportingStates,0
.,.,nnn,ReportingStates,1
Now,now,s,Immediacy,0
boy,boy,c,PersonProperty,0
",",",",s,,0
was,was,s,ProjectBack,0
not,not,s,DenyDisclaim,0
this,this,s,,0
well,well,s,SenseObject,0
handled,handled,c,ReportingEvents,0
?,?,s,Question,0
I,i,s,ReasonBackward,0
must,must,s,ReasonBackward,1
have,have,s,ReasonBackward,2
had,had,s,ReasonBackward,3
them,them,s,,0
upon,upon,s,,0
any,any,s,,0
terms,terms,c,AbstractConcepts,0
:,:,s,,0
but,but,n,Resistance,0
he,he,s,Biographical_Time,0
never,never,s,Biographical_Time,1
perceived,perceived,s,PrivateThinking,0
it,it,c,,0
.,.,s,Question,0
Did,did,s,Question,1
thou,thou,s,DirectAddress,0
mark,mark,s,AbstractConcepts,0
how,how,s,,0
^,^,c,UNRECOGNIZED,0
ee,ee,s,UNRECOGNIZED,0
entreated,entreated,s,Request,0
me,me,s,FirstPer,0
with,with,s,,0
respective,respective,n,Metadiscourse,0
terms,terms,c,AbstractConcepts,0
",",",",s,,0
and,and,s,,0
pinned,pinned,s,Narrative_Verbs,0
the,the,s,Narrative_Verbs,1
bargain,bargain,s,AbstractConcepts,0
upon,upon,s,Immediacy,0
me,me,c,Immediacy,1
?,?,s,Question,0
Those,those,s,,0
be,be,s,ReportingStates,0
always,always,s,SubjectiveTime,0
the,the,s,Positivity,0
best,best,n,Positivity,1
penie-worths,penie-worths,c,UNRECOGNIZED,0
.,.,s,ReportingStates,0
It,it,s,ReportingStates,1
is,is,s,ReportingStates,2
a,a,s,Intensity,0
goodly,goodly,s,Intensity,1
thing,thing,s,Uncertainty,0
to,to,s,GenericEvents,0
be,be,s,GenericEvents,1
wise,wise,c,StandardsPos,0
.,.,s,Imperative,0
Remember,remember,s,Imperative,1
boy,boy,s,PersonProperty,0
when,when,s,,0
thou,thou,s,DirectAddress,0
come,come,n,ReportingEvents,0
to,to,s,,0
years,years,c,TimeDuration,0
",",",",s,,0
to,to,s,,0
take,take,s,Responsibility,0
this,this,s,Responsibility,1
course,course,s,AbstractConcepts,0
o,o,c,LangRef,0
^,^,s,UNRECOGNIZED,0
thri^ing,thri^ing,nnn,UNRECOGNIZED,0
Indeed,indeed,s,Intensity,0
Sir,sir,s,PersonProperty,0
you,you,s,DirectAddress,0
carried,carried,s,ReportingEvents,0
this,this,s,,0
business,business,s,AbstractConcepts,0
admirabli,admirabli,c,UNRECOGNIZED,0
^^^,^^^,s,UNRECOGNIZED,0
the,the,s,Sequence,0
end,end,c,Sequence,1
.,.,s,,0
I,i,s,ProjectAhead,0
would,would,s,ProjectAhead,1
rather,rather,n,ProjectAhead,2
then,then,s,,0
40l,40l,s,UNRECOGNIZED,0
for,for,s,,0
my,my,s,SelfDisclosure,0
mind,mind,s,SelfDisclosure,1
sake,sake,s,SenseObject,0
my,my,s,FirstPer,0
old,old,s,ReceivedPOV,0
master,master,s,ReceivedPOV,1
your,your,s,DirectAddress,0
Worships,worships,s,Positivity,0
father,father,s,PersonProperty,0
had,had,s,ProjectBack,0
st^od,st^od,s,UNRECOGNIZED,0
in,in,s,SpaceRelation,0
a,a,n,SpaceRelation,1
corner,corner,c,SpaceRelation,2
",",",",s,,0
and,and,s,,0
had,had,s,ProjectBack,0
heard,heard,c,ReportingStates,0
",",",",s,ReportingStates,1
and,and,s,,0
observed,observed,s,Narrative_Verbs,0
his,his,s,Narrative_Verbs,1
sons,sons,s,PersonProperty,0
wisdom,wisdom,c,StandardsPos,0
.,.,s,,0
I,i,s,FirstPer,0
warrant,warrant,s,CommonAuthorities,0
it,it,s,ProjectBack,0
had,had,s,ProjectBack,1
been,been,n,ProjectBack,2
worth,worth,s,AbstractConcepts,0
1000l,1000l,s,UNRECOGNIZED,0
to,to,s,,0
some,some,s,Uncertainty,0
body,body,nnn,SenseObject,0
Well,well,c,StandardsPos,0
.,.,s,StandardsPos,1
Now,now,s,Immediacy,0
we,we,s,,0
want,want,s,ProjectAhead,0
nothing,nothing,s,DenyDisclaim,0
for,for,s,,0
getting,getting,s,,0
this,this,c,,0
*,*,s,,0
th^eescore,th^eescore,s,UNRECOGNIZED,0
pound,pound,s,Motions,0
but,but,s,Resistance,0
Par^agracio,par^agracio,n,UNRECOGNIZED,0
to,to,s,,0
seal,seal,c,SenseObject,0
.,.,s,Imperative,0
Go,go,s,Imperative,1
^,^,c,UNRECOGNIZED,0
eeke,eeke,s,UNRECOGNIZED,0
him,him,s,PersonPronoun,0
out,out,c,,0
",",",",s,,0
and,and,s,,0
we,we,s,,0
will,will,s,PredictedFuture,0
be,be,s,PredictedFuture,1
merry,merry,nnn,Positivity,0
I,i,s,FirstPer,0
go,go,s,Motions,0
fetch,fetch,s,Motions,1
him,him,c,PersonPronoun,0
.,.,nnn,,0
I,i,s,SelfDisclosure,0
think,think,s,SelfDisclosure,1
the,the,s,SpaceRelation,0
air,air,s,SpaceRelation,1
is,is,s,SenseProperty,0
infected,infected,c,SenseProperty,1
",",",",s,,0
that,that,s,,0
such,such,s,Intensity,0
contagious,contagious,s,Negativity,0
caterpillars,caterpillars,s,SenseObject,0
swarm,swarm,s,SpaceRelation,0
abroad,abroad,n,SceneShift,0
in,in,s,,0
this,this,s,,0
age,age,s,Specifiers,0
to,to,s,,0
destroy,destroy,s,Negativity,0
vouth,vouth,c,UNRECOGNIZED,0
",",",",s,,0
that,that,s,,0
scarce,scarce,s,Negativity,0
one,one,s,Numbers,0
fruit,fruit,s,SenseObject,0
among,among,s,,0
100,100,s,Numbers,0
comes,comes,s,Transformation,0
to,to,s,Transformation,1
be,be,n,Transformation,2
ripe,ripe,s,Positivity,0
but,but,s,Resistance,0
is,is,s,Sequence,0
first,first,s,Sequence,1
rotten,rotten,c,Negativity,0
.,.,s,ReasonForward,0
Such,such,s,ReasonForward,1
as,as,s,Comparison,0
this,this,s,Comparison,1
broker,broker,s,PersonProperty,0
is,is,s,ReportingStates,0
are,are,s,ReportingStates,0
nourished,nourished,s,StandardsPos,0
by,by,s,,0
the,the,s,StandardsNeg,0
Devil,devil,s,StandardsNeg,1
for,for,n,,0
no,no,s,DenyDisclaim,0
cause,cause,s,Cause,0
but,but,s,Resistance,0
to,to,s,Resistance,1
waste,waste,s,StandardsNeg,0
young,young,s,PersonProperty,0
men,men,s,PersonProperty,1
in,in,s,,0
old,old,s,SenseProperty,0
prisons,prisons,c,Negativity,0
.,.,s,DirectAddress,0
And,and,s,DirectAddress,1
these,these,s,Immediacy,0
cormorants,cormorants,s,SenseObject,0
which,which,s,,0
set,set,n,Narrative_Verbs,0
them,them,s,Narrative_Verbs,1
a-worke,a-worke,s,UNRECOGNIZED,0
to,to,s,,0
entise,entise,s,UNRECOGNIZED,0
youth,youth,s,AbstractConcepts,0
to,to,s,,0
these,these,s,Immediacy,0
pestilent,pestilent,s,Negativity,0
adventures,adventures,s,Innovations,0
me,me,s,FirstPer,0
thinks,thinks,s,PrivateThinking,0
they,they,s,Contingency,0
can,can,n,Contingency,1
have,have,s,Contingency,2
no,no,s,Sad,0
hope,hope,s,Sad,1
that,that,s,,0
he,he,s,PersonPronoun,0
which,which,s,,0
receives,receives,s,ReportingEvents,0
so,so,s,,0
little,little,s,SenseProperty,0
money,money,s,AbstractConcepts,0
upon,upon,s,,0
great,great,s,Intensity,0
bonds,bonds,c,AbstractConcepts,0
",",",",s,,0
does,does,s,ReportingEvents,0
ever,ever,n,Biographical_Time,0
mean,mean,s,ProjectAhead,0
to,to,s,ProjectAhead,1
pay,pay,s,ReportingEvents,0
them,them,c,,0
.,.,s,,0
For,for,s,,0
he,he,s,PersonPronoun,0
deals,deals,s,,0
not,not,s,DenyDisclaim,0
with,with,s,,0
one,one,s,Specifiers,0
of,of,s,Specifiers,1
these,these,s,Specifiers,2
gripers,gripers,c,Negativity,0
",",",",s,Resistance,0
but,but,s,Resistance,1
with,with,s,,0
as,as,n,Intensity,0
many,many,s,Intensity,1
as,as,s,Intensity,2
he,he,s,Contingency,0
can,can,s,Contingency,1
find,find,s,,0
will,will,s,PredictedFuture,0
be,be,s,PredictedFuture,1
content,content,s,Positivity,0
with,with,s,Positivity,1
his,his,s,SubjectivePercept,0
own,own,s,SubjectivePercept,1
security,security,c,StandardsPos,0
.,.,s,,0
Therefore,therefore,s,ReasonForward,0
when,when,s,TimeShift,0
he,he,n,TimeShift,1
comes,comes,s,Transformation,0
to,to,s,Transformation,1
be,be,s,Transformation,2
arrested,arrested,s,ReportingEvents,0
he,he,s,Updates,0
is,is,s,Updates,1
buried,buried,s,Sad,0
alive,alive,s,Sad,1
for,for,s,Specifiers,0
all,all,c,Specifiers,1
",",",",s,,0
and,and,s,,0
pays,pays,s,ReportingEvents,0
none,none,nnn,DenyDisclaim,0
I,i,s,FirstPer,0
wish,wish,s,SubjectivePercept,0
they,they,s,,0
were,were,s,ProjectBack,0
all,all,s,ProjectBack,1
so,so,s,,0
served,served,c,ReportingStates,0
.,.,s,ReportingStates,1
then,then,s,,0
the,the,s,Sad,0
loss,loss,s,Sad,1
of,of,s,Sad,2
the,the,s,SenseObject,0
money,money,s,SenseObject,1
on,on,s,,0
the,the,s,Specifiers,0
one,one,s,Specifiers,1
side,side,c,,0
",",",",n,,0
and,and,s,,0
the,the,s,,0
sharp,sharp,s,SenseProperty,0
rod,rod,s,SenseObject,0
of,of,s,,0
imprisonment,imprisonment,s,StandardsNeg,0
on,on,s,SpaceRelation,0
the,the,s,SpaceRelation,1
other,other,s,SpaceRelation,2
side,side,c,SpaceRelation,3
",",",",s,,0
would,would,s,ProjectBack,0
bring,bring,s,,0
both,both,s,,0
sorts,sorts,s,AbstractConcepts,0
to,to,n,,0
repentance,repentance,c,Negative_Relation,0
",",",",s,,0
^,^,s,UNRECOGNIZED,0
bethink,bethink,s,PrivateThinking,0
themselves,themselves,s,PersonPronoun,0
of,of,s,GenericEvents,0
using,using,s,GenericEvents,1
^,^,s,UNRECOGNIZED,0
good,good,s,,0
conscience,conscience,s,StandardsPos,0
to,to,s,,0
deceive,deceive,s,Anger,0
on,on,n,,0
neither,neither,s,DenyDisclaim,0
part,part,c,AbstractConcepts,0
.,.,s,AbstractConcepts,1
But,but,s,Resistance,0
if,if,s,Contingency,0
your,your,s,DirectAddress,0
Chancellor,chancellor,s,CommonAuthorities,0
hold,hold,s,ReportingEvents,0
on,on,s,ReportingEvents,1
his,his,s,ProjectAhead,0
course,course,s,ProjectAhead,1
i,i,c,FirstPer,0
^,^,s,UNRECOGNIZED,0
allowing,allowing,s,ReportingEvents,0
the,the,n,,0
extortioner,extortioner,s,StandardsNeg,0
no,no,s,DenyDisclaim,0
more,more,s,DenyDisclaim,1
but,but,s,Resistance,0
the,the,s,SubjectivePercept,0
bare,bare,s,SubjectivePercept,1
money,money,s,AbstractConcepts,0
made,made,s,Specifiers,0
of,of,s,Specifiers,1
such,such,s,Intensity,0
commodities,commodities,s,AbstractConcepts,0
that,that,s,PredictedFuture,0
will,will,n,PredictedFuture,1
shortly,shortly,s,SubjectiveTime,0
end,end,s,TimeShift,0
the,the,s,TimeShift,1
abuse,abuse,c,Negativity,0
.,.,s,,0
For,for,s,,0
this,this,s,,0
E^ops,e^ops,s,UNRECOGNIZED,0
dog,dog,s,SenseObject,0
will,will,s,PredictedFuture,0
learn,learn,s,ReportingEvents,0
to,to,s,ReportingEvents,1
hold,hold,s,,0
the,the,s,Sequence,0
next,next,s,Sequence,1
piece,piece,n,AbstractConcepts,0
better,better,c,Comparison,0
*,*,s,,0
then,then,s,TimeShift,0
to,to,s,TimeShift,1
be,be,s,ReportingStates,0
deluded,deluded,s,Negativity,0
with,with,s,Specifiers,0
a,a,s,Specifiers,1
shadow,shadow,s,SenseObject,0
of,of,s,,0
double,double,s,,0
ga^ne,ga^ne,nnn,UNRECOGNIZED,0
Take,take,s,SubjectivePercept,0
heed,heed,s,SubjectivePercept,1
to,to,s,SelfDisclosure,0
my,my,s,SelfDisclosure,1
horses,horses,c,SenseObject,0
*,*,s,,0
that,that,s,,0
they,they,s,,0
be,be,s,ReportingStates,0
well,well,s,SenseObject,0
walked,walked,s,ReportingEvents,0
stuffed,stuffed,s,Motions,0
and,and,s,,0
dressed,dressed,c,SenseProperty,0
.,.,nnn,,0
I,i,s,FirstPer,0
warrant,warrant,s,CommonAuthorities,0
you,you,s,DirectAddress,0
Sir,sir,c,PersonProperty,0
",",",",s,,0
and,and,s,,0
your,your,s,DirectAddress,0
Worship,worship,s,Positivity,0
may,may,s,Contingency,0
have,have,s,Contingency,1
provender,provender,s,SenseObject,0
of,of,s,Specifiers,0
all,all,s,Specifiers,1
sorts,sorts,c,Specifiers,2
.,.,nnn,Future_Question,0
Will,will,s,Future_Question,1
it,it,s,Future_Question,2
please,please,s,Positivity,0
you,you,s,DirectAddress,0
to,to,s,ProjectAhead,0
see,see,s,ProjectAhead,1
your,your,s,DirectAddress,0
chamber,chamber,c,SenseObject,0
?,?,nnn,Question,0
Yes,yes,c,DirectAddress,0
*,*,s,,0
but,but,s,Resistance,0
I,i,s,Insist,0
must,must,s,Insist,1
have,have,s,Insist,2
the,the,s,Positivity,0
best,best,s,Positivity,1
in,in,s,SpaceRelation,0
the,the,s,SpaceRelation,1
house,house,c,SpaceRelation,2
.,.,nnn,,0
You,you,s,Insist,0
shall,shall,s,Insist,1
Sir,sir,c,PersonProperty,0
.,.,s,Question,0
What,what,s,Question,1
wilt,wilt,s,SenseProperty,0
please,please,s,Positivity,0
your,your,s,DirectAddress,0
worship,worship,s,Positivity,0
to,to,s,,0
have,have,s,Insist,0
to,to,s,Insist,1
suppe,suppe,c,UNRECOGNIZED,0
^,^,c,UNRECOGNIZED,0
?,?,nnn,Question,0
First,first,s,Sequence,0
bring,bring,s,,0
me,me,s,FirstPer,0
a,a,s,,0
crustie,crustie,s,UNRECOGNIZED,0
manchet,manchet,c,UNRECOGNIZED,0
",",",",s,,0
and,and,s,,0
a,a,s,Exceptions,0
single,single,s,Exceptions,1
pot,pot,s,SenseObject,0
of,of,s,,0
beer,beer,c,SenseObject,0
.,.,nnn,,0
It,it,s,ProjectAhead,0
shall,shall,s,ProjectAhead,1
be,be,s,ProjectAhead,2
done,done,s,ReportingStates,0
Sir,sir,nnn,PersonProperty,0
What,what,s,DirectAddress,0
will,will,s,DirectAddress,1
you,you,s,DirectAddress,2
have,have,s,Insist,0
to,to,s,Insist,1
supper,supper,s,TimeDuration,0
Sir,sir,c,PersonProperty,0
",",",",s,,0
that,that,s,Inclusive,0
we,we,s,Inclusive,1
may,may,s,Contingency,0
bespeake,bespeake,s,UNRECOGNIZED,0
it,it,s,,0
for,for,s,ReasonForward,0
we,we,s,ReasonForward,1
are,are,s,ReasonForward,2
very,very,n,Intensity,0
hungry,hungry,nnn,SenseProperty,0
It,it,s,DenyDisclaim,0
is,is,s,DenyDisclaim,1
not,not,s,DenyDisclaim,2
wisdom,wisdom,s,StandardsPos,0
to,to,s,,0
eat,eat,s,ReportingEvents,0
a,a,s,,0
meal,meal,s,GenericEvents,0
when,when,s,DirectAddress,0
you,you,s,DirectAddress,1
are,are,s,ReportingStates,0
hungry,hungry,c,SenseProperty,0
",",",",s,ReasonForward,0
for,for,s,ReasonForward,1
then,then,s,Sequence,0
you,you,s,Sequence,1
eat,eat,s,ReportingEvents,0
too,too,n,Negativity,0
much,much,s,Negativity,1
and,and,s,,0
surfeite,surfeite,c,UNRECOGNIZED,0
.,.,s,Intensity,0
Even,even,s,Intensity,1
as,as,s,ReasonBackward,0
it,it,s,ReasonBackward,1
is,is,s,ReasonBackward,2
not,not,s,Negativity,0
good,good,s,Negativity,1
to,to,s,Resistance,0
fight,fight,s,Resistance,1
or,or,s,,0
correct,correct,s,StandardsPos,0
scholars,scholars,s,StandardsPos,0
when,when,n,DirectAddress,0
you,you,s,DirectAddress,1
are,are,s,ReportingStates,0
in,in,s,,0
choler,choler,c,Negativity,0
",",",",s,ReasonForward,0
for,for,s,ReasonForward,1
then,then,s,Sequence,0
you,you,s,Sequence,1
will,will,s,PredictedFuture,0
do,do,s,ReportingEvents,0
it,it,s,ReportingEvents,1
beyond,beyond,s,Intensity,0
measure,measure,c,Intensity,1
.,.,s,,0
I,i,s,SelfDisclosure,0
am,am,s,SelfDisclosure,1
as,as,s,,0
hungry,hungry,s,Resemblances,0
as,as,n,Resemblances,1
you,you,c,DirectAddress,0
",",",",s,Resistance,0
yet,yet,s,Resistance,1
I,i,s,FirstPer,0
will,will,s,PredictedFuture,0
eat,eat,s,ReportingEvents,0
but,but,s,Resistance,0
a,a,s,,0
manchet,manchet,c,UNRECOGNIZED,0
",",",",s,,0
and,and,s,,0
drink,drink,s,Motions,0
twice,twice,s,RecurringEvents,0
of,of,s,,0
one,one,s,Numbers,0
pot,pot,nnn,SenseObject,0
What,what,s,,0
Sir,sir,c,PersonProperty,0
?,?,s,Question,0
will,will,s,PredictedFuture,0
you,you,s,DirectAddress,0
take,take,s,Sequence,0
up,up,s,Sequence,1
the,the,s,Positivity,0
best,best,s,Positivity,1
chamber,chamber,c,SenseObject,0
",",",",s,,0
and,and,s,,0
spend,spend,s,ReportingEvents,0
but,but,s,Resistance,0
two,two,s,Numbers,0
pence,pence,s,AbstractConcepts,0
for,for,s,SubjectivePercept,0
your,your,n,SubjectivePercept,1
part,part,c,SubjectivePercept,2
.,.,s,DirectAddress,0
And,and,s,DirectAddress,1
this,this,s,,0
at,at,s,,0
Croyden,croyden,s,UNRECOGNIZED,0
so,so,s,,0
near,near,s,SpaceRelation,0
London,london,nnn,,0
No,no,s,DenyDisclaim,0
more,more,c,DenyDisclaim,1
.,.,s,DirectAddress,0
And,and,s,DirectAddress,1
but,but,s,Exceptions,0
for,for,s,Exceptions,1
the,the,s,Exceptions,2
best,best,s,Comparison,0
chamber,chamber,s,SenseObject,0
I,i,s,SelfDisclosure,0
would,would,s,SelfDisclosure,1
spend,spend,s,ReportingEvents,0
but,but,s,Resistance,0
a,a,s,,0
penie,penie,c,UNRECOGNIZED,0
",",",",s,,0
a,a,s,,0
pint,pint,s,SenseObject,0
of,of,n,,0
beer,beer,s,SenseObject,0
and,and,s,,0
a,a,s,,0
half,half,s,Numbers,0
penie,penie,s,UNRECOGNIZED,0
bread,bread,nnn,SenseObject,0
What,what,s,,0
a,a,s,,0
shame,shame,s,StandardsNeg,0
were,were,s,ProjectBack,0
this,this,s,,0
if,if,s,Contingency,0
your,your,s,DirectAddress,0
friends,friends,s,StandardsPos,0
should,should,s,Insist,0
hear,hear,s,SpaceRelation,0
it,it,c,,0
?,?,nnn,Question,0
Leave,leave,s,ReportingEvents,0
the,the,s,ReportingEvents,1
disgrace,disgrace,s,StandardsNeg,0
to,to,s,StandardsNeg,1
me,me,c,FirstPer,0
.,.,s,,0
I,i,s,Contingency,0
can,can,s,Contingency,1
bear,bear,s,Negativity,0
it,it,c,Negativity,1
.,.,s,Imperative,0
Pass,pass,c,Imperative,1
^^,^^,s,UNRECOGNIZED,0
graviora,graviora,c,UNRECOGNIZED,0
.,.,nnn,Imperative,0
Come,come,s,Imperative,1
Purgato,purgato,c,UNRECOGNIZED,0
*,*,s,,0
thou,thou,s,DirectAddress,0
and,and,s,,0
I,i,s,FirstPer,0
will,will,s,PredictedFuture,0
bespeake,bespeake,s,UNRECOGNIZED,0
our,our,s,Inclusive,0
supper,supper,c,TimeDuration,0
.,.,s,,0
20d,20d,s,UNRECOGNIZED,0
a,a,s,,0
piece,piece,s,AbstractConcepts,0
we,we,s,,0
will,will,s,PredictedFuture,0
spend,spend,n,ReportingEvents,0
to,to,s,,0
stop,stop,s,Resistance,0
this,this,s,,0
current,current,s,Immediacy,0
of,of,s,,0
rumor,rumor,nnn,In_Media,0
Here,here,s,DirectAddress,0
is,is,s,DirectAddress,1
a,a,s,DirectAddress,2
delicate,delicate,s,SubjectivePercept,0
manchet,manchet,s,UNRECOGNIZED,0
Sir,sir,c,PersonProperty,0
.,.,s,Question,0
what,what,s,Question,1
meat,meat,s,SenseObject,0
to,to,s,DirectAddress,0
your,your,s,DirectAddress,1
supper,supper,c,TimeDuration,0
?,?,nn,Question,0
This,this,s,DenyDisclaim,0
is,is,s,DenyDisclaim,1
not,not,s,DenyDisclaim,2
crustie,crustie,s,UNRECOGNIZED,0
enough,enough,c,SubjectivePercept,0
.,.,s,Imperative,0
Change,change,s,Imperative,1
it,it,c,,0
.,.,nnn,Resistance,0
But,but,s,Resistance,1
we,we,s,Inclusive,0
have,have,s,Inclusive,1
no,no,s,DenyDisclaim,0
better,better,s,DenyDisclaim,1
in,in,s,SpaceRelation,0
the,the,s,SpaceRelation,1
house,house,c,SpaceRelation,2
.,.,nnn,,0
I,i,s,Metadiscourse,0
will,will,s,Metadiscourse,1
have,have,s,Metadiscourse,2
it,it,s,,0
changed,changed,c,ReportingStates,0
.,.,nnn,ReportingStates,1
Well,well,s,SenseObject,0
Sir,sir,c,PersonProperty,0
",",",",s,,0
I,i,s,Metadiscourse,0
will,will,s,Metadiscourse,1
do,do,s,Metadiscourse,2
my,my,s,FirstPer,0
best,best,c,Comparison,0
.,.,s,Question,0
what,what,s,Question,1
shall,shall,s,ProjectAhead,0
my,my,s,FirstPer,0
Mistress,mistress,s,PersonProperty,0
provide,provide,s,StandardsPos,0
for,for,s,StandardsPos,1
your,your,s,DirectAddress,0
supper,supper,c,TimeDuration,0
?,?,nnn,Question,0
When,when,s,,0
thou,thou,s,DirectAddress,0
have,have,s,,0
changed,changed,s,Narrative_Verbs,0
the,the,s,Narrative_Verbs,1
manchet,manchet,s,UNRECOGNIZED,0
thou,thou,s,DirectAddress,0
shall,shall,s,ProjectAhead,0
know,know,c,Confidence,0
.,.,nnn,,0
A,a,s,,0
long,long,s,SenseProperty,0
journey,journey,s,SceneShift,0
have,have,s,Question,0
I,i,s,Question,1
ridden,ridden,c,ReportingStates,0
",",",",s,ReportingStates,1
and,and,s,Generalization,0
all,all,s,Generalization,1
day,day,s,TimeDuration,0
fasting,fasting,c,ReportingEvents,0
",",",",s,,0
except,except,s,Exceptions,0
a,a,s,Exceptions,1
breake-fast,breake-fast,s,UNRECOGNIZED,0
at,at,s,,0
my,my,n,FirstPer,0
friends,friends,s,StandardsPos,0
house,house,c,SenseObject,0
.,.,s,,0
Now,now,s,Immediacy,0
if,if,s,Contingency,0
I,i,s,Insist,0
should,should,s,Insist,1
fill,fill,s,,0
my,my,s,FirstPer,0
belly,belly,c,SenseObject,0
",",",",s,,0
two,two,s,Numbers,0
shillings,shillings,s,AbstractConcepts,0
will,will,s,PredictedFuture,0
not,not,s,PredictedFuture,1
serve,serve,s,ReportingEvents,0
in,in,n,,0
sheere,sheere,s,UNRECOGNIZED,0
meat,meat,s,SenseObject,0
for,for,s,SelfDisclosure,0
me,me,c,SelfDisclosure,1
^,^,s,UNRECOGNIZED,0
and,and,s,,0
my,my,s,FirstPer,0
two,two,s,Numbers,0
men,men,c,PersonProperty,0
.,.,s,,0
This,this,s,Immediacy,0
way,way,s,Immediacy,1
yet,yet,s,Resistance,0
I,i,s,FirstPer,0
s^ue,s^ue,s,UNRECOGNIZED,0
somewhat,somewhat,c,Uncertainty,0
:,:,s,,0
for,for,s,,0
these,these,n,Immediacy,0
hungry,hungry,s,SenseProperty,0
knaves,knaves,s,Negativity,0
out,out,s,,0
of,of,s,SubjectivePercept,0
their,their,s,SubjectivePercept,1
own,own,s,SubjectivePercept,2
purses,purses,s,SenseObject,0
^,^,c,UNRECOGNIZED,0
pend,pend,s,TimeDuration,0
three,three,s,Numbers,0
shillings,shillings,s,AbstractConcepts,0
two,two,s,Numbers,0
pence,pence,c,AbstractConcepts,0
:,:,s,,0
for,for,s,,0
I,i,n,FirstPer,0
will,will,s,PredictedFuture,0
allow,allow,s,ReportingEvents,0
but,but,s,Resistance,0
pence,pence,s,AbstractConcepts,0
a,a,s,,0
p,p,c,LangRef,0
^^,^^,c,UNRECOGNIZED,0
ce,ce,c,UNRECOGNIZED,0
.,.,s,,0
I,i,s,SelfDisclosure,0
hope,hope,s,SelfDisclosure,1
they,they,s,,0
will,will,s,PredictedFuture,0
not,not,s,PredictedFuture,1
compare,compare,s,Comparison,0
with,with,s,Comparison,1
me,me,s,FirstPer,0
to,to,s,,0
ask,ask,s,Request,0
two,two,n,Numbers,0
pence,pence,s,AbstractConcepts,0
a,a,s,,0
piece,piece,s,AbstractConcepts,0
as,as,s,SelfDisclosure,0
I,i,s,SelfDisclosure,1
spend,spend,c,ReportingEvents,0
.,.,s,,0
O,o,s,LangRef,0
to,to,s,,0
morrow,morrow,c,ProjectAhead,0
",",",",s,,0
to,to,s,,0
morrow,morrow,s,ProjectAhead,0
at,at,s,SpaceRelation,0
dinner,dinner,s,SpaceRelation,1
will,will,s,PredictedFuture,0
I,i,s,FirstPer,0
carry,carry,s,ReportingEvents,0
in,in,s,ReportingEvents,1
for,for,n,Fear,0
fear,fear,s,Fear,1
of,of,s,Fear,2
foul,foul,s,Negative_Relation,0
weather,weather,c,Negative_Relation,1
",",",",s,Autobio,0
when,when,s,Autobio,1
I,i,s,Autobio,2
come,come,s,ReportingEvents,0
to,to,s,,0
Master,master,s,PersonProperty,0
Rem^af,rem^af,s,UNRECOGNIZED,0
his,his,s,PersonPronoun,0
house,house,c,SenseObject,0
",",",",s,,0
my,my,s,FirstPer,0
continual,continual,n,RecurringEvents,0
host,host,s,PersonProperty,0
and,and,s,,0
friend,friend,c,StandardsPos,0
",",",",s,,0
whom,whom,s,PersonPronoun,0
I,i,s,Insist,0
cannot,cannot,s,Insist,1
bauke,bauke,c,UNRECOGNIZED,0
",",",",s,,0
he,he,s,Updates,0
is,is,s,Updates,1
so,so,s,,0
conveniently,conveniently,s,StandardsPos,0
in,in,s,,0
my,my,s,SelfDisclosure,0
way,way,c,SelfDisclosure,1
",",",",s,,0
and,and,n,,0
keeps,keeps,s,TimeDuration,0
good,good,s,Positivity,0
cheer,cheer,c,Positivity,1
.,.,s,,0
Oh,oh,c,OralCues,0
",",",",s,OralCues,1
by,by,s,TimeShift,0
that,that,s,TimeShift,1
time,time,s,TimeShift,2
my,my,s,FirstPer,0
stomach,stomach,s,SenseObject,0
will,will,s,PredictedFuture,0
be,be,s,PredictedFuture,1
tanquamignis,tanquamignis,s,UNRECOGNIZED,0
accensus,accensus,c,UNRECOGNIZED,0
",",",",n,,0
a,a,s,,0
flaming,flaming,s,SenseProperty,0
fire,fire,c,SenseObject,0
",",",",s,,0
dispatching,dispatching,s,ReportingEvents,0
all,all,s,,0
meats,meats,s,SenseObject,0
it,it,s,,0
touches,touches,c,Motions,0
.,.,s,DirectAddress,0
And,and,s,DirectAddress,1
it,it,s,,0
is,is,s,ReportingStates,0
Phys^cke,phys^cke,n,UNRECOGNIZED,0
sometimes,sometimes,s,Contingency,0
to,to,s,TimeDuration,0
keep,keep,s,TimeDuration,1
a,a,s,SenseObject,0
stomach,stomach,s,SenseObject,1
so,so,s,,0
fiery,fiery,c,SenseProperty,0
:,:,s,,0
for,for,s,,0
it,it,s,PredictedFuture,0
will,will,s,PredictedFuture,1
consume,consume,s,ReportingEvents,0
the,the,s,ReportingEvents,1
very,very,s,Intensity,0
worms,worms,n,SenseObject,0
if,if,s,Contingency,0
any,any,s,Contingency,1
crawle,crawle,s,UNRECOGNIZED,0
up,up,s,SpaceRelation,0
to,to,s,SpaceRelation,1
the,the,s,SpaceRelation,2
stomach,stomach,s,SenseObject,0
for,for,s,,0
lack,lack,s,StandardsNeg,0
of,of,s,StandardsNeg,1
nutriment,nutriment,s,StandardsPos,0
in,in,s,,0
the,the,s,,0
maw,maw,nn,SenseObject,0
Sir,sir,c,PersonProperty,0
",",",",s,,0
I,i,s,Autobio,0
have,have,s,Autobio,1
been,been,s,Autobio,2
with,with,s,Generalization,0
all,all,s,Generalization,1
the,the,s,,0
bakers,bakers,s,PersonProperty,0
in,in,s,SpaceRelation,0
the,the,s,SpaceRelation,1
town,town,s,SpaceRelation,2
for,for,s,,0
a,a,s,,0
crustie,crustie,s,UNRECOGNIZED,0
loaf,loaf,c,SenseObject,0
.,.,nn,,0
Thou,thou,s,DirectAddress,0
have,have,s,ReportingEvents,0
done,done,s,ReportingEvents,1
well,well,c,StandardsPos,0
.,.,s,StandardsPos,1
this,this,s,ReportingStates,0
is,is,s,ReportingStates,1
as,as,s,Insist,0
it,it,s,Insist,1
should,should,s,Insist,2
be,be,c,Insist,3
.,.,nnn,,0
Now,now,s,Immediacy,0
Sir,sir,c,PersonProperty,0
",",",",s,Curiosity,0
what,what,s,Curiosity,1
to,to,s,Curiosity,2
supper,supper,c,TimeDuration,0
?,?,s,Question,0
my,my,s,FirstPer,0
Mistress,mistress,s,PersonProperty,0
stands,stands,s,SpaceRelation,0
at,at,s,SpaceRelation,1
gaze,gaze,s,Motions,0
until,until,s,TimeDuration,0
I,i,s,TimeDuration,1
tell,tell,s,,0
her,her,c,PersonPronoun,0
.,.,nnn,,0
My,my,s,FirstPer,0
friend,friend,c,StandardsPos,0
.,.,s,,0
I,i,s,SelfDisclosure,0
have,have,s,SelfDisclosure,1
a,a,s,Intensity,0
very,very,s,Intensity,1
evil,evil,s,StandardsNeg,0
stomach,stomach,c,SenseObject,0
",",",",s,,0
it,it,s,PredictedFuture,0
will,will,s,PredictedFuture,1
endure,endure,s,Resistance,0
nothing,nothing,s,DenyDisclaim,0
toward,toward,s,,0
night,night,n,,0
but,but,s,Resistance,0
bread,bread,s,SenseObject,0
and,and,s,,0
drink,drink,c,Motions,0
",",",",s,,0
my,my,s,FirstPer,0
men,men,s,PersonProperty,0
I,i,s,SelfDisclosure,0
think,think,s,SelfDisclosure,1
will,will,s,PredictedFuture,0
have,have,s,PredictedFuture,1
something,something,nnnnnn,Uncertainty,0
I,i,s,FirstPer,0
hear,hear,s,SenseProperty,0
the,the,s,SenseProperty,1
knave,knave,s,Negativity,0
well,well,s,SubjectivePercept,0
enough,enough,c,SubjectivePercept,1
",",",",s,Resistance,0
but,but,s,Resistance,1
I,i,s,FirstPer,0
Will,will,s,PredictedFuture,0
watch,watch,s,,0
you,you,s,DirectAddress,0
for,for,s,DirectAddress,1
both,both,c,,0
.,.,s,,0
My,my,s,FirstPer,0
horses,horses,s,SenseObject,0
shall,shall,n,ProjectAhead,0
have,have,s,,0
but,but,s,Resistance,0
little,little,s,SenseProperty,0
provender,provender,c,SenseObject,0
.,.,s,,0
I,i,s,FirstPer,0
Will,will,s,PredictedFuture,0
call,call,s,ReportingEvents,0
at,at,s,,0
some,some,s,Uncertainty,0
Farmers,farmers,s,PersonProperty,0
house,house,s,SenseObject,0
to,to,s,,0
morrow,morrow,c,ProjectAhead,0
",",",",s,,0
and,and,s,,0
^,^,c,UNRECOGNIZED,0
ate,ate,s,Narrative_Verbs,0
a,a,n,Narrative_Verbs,1
p,p,c,LangRef,0
^^,^^,c,UNRECOGNIZED,0
ke,ke,s,,0
in,in,s,Specifiers,0
his,his,s,Specifiers,1
stable,stable,c,StandardsPos,0
*,*,s,,0
and,and,s,,0
for,for,s,,0
sheets,sheets,s,SenseObject,0
I,i,s,FirstPer,0
Will,will,s,PredictedFuture,0
lay,lay,s,Narrative_Verbs,0
them,them,s,Narrative_Verbs,1
by,by,c,,0
",",",",s,,0
and,and,s,,0
change,change,s,Transformation,0
with,with,s,Transformation,1
my,my,s,FirstPer,0
men,men,nnn,PersonProperty,0
Sir,sir,c,PersonProperty,0
",",",",s,,0
have,have,s,DirectAddress,0
you,you,s,DirectAddress,1
found,found,s,ReportingEvents,0
Parvagrac,parvagrac,c,UNRECOGNIZED,0
^^,^^,c,UNRECOGNIZED,0
?,?,s,Question,0
when,when,s,Future_Question,0
will,will,s,Future_Question,1
he,he,s,PersonPronoun,0
come,come,c,ReportingEvents,0
*,*,nn,,0
To,to,s,,0
tell,tell,s,DirectAddress,0
you,you,s,DirectAddress,1
the,the,s,Disclosure,0
naked,naked,s,Disclosure,1
truth,truth,s,Disclosure,2
Sir,sir,s,PersonProperty,0
I,i,s,Autobio,0
have,have,s,Autobio,1
been,been,s,Autobio,2
asleep,asleep,s,SenseProperty,0
till,till,s,TimeShift,0
I,i,s,TimeShift,1
heard,heard,s,Updates,0
you,you,s,DirectAddress,0
call,call,s,DirectAddress,1
for,for,n,DirectAddress,0
your,your,s,DirectAddress,1
g^lasshes,g^lasshes,c,UNRECOGNIZED,0
:,:,s,,0
for,for,s,,0
I,i,s,Autobio,0
was,was,s,Autobio,1
so,so,s,,0
hungry,hungry,c,SenseProperty,0
",",",",s,,0
that,that,s,,0
if,if,s,Contingency,0
I,i,s,Autobio,0
had,had,s,Autobio,1
not,not,s,DenyDisclaim,0
slept,slept,s,ReportingEvents,0
I,i,s,FirstPer,0
(,(,c,,0
...,...,c,UNRECOGNIZED,0
),),s,,0
committed,committed,n,StandardsNeg,0
Burglary,burglary,s,StandardsNeg,1
somewhere,somewhere,s,Uncertainty,0
to,to,s,ProjectAhead,0
get,get,s,ProjectAhead,1
victuals,victuals,c,SenseObject,0
:,:,s,,0
Now,now,s,Immediacy,0
I,i,s,FirstPer,0
Will,will,s,PredictedFuture,0
find,find,s,Negativity,0
him,him,s,Negativity,1
out,out,c,Negativity,2
.,.,nnn,Negativity,3
Yes,yes,c,OralCues,0
",",",",s,OralCues,1
and,and,s,,0
before,before,s,Sequence,0
it,it,s,Sequence,1
be,be,s,ReportingStates,0
come,come,c,ReportingEvents,0
.,.,s,Question,0
why,why,s,Question,1
do,do,s,Intensity,0
thou,thou,s,DirectAddress,0
tarrie,tarrie,c,UNRECOGNIZED,0
^,^,s,UNRECOGNIZED,0
the,the,s,,0
Scrivener,scrivener,s,PersonProperty,0
will,will,s,PredictedFuture,0
think,think,n,PrivateThinking,0
v,v,c,LangRef,0
^^,^^,c,UNRECOGNIZED,0
ong,ong,c,UNRECOGNIZED,0
;,;,s,,0
and,and,s,,0
a,a,s,Negativity,0
worse,worse,s,Negativity,1
matter,matter,c,AbstractConcepts,0
;,;,s,,0
perhaps,perhaps,s,Uncertainty,0
we,we,s,Metadiscourse,0
shall,shall,s,Metadiscourse,1
give,give,s,,0
them,them,s,,0
too,too,s,Negativity,0
much,much,s,Negativity,1
time,time,s,Negativity,2
to,to,n,,0
enquire,enquire,s,PrivateThinking,0
of,of,s,Inclusive,0
our,our,s,Inclusive,1
states,states,nnn,AbstractConcepts,0
I,i,s,Contingency,0
can,can,s,Contingency,1
soon,soon,s,ProjectAhead,0
have,have,s,Cause,0
him,him,s,Cause,1
if,if,s,Contingency,0
all,all,s,Generalization,0
other,other,s,Generalization,1
things,things,s,Uncertainty,0
were,were,s,ProjectBack,0
ready,ready,c,ProjectAhead,0
:,:,s,,0
you,you,s,DirectAddress,0
know,know,s,DirectAddress,1
where,where,s,DirectAddress,0
you,you,s,DirectAddress,1
left,left,n,SceneShift,0
him,him,s,SceneShift,1
at,at,s,SpaceRelation,0
the,the,s,SpaceRelation,1
Ladies,ladies,c,PersonProperty,0
",",",",s,SpaceRelation,0
where,where,s,SpaceRelation,1
you,you,s,DirectAddress,0
both,both,s,,0
dined,dined,c,ReportingStates,0
.,.,s,ReportingStates,1
He,he,s,Citations,0
said,said,s,Citations,1
he,he,s,Biographical_Time,0
would,would,s,Biographical_Time,1
follow,follow,s,DirectAddress,0
you,you,c,DirectAddress,1
.,.,s,,0
I,i,n,FirstPer,0
marvel,marvel,s,Positivity,0
he,he,s,Updates,0
is,is,s,Updates,1
so,so,s,SubjectiveTime,0
long,long,c,SubjectiveTime,1
.,.,s,Resistance,0
But,but,s,Resistance,1
I,i,s,FirstPer,0
warrant,warrant,s,CommonAuthorities,0
they,they,s,ReportingStates,0
are,are,s,ReportingStates,1
up,up,s,SpaceRelation,0
to,to,s,SpaceRelation,1
the,the,s,SpaceRelation,2
noses,noses,s,SenseObject,0
in,in,s,,0
the,the,s,Updates,0
new,new,n,Updates,1
book,book,s,,0
de,de,s,AbstractConcepts,0
flatibus,flatibus,c,UNRECOGNIZED,0
.,.,s,ReportingStates,0
It,it,s,ReportingStates,1
is,is,s,ReportingStates,2
best,best,s,StandardsPos,0
for,for,s,StandardsPos,1
me,me,s,FirstPer,0
to,to,s,,0
know,know,s,Confidence,0
if,if,s,Contingency,0
the,the,s,Contingency,1
bonds,bonds,s,AbstractConcepts,0
be,be,s,ProjectAhead,0
ready,ready,s,ProjectAhead,1
before,before,s,Sequence,0
I,i,n,FirstPer,0
fetch,fetch,s,Motions,0
him,him,c,PersonPronoun,0
",",",",s,,0
lest,lest,s,Contingency,0
he,he,s,Contingency,1
be,be,s,ReportingStates,0
angry,angry,s,Anger,0
to,to,s,,0
leave,leave,s,ReportingEvents,0
the,the,s,ReportingEvents,1
Ladies,ladies,s,PersonProperty,0
company,company,s,AbstractConcepts,0
before,before,s,Sequence,0
need,need,s,Insist,0
require,require,c,CommonAuthorities,0
.,.,n,,0
Intrat,intrat,s,UNRECOGNIZED,0
Parvagracio,parvagracio,c,UNRECOGNIZED,0
.,.,s,Resistance,0
But,but,s,Resistance,1
look,look,s,ReportingEvents,0
where,where,s,SpaceRelation,0
he,he,s,SpaceRelation,1
is,is,s,ReportingStates,0
come,come,s,ReportingEvents,0
alone,alone,s,SpaceRelation,0
without,without,s,Contingency,0
carrying,carrying,s,Motions,0
Sir,sir,c,PersonProperty,0
*,*,s,,0
you,you,n,DirectAddress,0
saved,saved,s,StandardsPos,0
me,me,s,FirstPer,0
a,a,s,,0
labor,labor,c,AbstractConcepts,0
.,.,s,,0
I,i,s,Autobio,0
was,was,s,Autobio,1
sent,sent,s,ProjectAhead,0
for,for,s,ProjectAhead,1
you,you,c,DirectAddress,0
.,.,s,,0
Can,can,s,DirectAddress,0
you,you,s,DirectAddress,1
smell,smell,s,SenseProperty,0
out,out,s,SenseProperty,1
good,good,s,,0
bargains,bargains,c,AbstractConcepts,0
?,?,s,Question,0
you,you,n,DirectAddress,0
come,come,s,ReportingEvents,0
without,without,s,Contingency,0
calling,calling,c,ReportingEvents,0
.,.,s,Question,0
When,when,s,Question,1
thrift,thrift,s,StandardsPos,0
is,is,s,ReportingStates,0
^,^,c,UNRECOGNIZED,0
n,n,s,LangRef,0
the,the,s,,0
market,market,s,AbstractConcepts,0
you,you,s,DirectAddress,0
are,are,s,DirectAddress,1
ever,ever,s,Biographical_Time,0
in,in,s,Specifiers,0
the,the,s,Specifiers,1
way,way,nnn,Specifiers,2
What,what,s,Question,0
good,good,s,Question,1
bargain,bargain,s,AbstractConcepts,0
crack,crack,s,SenseProperty,0
is,is,s,ReportingStates,0
toward,toward,s,,0
me,me,c,FirstPer,0
?,?,nnn,Question,0
My,my,s,FirstPer,0
Master,master,s,PersonProperty,0
shall,shall,s,ProjectAhead,0
have,have,s,StandardsPos,0
money,money,c,StandardsPos,1
",",",",s,,0
and,and,s,,0
you,you,s,Insist,0
must,must,s,Insist,1
be,be,s,ReportingStates,0
bound,bound,s,StandardsPos,0
with,with,s,StandardsPos,1
him,him,c,PersonPronoun,0
.,.,nnn,,0
Is,is,s,ReportingStates,0
that,that,s,ReportingStates,1
a,a,s,Positivity,0
good,good,s,Positivity,1
bargain,bargain,s,AbstractConcepts,0
wagge,wagge,c,UNRECOGNIZED,0
?,?,s,Question,0
well,well,c,OralCues,0
",",",",s,OralCues,1
I,i,s,SelfDisclosure,0
have,have,s,SelfDisclosure,1
such,such,s,Specifiers,0
an,an,s,Specifiers,1
other,other,s,Specifiers,0
a-bruing,a-bruing,s,UNRECOGNIZED,0
for,for,s,DirectAddress,0
your,your,n,DirectAddress,1
Master,master,s,PersonProperty,0
to,to,s,GenericEvents,0
be,be,s,GenericEvents,1
bound,bound,s,StandardsPos,0
with,with,s,StandardsPos,1
me,me,c,FirstPer,0
.,.,s,Resistance,0
but,but,s,Resistance,1
where,where,s,Question,0
is,is,s,Question,1
he,he,nnn,Question,2
Here,here,c,SpaceRelation,0
",",",",s,SpaceRelation,1
at,at,s,Immediacy,0
hand,hand,c,Immediacy,1
.,.,s,,0
Now,now,s,Immediacy,0
to,to,s,,0
the,the,s,,0
s^rivener,s^rivener,s,UNRECOGNIZED,0
and,and,s,,0
broker,broker,s,PersonProperty,0
go,go,s,ReportingEvents,0
I,i,c,FirstPer,0
.,.,nnn,,0
I,i,s,SelfDisclosure,0
am,am,s,SelfDisclosure,1
glad,glad,s,Reassure,0
to,to,s,Reassure,1
hear,hear,s,Reassure,2
of,of,s,DirectAddress,0
your,your,s,DirectAddress,1
good,good,s,,0
furniture,furniture,s,SenseObject,0
toward,toward,c,,0
",",",",s,,0
and,and,s,,0
I,i,s,Metadiscourse,0
come,come,s,Metadiscourse,1
to,to,s,,0
prostrate,prostrate,s,SenseProperty,0
my,my,n,FirstPer,0
seal,seal,s,SenseObject,0
and,and,s,,0
service,service,s,StandardsPos,0
at,at,s,SpaceRelation,0
you,you,c,SpaceRelation,1
^,^,s,UNRECOGNIZED,0
worthy,worthy,s,StandardsPos,0
feet,feet,nnn,SenseObject,0
Sir,sir,c,PersonProperty,0
",",",",s,,0
with,with,s,Generalization,0
all,all,s,Generalization,1
complements,complements,s,Comparison,0
for,for,s,Specifiers,0
such,such,s,Specifiers,1
kind,kind,s,Positivity,0
love,love,c,Positivity,0
",",",",s,,0
I,i,s,FirstPer,0
receive,receive,s,ReportingEvents,0
your,your,s,DirectAddress,0
readiness,readiness,c,ProjectAhead,0
.,.,s,DirectAddress,0
And,and,n,DirectAddress,1
do,do,s,Intensity,0
reciprocally,reciprocally,s,AbstractConcepts,0
promise,promise,s,Promise,0
to,to,s,Promise,1
be,be,s,Promise,2
ever,ever,s,Biographical_Time,0
at,at,s,SpaceRelation,0
your,your,s,SpaceRelation,1
beck,beck,nnn,SubjectivePercept,0
Sir,sir,c,PersonProperty,0
",",",",s,,0
the,the,s,,0
bonds,bonds,s,AbstractConcepts,0
be,be,s,ProjectAhead,0
ready,ready,s,ProjectAhead,1
for,for,s,ProjectAhead,2
the,the,s,,0
seal,seal,c,SenseObject,0
.,.,s,,0
I,i,s,SelfDisclosure,0
have,have,s,SelfDisclosure,1
seen,seen,s,SpaceRelation,0
the,the,s,,0
commodity,commodity,s,AbstractConcepts,0
of,of,s,,0
rags,rags,c,SenseObject,0
",",",",n,,0
and,and,s,,0
I,i,s,SelfDisclosure,0
like,like,s,SelfDisclosure,1
them,them,s,,0
well,well,c,StandardsPos,0
.,.,s,StandardsPos,1
They,they,s,Biographical_Time,0
never,never,s,Biographical_Time,1
dustie,dustie,s,UNRECOGNIZED,0
you,you,s,DirectAddress,0
except,except,s,Exceptions,0
they,they,s,,0
be,be,s,ReportingStates,0
stirred,stirred,c,ReportingStates,0
.,.,s,ReportingStates,1
But,but,s,Resistance,0
they,they,n,ReportingStates,0
are,are,s,ReportingStates,1
foul,foul,s,Negativity,0
and,and,s,,0
heavy,heavy,c,SenseProperty,0
.,.,s,,0
I,i,s,FirstPer,0
wood,wood,s,SenseObject,0
we,we,s,ProjectBack,0
had,had,s,ProjectBack,1
sold,sold,s,Narrative_Verbs,0
them,them,s,Narrative_Verbs,1
by,by,s,,0
gold,gold,s,SenseObject,0
smiths,smiths,s,PersonProperty,0
weight,weight,s,AbstractConcepts,0
for,for,s,,0
so,so,s,Intensity,0
much,much,n,Intensity,1
in,in,s,,0
silver,silver,c,SenseObject,0
.,.,s,,0
I,i,s,FirstPer,0
did,did,s,ReportingEvents,0
see,see,s,,0
a,a,s,PersonProperty,0
fellow,fellow,s,PersonProperty,1
lift,lift,s,ReportingEvents,0
a,a,s,ReportingEvents,1
bundle,bundle,s,SpaceRelation,0
of,of,s,,0
them,them,s,,0
up,up,s,SpaceRelation,0
to,to,s,SpaceRelation,1
a,a,s,SpaceRelation,2
carre,carre,c,UNRECOGNIZED,0
",",",",s,,0
and,and,s,,0
he,he,n,PersonPronoun,0
grunted,grunted,s,ReportingEvents,0
hard,hard,c,,0
;,;,s,,0
he,he,s,Neutral_Attribution,0
made,made,s,Neutral_Attribution,1
me,me,s,FirstPer,0
remember,remember,s,ProjectBack,0
my,my,s,FirstPer,0
Ladies,ladies,s,PersonProperty,0
book,book,s,,0
de,de,s,AbstractConcepts,0
flatibus,flatibus,c,UNRECOGNIZED,0
.,.,s,,0
For,for,s,,0
I,i,s,FirstPer,0
looked,looked,n,ReportingEvents,0
ever,ever,s,Biographical_Time,0
when,when,s,TimeShift,0
he,he,s,TimeShift,1
would,would,s,Contingency,0
have,have,s,Contingency,1
let,let,s,SubjectivePercept,0
fly,fly,nnn,SubjectivePercept,1
Well,well,s,SenseObject,0
lets,lets,s,SubjectivePercept,0
go,go,s,SubjectivePercept,1
seal,seal,s,SenseObject,0
the,the,s,,0
bonds,bonds,c,AbstractConcepts,0
",",",",s,,0
and,and,s,,0
lose,lose,s,SubjectiveTime,0
no,no,s,SubjectiveTime,1
time,time,c,SubjectiveTime,2
.,.,nnn,,0
Ins^tiat,ins^tiat,c,UNRECOGNIZED,0
^,^,s,UNRECOGNIZED,0
goes,goes,s,ReportingEvents,0
on,on,s,ReportingEvents,1
saring,saring,c,UNRECOGNIZED,0
",",",",s,Resistance,0
But,but,s,Resistance,1
what,what,s,Curiosity,0
have,have,s,Curiosity,1
we,we,s,Curiosity,2
here,here,c,Curiosity,3
?,?,s,Question,0
I,i,s,FirstPer,0
Will,will,s,PredictedFuture,0
see,see,s,,0
this,this,s,,0
sight,sight,s,SenseProperty,0
for,for,s,Specifiers,0
all,all,n,Specifiers,1
the,the,s,,0
haste,haste,nn,Negativity,0
Why,why,s,Curiosity,0
it,it,s,Curiosity,1
is,is,s,ReportingStates,0
a,a,s,ReportingStates,1
woman,woman,c,PersonProperty,0
.,.,s,Imperative,0
Do,do,s,Imperative,1
not,not,s,Imperative,2
see,see,s,Curiosity,0
what,what,s,Curiosity,1
it,it,s,Curiosity,2
is,is,c,ReportingStates,0
?,?,nnn,Question,0
A,a,s,PersonProperty,0
woman,woman,c,PersonProperty,1
?,?,s,Question,0
it,it,s,DenyDisclaim,0
is,is,s,DenyDisclaim,1
not,not,s,DenyDisclaim,2
a,a,s,PersonProperty,0
woman,woman,c,PersonProperty,1
.,.,s,,0
The,the,s,SenseObject,0
head,head,s,SenseObject,1
is,is,s,ReportingStates,0
a,a,s,ReportingStates,1
dog,dog,c,SenseObject,0
.,.,s,ReportingStates,0
it,it,s,ReportingStates,1
is,is,s,ReportingStates,2
a,a,s,,0
maremaide,maremaide,c,UNRECOGNIZED,0
",",",",s,,0
half,half,s,SenseObject,0
a,a,s,SenseObject,1
dog,dog,c,SenseObject,0
",",",",n,,0
half,half,s,SenseObject,0
a,a,s,SenseObject,1
woman,woman,nnn,PersonProperty,0
No,no,s,DenyDisclaim,0
it,it,s,,0
is,is,s,Exceptions,0
but,but,s,Exceptions,1
the,the,s,SenseObject,0
hair,hair,s,SenseObject,1
of,of,s,,0
a,a,s,SenseObject,0
dog,dog,s,SenseObject,1
in,in,s,Positivity,0
fashion,fashion,c,Positivity,1
",",",",s,,0
pulled,pulled,s,ReportingEvents,0
from,from,s,,0
these,these,s,Immediacy,0
Island,island,s,SenseObject,0
dogs,dogs,c,SenseObject,0
.,.,nnn,,0
In,in,s,Positivity,0
fashion,fashion,c,Positivity,1
?,?,s,Question,0
there,there,s,ReportingStates,0
is,is,s,ReportingStates,1
a,a,s,ReportingStates,2
fashion,fashion,s,SenseObject,0
for,for,s,Negativity,0
a,a,s,Negativity,1
fool,fool,c,Negativity,2
.,.,s,Question,0
What,what,s,Question,1
Is,is,s,Question,2
that,that,s,,0
she,she,s,PersonPronoun,0
casts,casts,s,ReportingEvents,0
upon,upon,s,Immediacy,0
her,her,s,Immediacy,1
head,head,c,SenseObject,0
?,?,nnn,Question,0
That,that,s,Specifiers,0
Is,is,s,Specifiers,1
the,the,s,Specifiers,2
powder,powder,s,SenseObject,0
of,of,s,,0
a,a,s,,0
rotten,rotten,s,Negativity,0
post,post,c,AbstractConcepts,0
.,.,nnn,,0
A,a,s,,0
tale,tale,s,LangRef,0
of,of,s,LangRef,1
a,a,s,SenseObject,0
tub,tub,c,SenseObject,1
",",",",s,,0
the,the,s,,0
powder,powder,s,SenseObject,0
of,of,s,,0
a,a,s,,0
pudding,pudding,c,SenseObject,0
:,:,s,,0
will,will,s,PredictedFuture,0
you,you,s,DirectAddress,0
make,make,s,SelfDisclosure,0
me,me,s,SelfDisclosure,1
believe,believe,s,PrivateThinking,0
that,that,c,PrivateThinking,1
?,?,nnn,Question,0
Do,do,s,Intensity,0
thou,thou,s,DirectAddress,0
think,think,s,PrivateThinking,0
it,it,s,,0
so,so,s,,0
strange,strange,c,SubjectivePercept,0
?,?,s,Question,0
upon,upon,s,,0
my,my,s,FirstPer,0
credit,credit,s,StandardsPos,0
I,i,s,FirstPer,0
know,know,s,Confidence,0
some,some,s,ReportingStates,0
are,are,s,ReportingStates,1
spoken,spoken,s,SenseProperty,0
to,to,s,ProjectAhead,0
for,for,n,ProjectAhead,1
providing,providing,s,StandardsPos,0
such,such,s,Intensity,0
powder,powder,s,SenseObject,0
by,by,s,,0
Ladies,ladies,c,PersonProperty,0
.,.,s,,0
I,i,s,SelfDisclosure,0
am,am,s,SelfDisclosure,1
in,in,s,,0
earne^t,earne^t,c,UNRECOGNIZED,0
.,.,s,,0
I,i,s,Reassure,0
assure,assure,s,Reassure,1
you,you,s,Reassure,2
it,it,s,Intensity,0
is,is,s,Intensity,1
very,very,s,Intensity,2
common,common,nnn,AbstractConcepts,0
I,i,s,SelfDisclosure,0
think,think,s,SelfDisclosure,1
they,they,s,,0
be,be,s,ReportingStates,0
common,common,s,AbstractConcepts,0
indeed,indeed,s,Intensity,0
that,that,s,Confidence,0
be,be,s,Confidence,1
dressed,dressed,s,SenseProperty,0
with,with,s,SenseProperty,1
dust,dust,c,SenseObject,0
.,.,nnn,,0
Be,be,s,ReportingStates,0
she,she,s,PersonPronoun,0
what,what,s,PredictedFuture,0
she,she,s,PredictedFuture,1
will,will,s,PredictedFuture,2
in,in,s,,0
conditions,conditions,c,AbstractConcepts,0
",",",",s,,0
I,i,s,FirstPer,0
warrant,warrant,s,CommonAuthorities,0
thee,thee,s,DirectAddress,0
it,it,s,,0
is,is,s,ReportingStates,0
a,a,s,ReportingStates,1
woman,woman,s,PersonProperty,0
in,in,s,,0
sex,sex,c,AbstractConcepts,0
",",",",s,,0
or,or,n,,0
never,never,s,DenyDisclaim,0
trust,trust,s,Confidence,0
my,my,s,FirstPer,0
judgment,judgment,s,PrivateThinking,0
again,again,nnn,RecurringEvents,0
What,what,s,Question,0
Is,is,s,Question,1
that,that,s,,0
about,about,s,,0
her,her,s,PersonPronoun,0
neck,neck,c,SenseObject,0
?,?,s,Question,0
a,a,s,,0
pancake,pancake,c,SenseObject,0
",",",",s,,0
or,or,s,,0
a,a,s,,0
tanzie,tanzie,c,UNRECOGNIZED,0
?,?,nnn,Question,0
It,it,s,,0
Is,is,s,ReportingStates,0
a,a,s,ReportingStates,1
band,band,s,SenseObject,0
yellow,yellow,s,SenseProperty,0
starched,starched,c,SenseProperty,0
*,*,s,,0
how,how,s,Curiosity,0
can,can,s,Curiosity,1
thou,thou,s,DirectAddress,0
think,think,s,PrivateThinking,0
it,it,s,,0
to,to,s,GenericEvents,0
be,be,s,GenericEvents,1
a,a,s,,0
tanzie,tanzie,c,UNRECOGNIZED,0
?,?,nnn,Question,0
Because,because,s,ReasonBackward,0
it,it,s,SubjectivePercept,0
looks,looks,s,SubjectivePercept,1
so,so,s,,0
yellow,yellow,c,SenseProperty,0
.,.,s,,0
Marie,marie,s,UNRECOGNIZED,0
it,it,s,DenyDisclaim,0
is,is,s,DenyDisclaim,1
not,not,s,DenyDisclaim,2
so,so,s,DenyDisclaim,3
well,well,s,SenseObject,0
I,i,s,FirstPer,0
wish,wish,s,SubjectivePercept,0
it,it,s,,0
were,were,c,ProjectBack,0
",",",",s,ReasonForward,0
for,for,s,ReasonForward,1
then,then,s,Sequence,0
I,i,n,Sequence,1
would,would,s,Positivity,0
eat,eat,s,Positivity,1
it,it,s,Positivity,2
up,up,c,Positivity,3
",",",",s,ReasonForward,0
for,for,s,ReasonForward,1
I,i,s,ReasonForward,2
have,have,s,DenyDisclaim,0
not,not,s,DenyDisclaim,1
half,half,s,Numbers,0
dined,dined,nnn,ReportingEvents,0
No,no,c,DenyDisclaim,0
.,.,s,,0
twere,twere,s,UNRECOGNIZED,0
pity,pity,s,Sad,0
to,to,s,,0
devour,devour,s,Motions,0
her,her,c,PersonPronoun,0
*,*,s,,0
me,me,s,FirstPer,0
thinks,thinks,s,PrivateThinking,0
it,it,s,PrivateThinking,1
is,is,s,Intensity,0
a,a,s,Intensity,1
very,very,s,Intensity,2
pretty,pretty,s,Positivity,0
creature,creature,c,Positivity,1
.,.,nnn,Question,0
Do,do,s,Question,1
thou,thou,s,DirectAddress,0
like,like,s,SubjectivePercept,0
her,her,s,PersonPronoun,0
so,so,s,Intensity,0
well,well,c,Intensity,1
?,?,s,Question,0
I,i,s,Metadiscourse,0
Will,will,s,Metadiscourse,1
go,go,s,Metadiscourse,2
woo,woo,s,Positivity,0
her,her,c,Positivity,1
:,:,s,,0
she,she,s,Neutral_Attribution,0
has,has,s,Neutral_Attribution,1
no,no,s,DenyDisclaim,0
impediment,impediment,c,Resistance,0
",",",",s,Resistance,0
but,but,s,Resistance,1
I,i,n,FirstPer,0
may,may,s,Contingency,0
marie,marie,s,UNRECOGNIZED,0
her,her,c,PersonPronoun,0
",",",",s,Question,0
may,may,s,Question,1
I,i,s,Question,2
not,not,nnn,DenyDisclaim,0
Not,not,s,DenyDisclaim,0
that,that,s,DenyDisclaim,1
I,i,s,FirstPer,0
know,know,c,Confidence,0
",",",",s,,0
except,except,s,Exceptions,0
she,she,s,PersonPronoun,0
be,be,s,Disclosure,0
honest,honest,c,Disclosure,1
.,.,nnn,,0
Is,is,s,ReportingStates,0
that,that,s,ReportingStates,1
an,an,s,,0
impediment,impediment,c,Resistance,0
?,?,s,Question,0
nay,nay,c,OralCues,0
",",",",s,,0
the,the,s,,0
honester,honester,s,UNRECOGNIZED,0
the,the,s,Positivity,0
better,better,c,Positivity,1
.,.,s,,0
I,i,s,FirstPer,0
Will,will,s,PredictedFuture,0
to,to,s,PredictedFuture,1
her,her,s,PersonPronoun,0
instantly,instantly,c,Immediacy,0
.,.,s,,0
I,i,n,FirstPer,0
see,see,s,,0
no,no,s,DenyDisclaim,0
reason,reason,s,DenyDisclaim,1
but,but,s,Resistance,0
I,i,s,FirstPer,0
may,may,s,Contingency,0
fall,fall,s,Positivity,0
in,in,s,Positivity,1
love,love,s,Positivity,2
with,with,s,Positivity,3
her,her,s,PersonPronoun,0
on,on,s,SubjectiveTime,0
the,the,s,SubjectiveTime,1
sudden,sudden,c,SubjectiveTime,2
.,.,s,DirectAddress,0
And,and,s,DirectAddress,1
happy,happy,s,Positivity,0
is,is,n,ReportingStates,0
that,that,s,ReportingStates,1
wooing,wooing,s,Positivity,0
that,that,s,Specifiers,0
is,is,s,Specifiers,1
not,not,s,DenyDisclaim,0
long,long,s,DenyDisclaim,1
in,in,s,,0
doing,doing,c,GenericEvents,0
:,:,s,GenericEvents,1
but,but,s,Resistance,0
stay,stay,c,TimeDuration,0
",",",",s,,0
are,are,s,DirectAddress,0
you,you,s,DirectAddress,1
sure,sure,s,Confidence,0
she,she,s,Neutral_Attribution,0
is,is,s,Neutral_Attribution,1
a,a,s,Neutral_Attribution,2
woman,woman,c,PersonProperty,0
?,?,s,Question,0
I,i,n,SelfDisclosure,0
am,am,s,SelfDisclosure,1
in,in,s,Uncertainty,0
some,some,s,Uncertainty,1
doubt,doubt,c,Uncertainty,2
.,.,s,DirectAddress,0
And,and,s,DirectAddress,1
I,i,s,Autobio,0
would,would,s,Autobio,1
be,be,s,Autobio,2
very,very,s,Intensity,0
loath,loath,s,Negative_Relation,0
to,to,s,Negative_Relation,1
mary,mary,s,PersonProperty,0
her,her,s,PersonPronoun,0
except,except,s,Exceptions,0
she,she,s,PersonPronoun,0
prove,prove,s,Confidence,0
a,a,n,PersonProperty,0
woman,woman,nnn,PersonProperty,1
I,i,s,FirstPer,0
warrant,warrant,s,CommonAuthorities,0
thee,thee,s,DirectAddress,0
she,she,s,Neutral_Attribution,0
is,is,s,Neutral_Attribution,1
a,a,s,Neutral_Attribution,2
woman,woman,c,PersonProperty,0
.,.,s,Question,0
why,why,s,Question,1
should,should,s,Insist,0
thou,thou,s,DirectAddress,0
fear,fear,s,Fear,0
it,it,c,,0
?,?,nnn,Question,0
Have,have,s,Question,0
I,i,s,Question,1
not,not,s,DenyDisclaim,0
cause,cause,s,Cause,0
to,to,s,Cause,1
fear,fear,s,Fear,0
it,it,c,,0
?,?,s,Question,0
for,for,s,Contingency,0
if,if,s,Contingency,1
I,i,s,Insist,0
should,should,s,Insist,1
be,be,s,Insist,2
married,married,s,Biographical_Time,0
to,to,s,Biographical_Time,1
a,a,s,Negativity,0
beast,beast,c,Negativity,1
",",",",s,,0
or,or,s,,0
a,a,s,,0
jade,jade,c,SenseObject,0
",",",",n,,0
I,i,s,FirstPer,0
were,were,s,ProjectBack,0
utterly,utterly,s,Intensity,0
undone,undone,c,Negativity,0
.,.,s,Question,0
is,is,s,Question,1
it,it,s,Question,2
not,not,s,Negativity,0
good,good,s,Negativity,1
to,to,s,Negativity,0
be,be,s,Negativity,1
sure,sure,nnn,Negativity,2
Mistrust,mistrust,s,StandardsNeg,0
not,not,s,DenyDisclaim,0
that,that,c,DenyDisclaim,1
.,.,s,,0
thou,thou,s,DirectAddress,0
may,may,s,Contingency,0
know,know,s,Confidence,0
by,by,s,,0
her,her,s,PersonPronoun,0
speech,speech,s,LangRef,0
and,and,s,,0
voice,voice,s,,0
whether,whether,s,Contingency,0
she,she,s,PersonPronoun,0
be,be,s,ReportingStates,0
a,a,n,ReportingStates,1
woman,woman,s,PersonProperty,0
or,or,s,,0
no,no,nnn,DenyDisclaim,0
Cannot,cannot,s,DenyDisclaim,0
her,her,s,PersonPronoun,0
tongue,tongue,s,SenseObject,0
deceive,deceive,s,Anger,0
me,me,c,FirstPer,0
?,?,nnn,Question,0
Yes,yes,s,DirectAddress,0
like,like,s,SubjectivePercept,0
enough,enough,c,SubjectivePercept,1
",",",",s,Resistance,0
but,but,s,Resistance,1
not,not,s,DenyDisclaim,0
in,in,s,Example,0
this,this,s,Example,1
case,case,c,Example,2
",",",",s,,0
And,and,s,,0
if,if,s,Contingency,0
the,the,s,Contingency,1
worst,worst,s,Negativity,0
fall,fall,s,,0
you,you,s,DirectAddress,0
may,may,s,DirectAddress,1
easily,easily,n,Confidence,0
know,know,s,Confidence,0
the,the,s,Confidence,1
first,first,s,Sequence,0
night,night,s,Sequence,1
you,you,s,DirectAddress,0
I^e,i^e,s,UNRECOGNIZED,0
together,together,nnn,Inclusive,0
I,i,s,Acknowledge,0
thank,thank,s,Acknowledge,1
you,you,s,Acknowledge,2
for,for,s,DenyDisclaim,0
nothing,nothing,s,DenyDisclaim,1
when,when,s,Curiosity,0
it,it,s,Curiosity,1
is,is,s,Curiosity,2
too,too,s,Negativity,0
late,late,c,Negativity,1
.,.,nnn,Question,0
Why,why,s,Question,1
too,too,s,Negativity,0
late,late,c,Negativity,1
?,?,s,Question,0
thou,thou,s,DirectAddress,0
may,may,s,Contingency,0
be,be,s,Contingency,1
rid,rid,s,Resistance,0
of,of,s,Resistance,1
her,her,s,PersonPronoun,0
presently,presently,c,TimeShift,0
",",",",s,,0
and,and,s,,0
be,be,s,ReportingStates,0
parted,parted,s,Narrative_Verbs,0
the,the,s,Narrative_Verbs,1
next,next,s,PredictedFuture,0
day,day,c,PredictedFuture,1
.,.,nnn,,0
I,i,s,Contingency,0
could,could,s,Contingency,1
like,like,s,Specifiers,0
that,that,s,Specifiers,1
well,well,s,SubjectivePercept,0
enough,enough,s,SubjectivePercept,1
so,so,s,ReasonForward,0
that,that,s,ReasonForward,1
I,i,s,Autobio,0
had,had,s,Autobio,1
her,her,s,PersonPronoun,0
portion,portion,c,SenseObject,0
",",",",s,Resistance,0
but,but,s,Resistance,1
is,is,s,Resistance,2
there,there,s,,0
such,such,s,Specifiers,0
a,a,n,Specifiers,1
course,course,s,AbstractConcepts,0
to,to,s,GenericEvents,0
be,be,s,GenericEvents,1
taken,taken,c,ReportingStates,0
",",",",s,ReportingStates,1
that,that,s,,0
they,they,s,,0
cannot,cannot,s,DenyDisclaim,0
be,be,s,DenyDisclaim,1
tied,tied,s,ReportingEvents,0
so,so,s,SubjectiveTime,0
fast,fast,c,SubjectiveTime,1
",",",",s,Resistance,0
but,but,s,Resistance,1
they,they,s,,0
may,may,s,Contingency,0
easily,easily,s,Confidence,0
be,be,n,ReportingStates,0
undone,undone,nnn,Negativity,0
No,no,s,Confidence,0
question,question,s,Confidence,1
but,but,s,Resistance,0
the,the,s,,0
marriage,marriage,s,CommonAuthorities,0
is,is,s,ReportingStates,0
void,void,c,StandardsNeg,0
.,.,nnn,,0
That,that,s,Specifiers,0
Is,is,s,Specifiers,1
an,an,s,Specifiers,2
excellent,excellent,s,StandardsPos,0
trick,trick,c,SubjectivePercept,0
.,.,s,,0
I,i,s,FirstPer,0
wish,wish,s,SubjectivePercept,0
I,i,s,Autobio,0
had,had,s,Autobio,1
a,a,s,,0
grant,grant,s,CommonAuthorities,0
under,under,s,SpaceRelation,0
the,the,s,SpaceRelation,1
great,great,s,SenseObject,0
seal,seal,s,SenseObject,1
to,to,n,,0
vnmarrie,vnmarrie,s,UNRECOGNIZED,0
all,all,s,Generalization,0
those,those,s,Generalization,1
that,that,s,ProjectAhead,0
would,would,s,ProjectAhead,1
feign,feign,s,SubjectivePercept,0
be,be,s,ReportingStates,0
parted,parted,c,ReportingStates,0
.,.,s,ReportingStates,1
I,i,s,SelfDisclosure,0
would,would,s,SelfDisclosure,1
purchase,purchase,s,ReportingEvents,0
Lordships,lordships,c,CommonAuthorities,0
",",",",n,,0
Towns,towns,c,SpaceRelation,0
",",",",s,,0
and,and,s,,0
Countries,countries,nnn,AbstractConcepts,0
If,if,s,Contingency,0
you,you,s,DirectAddress,0
had,had,c,DirectAddress,1
",",",",s,Resistance,0
yet,yet,s,Resistance,1
must,must,s,DirectAddress,0
you,you,s,DirectAddress,1
use,use,s,ReportingEvents,0
discretion,discretion,s,Contingency,0
in,in,s,,0
it,it,c,,0
",",",",s,,0
and,and,s,,0
devide,devide,s,UNRECOGNIZED,0
none,none,s,DenyDisclaim,0
but,but,s,Resistance,0
such,such,s,Specifiers,0
as,as,s,Specifiers,1
are,are,n,Intensity,0
indeed,indeed,s,Intensity,1
no,no,s,DenyDisclaim,0
marriages,marriages,s,CommonAuthorities,0
at,at,s,Sequence,0
first,first,c,Sequence,1
",",",",s,Resistance,0
but,but,s,Resistance,1
had,had,s,ProjectBack,0
impediments,impediments,s,Resistance,0
not,not,s,DenyDisclaim,0
dispensable,dispensable,c,DenyDisclaim,1
.,.,s,,0
Otherwise,otherwise,n,Contingency,0
you,you,s,DirectAddress,0
might,might,s,DirectAddress,1
be,be,s,ReportingStates,0
cause,cause,s,Cause,0
of,of,s,Cause,1
great,great,s,Intensity,0
sin,sin,c,StandardsNeg,0
",",",",s,,0
and,and,s,,0
inconvenien,inconvenien,c,UNRECOGNIZED,0
^^,^^,c,UNRECOGNIZED,0
.,.,s,,0
You,you,s,Insist,0
must,must,s,Insist,1
examine,examine,s,Curiosity,0
the,the,n,Support,0
reasons,reasons,c,Support,1
",",",",s,,0
and,and,s,,0
proceed,proceed,s,Sequence,0
iudiciallie,iudiciallie,c,UNRECOGNIZED,0
",",",",s,,0
before,before,s,Sequence,0
you,you,s,DirectAddress,0
sever,sever,s,ReportingEvents,0
them,them,s,ReportingEvents,1
rashly,rashly,nnn,Negativity,0
Never,never,s,DenyDisclaim,0
tell,tell,s,Citations,0
me,me,c,Citations,1
",",",",s,,0
let,let,s,ReportingEvents,0
them,them,s,ReportingEvents,1
look,look,s,ProjectAhead,0
to,to,s,ProjectAhead,1
that,that,s,,0
at,at,s,,0
their,their,s,Negativity,0
own,own,s,Negativity,1
peril,peril,c,Negativity,2
.,.,s,,0
It,it,s,ProjectAhead,0
would,would,s,ProjectAhead,1
take,take,s,ProjectAhead,2
up,up,n,,0
too,too,s,Negativity,0
much,much,s,Negativity,1
time,time,s,Negativity,2
if,if,s,Contingency,0
there,there,s,Contingency,1
came,came,s,ReportingEvents,0
to,to,s,SelfDisclosure,0
me,me,c,SelfDisclosure,1
^,^,s,UNRECOGNIZED,0
but,but,s,Resistance,0
100,100,s,Numbers,0
in,in,s,TimeDuration,0
a,a,s,TimeDuration,1
day,day,s,TimeDuration,2
to,to,s,Curiosity,0
examine,examine,s,Curiosity,1
them,them,s,,0
all,all,c,Inclusive,0
.,.,s,Inclusive,1
No,no,c,DenyDisclaim,0
.,.,n,,0
no,no,c,DenyDisclaim,0
.,.,s,,0
if,if,s,Contingency,0
they,they,s,Contingency,1
were,were,s,Contingency,2
willing,willing,s,ProjectAhead,0
to,to,s,ProjectAhead,1
be,be,s,ReportingStates,0
sundred,sundred,c,UNRECOGNIZED,0
",",",",s,,0
I,i,s,SelfDisclosure,0
would,would,s,SelfDisclosure,1
uncouple,uncouple,s,ReportingEvents,0
them,them,c,,0
:,:,s,,0
let,let,s,ReportingEvents,0
them,them,s,ReportingEvents,1
range,range,n,,0
afterward,afterward,s,Sequence,0
which,which,s,,0
way,way,s,AbstractConcepts,0
they,they,s,,0
will,will,s,SubjectivePercept,0
for,for,s,SubjectivePercept,1
me,me,c,FirstPer,0
.,.,s,OralCues,0
Well,well,s,OralCues,1
upon,upon,s,,0
thy,thy,s,DirectAddress,0
word,word,s,LangRef,0
that,that,s,,0
I,i,s,FirstPer,0
may,may,s,Contingency,0
be,be,n,Contingency,1
livorced,livorced,s,UNRECOGNIZED,0
from,from,s,,0
her,her,s,PersonPronoun,0
if,if,s,Contingency,0
she,she,s,Contingency,1
prove,prove,s,Confidence,0
not,not,s,DenyDisclaim,0
a,a,s,DenyDisclaim,1
certain,certain,s,Confidence,0
woman,woman,s,PersonProperty,0
I,i,s,FirstPer,0
Will,will,s,PredictedFuture,0
upon,upon,s,Immediacy,0
her,her,s,Immediacy,1
whatsoever,whatsoever,s,Intensity,0
she,she,n,PersonPronoun,0
be,be,c,ReportingStates,0
.,.,s,DirectAddress,0
And,and,s,DirectAddress,1
I,i,s,FirstPer,0
Will,will,s,PredictedFuture,0
catch,catch,s,ReportingEvents,0
her,her,s,PersonPronoun,0
upon,upon,s,,0
a,a,s,SubjectiveTime,0
sudden,sudden,s,SubjectiveTime,1
for,for,s,Fear,0
fear,fear,s,Fear,1
least,least,s,Comparison,0
it,it,s,Contingency,0
be,be,s,Contingency,1
a,a,s,SenseObject,0
dog,dog,s,SenseObject,1
and,and,s,,0
bite,bite,s,Motions,0
me,me,nnn,FirstPer,0
A,a,s,Specifiers,0
way,way,s,Specifiers,1
cocks-combe,cocks-combe,c,UNRECOGNIZED,0
.,.,s,,0
I,i,s,SelfDisclosure,0
am,am,s,SelfDisclosure,1
ashamed,ashamed,s,Sad,0
on,on,s,,0
thee,thee,c,DirectAddress,0
:,:,s,,0
come,come,s,SceneShift,0
back,back,c,SceneShift,1
",",",",s,,0
what,what,s,Question,0
do,do,s,Question,1
thou,thou,s,DirectAddress,0
mean,mean,c,,0
?,?,nnn,Question,0
O,o,s,LangRef,0
that,that,s,,0
same,same,s,Comparison,0
is,is,s,Intensity,0
a,a,s,Intensity,1
very,very,s,Intensity,2
suspicious,suspicious,s,Negativity,0
head,head,c,SenseObject,0
.,.,s,,0
I,i,s,Fear,0
am,am,s,Fear,1
afraid,afraid,s,Fear,2
of,of,s,Fear,3
it,it,c,,0
.,.,nnn,,0
Afraid,afraid,s,Fear,0
of,of,s,Fear,1
a,a,s,Negativity,0
dead,dead,s,Negativity,1
dog,dog,c,SenseObject,0
?,?,s,Question,0
what,what,s,,0
a,a,s,,0
cowardly,cowardly,s,Anger,0
thing,thing,s,Uncertainty,0
is,is,s,ReportingStates,0
that,that,c,ReportingStates,1
?,?,nnn,Question,0
A,a,s,Negativity,0
dead,dead,s,Negativity,1
dog,dog,c,SenseObject,0
?,?,s,Question,0
marry,marry,s,Positivity,0
perhaps,perhaps,s,Uncertainty,0
the,the,s,SenseObject,0
hair,hair,s,SenseObject,1
is,is,s,Immediacy,0
upon,upon,s,Immediacy,1
^,^,s,UNRECOGNIZED,0
cu^ster,cu^ster,s,UNRECOGNIZED,0
snapper,snapper,s,SenseObject,0
then,then,s,,0
the,the,n,,0
right,right,s,,0
owner,owner,s,PersonProperty,0
was,was,nnn,ProjectBack,0
Be,be,s,ReportingStates,0
ruled,ruled,s,ReportingEvents,0
by,by,s,Cause,0
me,me,c,Cause,1
;,;,s,,0
I,i,s,FirstPer,0
Will,will,s,PredictedFuture,0
stand,stand,s,ReportingStates,0
between,between,s,ReportingStates,1
thee,thee,s,DirectAddress,0
and,and,s,,0
al,al,s,,0
dangers,dangers,c,Fear,0
.,.,s,Imperative,0
go,go,s,Imperative,1
orderly,orderly,s,StandardsPos,0
to,to,s,PersonPronoun,0
her,her,c,PersonPronoun,1
",",",",s,,0
take,take,n,ReportingEvents,0
her,her,s,ReportingEvents,1
by,by,s,,0
the,the,s,,0
right,right,s,AbstractConcepts,0
hand,hand,s,AbstractConcepts,1
as,as,s,Resemblances,0
if,if,s,Resemblances,1
thou,thou,s,DirectAddress,0
would,would,s,ProjectBack,0
dance,dance,s,Motions,0
with,with,s,Motions,1
he,he,c,PersonPronoun,0
.,.,s,,0
He,he,s,PersonPronoun,0
daunceth,daunceth,s,UNRECOGNIZED,0
toward,toward,s,,0
her,her,n,PersonPronoun,0
and,and,s,,0
sings,sings,nnn,Motions,0
Hey,hey,s,OralCues,0
niny,niny,c,UNRECOGNIZED,0
.,.,s,,0
nony,nony,s,UNRECOGNIZED,0
no,no,c,DenyDisclaim,0
.,.,s,,0
Hey,hey,s,OralCues,0
niny,niny,s,UNRECOGNIZED,0
n,n,c,LangRef,0
^,^,c,UNRECOGNIZED,0
.,.,s,,0
Hey,hey,s,OralCues,0
noniny,noniny,s,UNRECOGNIZED,0
nonin,nonin,c,UNRECOGNIZED,0
^,^,c,UNRECOGNIZED,0
*,*,s,,0
Hey,hey,s,OralCues,0
ninyno,ninyno,c,UNRECOGNIZED,0
.,.,s,ReasonForward,0
So,so,s,ReasonForward,1
he,he,s,PersonPronoun,0
daunces,daunces,n,UNRECOGNIZED,0
toward,toward,s,,0
her,her,nnn,PersonPronoun,0
What,what,s,,0
a,a,s,PersonProperty,0
fellow,fellow,s,PersonProperty,1
art,art,s,AbstractConcepts,0
thou,thou,c,DirectAddress,0
?,?,s,Question,0
a,a,s,,0
Courtier,courtier,c,PersonProperty,0
?,?,s,Question,0
a,a,s,,0
Cowdriuer,cowdriuer,c,UNRECOGNIZED,0
",",",",s,,0
come,come,s,ReportingEvents,0
hither,hither,s,SpaceRelation,0
once,once,s,RecurringEvents,0
again,again,c,RecurringEvents,1
.,.,s,Question,0
Do,do,n,Question,1
thou,thou,s,DirectAddress,0
think,think,s,ProjectAhead,0
to,to,s,ProjectAhead,1
speed,speed,s,AbstractConcepts,0
and,and,s,,0
go,go,s,ReportingEvents,0
about,about,s,ReportingEvents,1
It,it,s,,0
so,so,s,,0
like,like,s,Resemblances,0
a,a,s,Resemblances,1
Clown,clown,c,PersonProperty,0
*,*,s,,0
Thou,thou,s,DirectAddress,0
must,must,s,Insist,0
woo,woo,s,Positivity,0
her,her,c,Positivity,1
",",",",s,,0
as,as,n,DirectAddress,0
you,you,s,DirectAddress,1
court,court,s,AbstractConcepts,0
your,your,s,DirectAddress,0
ladies,ladies,s,PersonProperty,0
in,in,s,SpaceRelation,0
the,the,s,SpaceRelation,1
palace,palace,nnn,SpaceRelation,2
O,o,c,LangRef,0
",",",",s,,0
must,must,s,Insist,0
I,i,s,FirstPer,0
so,so,c,,0
?,?,s,Question,0
I,i,s,SelfDisclosure,0
thought,thought,s,SelfDisclosure,1
she,she,s,Biographical_Time,0
had,had,s,Biographical_Time,1
been,been,s,Biographical_Time,2
a,a,s,Biographical_Time,3
country,country,s,AbstractConcepts,0
gentlewoman,gentlewoman,c,PersonProperty,0
",",",",s,,0
and,and,s,,0
that,that,s,,0
the,the,n,Comparison,0
more,more,s,Comparison,1
plainly,plainly,s,Confidence,0
I,i,s,Autobio,0
had,had,s,Autobio,1
dealt,dealt,c,ReportingStates,0
",",",",s,ReportingStates,1
the,the,s,Positivity,0
better,better,s,Positivity,1
she,she,s,Biographical_Time,0
would,would,s,Biographical_Time,1
like,like,s,SubjectivePercept,0
me,me,c,FirstPer,0
.,.,s,Resistance,0
But,but,s,Resistance,1
all,all,s,Positivity,0
is,is,s,Positivity,1
well,well,s,Positivity,2
enough,enough,n,SubjectivePercept,0
yet,yet,c,Resistance,0
",",",",s,ReasonForward,0
for,for,s,ReasonForward,1
no,no,s,DenyDisclaim,0
body,body,s,SenseObject,0
saw,saw,s,SpaceRelation,0
me,me,nnn,SpaceRelation,1
Thou,thou,s,DirectAddress,0
art,art,s,AbstractConcepts,0
deceived,deceived,s,Anger,0
in,in,s,Specifiers,0
that,that,c,Specifiers,1
:,:,s,,0
for,for,s,,0
they,they,s,ReportingStates,0
are,are,s,ReportingStates,1
as,as,s,,0
fine,fine,s,Positivity,0
and,and,s,,0
^,^,c,UNRECOGNIZED,0
urious,urious,s,UNRECOGNIZED,0
as,as,s,Comparison,0
any,any,s,Comparison,1
Lady,lady,s,PersonProperty,0
in,in,n,CommonAuthorities,0
Court,court,c,CommonAuthorities,1
",",",",s,Concessive,0
though,though,s,Concessive,1
they,they,s,,0
be,be,s,ReportingStates,0
not,not,s,DenyDisclaim,0
proud,proud,s,StandardsPos,0
a,a,s,,0
whit,whit,nnn,AbstractConcepts,0
Is,is,s,Question,0
It,it,s,Question,1
so,so,c,,0
?,?,s,Question,0
well,well,c,OralCues,0
",",",",s,OralCues,1
then,then,s,Sequence,0
I,i,s,Sequence,1
can,can,s,Contingency,0
fit,fit,s,ReportingEvents,0
her,her,c,ReportingEvents,1
",",",",s,,0
she,she,s,PersonPronoun,0
shall,shall,s,ProjectAhead,0
have,have,s,,0
courting,courting,s,Positivity,0
enough,enough,c,SubjectivePercept,0
.,.,s,DirectAddress,0
And,and,s,DirectAddress,1
I,i,s,SelfDisclosure,0
am,am,n,SelfDisclosure,1
glad,glad,s,Positivity,0
you,you,s,DirectAddress,0
tell,tell,s,Citations,0
me,me,s,Citations,1
of,of,s,,0
it,it,c,,0
;,;,s,,0
for,for,s,,0
I,i,s,Autobio,0
was,was,s,Autobio,1
in,in,s,Disclosure,0
earnest,earnest,s,Disclosure,1
to,to,s,,0
have,have,s,,0
loved,loved,s,Positivity,0
her,her,s,PersonPronoun,0
beyond,beyond,s,Intensity,0
measure,measure,c,Intensity,1
",",",",n,ReasonForward,0
and,and,s,ReasonForward,1
so,so,s,ReasonForward,2
might,might,s,Contingency,0
have,have,s,Contingency,1
fallen,fallen,s,ReportingEvents,0
mad,mad,c,Negativity,0
",",",",s,,0
and,and,s,,0
marred,marred,s,Negativity,0
all,all,c,,0
:,:,s,,0
but,but,s,Immediacy,0
now,now,s,Immediacy,1
I,i,s,Metadiscourse,0
Will,will,s,Metadiscourse,1
do,do,s,Metadiscourse,2
even,even,s,Resistance,0
as,as,s,Resistance,1
we,we,s,,0
do,do,n,Intensity,0
at,at,s,,0
Court,court,c,AbstractConcepts,0
",",",",s,,0
make,make,s,ReportingEvents,0
many,many,s,,0
shows,shows,s,ReportingEvents,0
of,of,s,StandardsPos,0
love,love,s,StandardsPos,1
and,and,s,,0
service,service,c,StandardsPos,0
",",",",s,,0
and,and,s,,0
intend,intend,s,ProjectAhead,0
nothing,nothing,s,DenyDisclaim,0
less,less,c,Comparison,0
.,.,s,Resistance,0
But,but,n,Resistance,1
yet,yet,s,Resistance,0
thus,thus,s,ReasonForward,0
honestly,honestly,s,Intensity,0
I,i,s,FirstPer,0
Will,will,s,PredictedFuture,0
deal,deal,s,ReportingEvents,0
with,with,s,ReportingEvents,1
this,this,s,,0
woman,woman,s,PersonProperty,0
(,(,c,,0
because,because,s,ReasonBackward,0
she,she,s,Neutral_Attribution,0
is,is,s,Neutral_Attribution,1
a,a,s,Neutral_Attribution,2
stranger,stranger,c,PersonProperty,0
),),s,,0
that,that,n,,0
if,if,s,Contingency,0
I,i,s,FirstPer,0
love,love,s,Positivity,0
her,her,c,PersonPronoun,0
",",",",s,,0
and,and,s,,0
like,like,s,SubjectivePercept,0
her,her,c,PersonPronoun,0
",",",",s,,0
I,i,s,FirstPer,0
Will,will,s,PredictedFuture,0
love,love,s,Positivity,0
her,her,s,PersonPronoun,0
until,until,s,TimeDuration,0
I,i,s,TimeDuration,1
leave,leave,s,SceneShift,0
her,her,c,SceneShift,1
.,.,s,OralCues,0
Well,well,c,OralCues,1
",",",",s,OralCues,2
it,it,s,Insist,0
is,is,s,Insist,1
time,time,s,Insist,2
to,to,n,Insist,3
be,be,s,GenericEvents,0
doing,doing,c,GenericEvents,1
",",",",s,ReasonForward,0
for,for,s,ReasonForward,1
my,my,s,Positivity,0
love,love,s,Positivity,1
begins,begins,s,Sequence,0
to,to,s,Sequence,1
cool,cool,s,,0
very,very,s,SubjectiveTime,0
fast,fast,c,SubjectiveTime,1
:,:,s,,0
I,i,s,Insist,0
must,must,s,Insist,1
kindle,kindle,s,ReportingEvents,0
it,it,s,,0
again,again,c,RecurringEvents,0
.,.,nnn,,0
Indeed,indeed,s,Intensity,0
Sir,sir,c,PersonProperty,0
",",",",s,,0
it,it,s,PrivateThinking,0
seems,seems,s,PrivateThinking,1
you,you,s,DirectAddress,0
have,have,s,DirectAddress,1
been,been,s,ProjectBack,0
well,well,s,SenseObject,0
bred,bred,c,ReportingEvents,0
",",",",s,,0
else,else,s,Contingency,0
you,you,s,DirectAddress,0
had,had,s,DirectAddress,1
never,never,s,DenyDisclaim,0
grown,grown,s,ReportingEvents,0
to,to,n,,0
this,this,s,,0
stature,stature,nnnnnn,SenseProperty,0
Nay,nay,s,OralCues,0
first,first,s,Sequence,0
I,i,s,Autobio,0
had,had,s,Autobio,1
need,need,s,Insist,0
to,to,s,Insist,1
answer,answer,s,Insist,2
your,your,s,DirectAddress,0
complaint,complaint,s,Negative_Relation,0
to,to,s,DirectAddress,0
your,your,s,DirectAddress,1
friend,friend,c,StandardsPos,0
",",",",s,,0
that,that,s,,0
I,i,s,SelfDisclosure,0
am,am,s,SelfDisclosure,1
so,so,n,,0
cursed,cursed,s,ReportingEvents,0
and,and,s,,0
churlish,churlish,c,Negative_Relation,0
.,.,s,Question,0
What,what,s,Question,1
uncivil,uncivil,s,Negativity,0
term,term,s,AbstractConcepts,0
did,did,s,Question,0
I,i,s,Question,1
give,give,c,,0
",",",",s,,0
deserving,deserving,s,StandardsPos,0
so,so,s,,0
sharp,sharp,s,SenseProperty,0
a,a,n,,0
censure,censure,c,,0
?,?,s,Question,0
women,women,s,PersonProperty,0
know,know,s,Uncertainty,0
not,not,s,Uncertainty,1
how,how,s,Uncertainty,2
to,to,s,,0
speak,speak,c,ReportingEvents,0
.,.,s,,0
If,if,s,Contingency,0
merrily,merrily,c,Positivity,0
",",",",s,,0
then,then,s,,0
our,our,s,Inclusive,0
jest,jest,s,Positivity,0
is,is,s,CommonAuthorities,0
termed,termed,n,CommonAuthorities,1
s^offing,s^offing,c,UNRECOGNIZED,0
",",",",s,,0
and,and,s,,0
quipping,quipping,c,Positivity,0
.,.,s,,0
I,i,c,FirstPer,0
^,^,s,UNRECOGNIZED,0
soberly,soberly,c,Intensity,0
",",",",s,,0
then,then,s,,0
our,our,s,StandardsPos,0
modesty,modesty,s,StandardsPos,1
is,is,s,ReportingStates,0
counted,counted,s,ReportingEvents,0
coyness,coyness,c,SubjectivePercept,0
",",",",s,,0
and,and,n,,0
want,want,s,ProjectAhead,0
of,of,s,,0
courtesy,courtesy,c,Positivity,0
.,.,s,ReasonForward,0
So,so,s,ReasonForward,1
that,that,s,,0
unless,unless,s,Contingency,0
we,we,s,,0
say,say,s,DenyDisclaim,0
nothing,nothing,c,DenyDisclaim,1
",",",",s,,0
we,we,s,,0
commit,commit,s,ReportingEvents,0
error,error,c,StandardsNeg,0
.,.,s,DirectAddress,0
And,and,s,DirectAddress,1
yet,yet,n,Resistance,0
silence,silence,s,SenseProperty,0
is,is,s,DenyDisclaim,0
not,not,s,DenyDisclaim,1
clee^e,clee^e,c,UNRECOGNIZED,0
:,:,s,,0
for,for,s,,0
then,then,s,Sequence,0
are,are,s,Sequence,1
we,we,s,,0
sheep,sheep,s,SenseObject,0
(,(,s,,0
alias,alias,c,Specifiers,0
),),s,,0
fools,fools,nnn,Negativity,0
How,how,s,Confront,0
could,could,s,Confront,1
you,you,s,Confront,2
hear,hear,s,SpaceRelation,0
what,what,s,Citations,0
I,i,s,Citations,1
said,said,s,Citations,2
to,to,s,PersonPronoun,0
him,him,c,PersonPronoun,1
",",",",s,ReasonForward,0
since,since,s,ReasonForward,1
I,i,s,FirstPer,0
turned,turned,s,ReportingEvents,0
my,my,s,FirstPer,0
mouth,mouth,s,SenseObject,0
from,from,s,DirectAddress,0
you,you,c,DirectAddress,1
?,?,nnn,Question,0
But,but,s,Resistance,0
you,you,s,DirectAddress,0
turned,turned,s,ReportingEvents,0
not,not,s,DenyDisclaim,0
mine,mine,s,FirstPer,0
ears,ears,s,SenseObject,0
from,from,s,DirectAddress,0
your,your,s,DirectAddress,1
mouth,mouth,c,SenseObject,0
.,.,nnn,,0
Pardon,pardon,s,Positivity,0
this,this,s,,0
fault,fault,s,StandardsNeg,0
good,good,s,,0
Lady,lady,c,PersonProperty,0
.,.,s,,0
I,i,s,FirstPer,0
will,will,s,PredictedFuture,0
be,be,s,PredictedFuture,1
more,more,s,Comparison,0
careful,careful,s,StandardsPos,0
hereafter,hereafter,c,ProjectAhead,0
.,.,nnn,,0
No,no,s,Confidence,0
doubt,doubt,s,Confidence,1
you,you,s,DirectAddress,0
will,will,c,PredictedFuture,0
:,:,s,,0
to,to,s,,0
have,have,s,Cause,0
me,me,s,Cause,1
further,further,s,AbstractConcepts,0
off,off,s,,0
when,when,s,DirectAddress,0
you,you,s,DirectAddress,1
say,say,s,DirectAddress,2
the,the,s,Negativity,0
worst,worst,c,Negativity,1
.,.,nnn,,0
I,i,s,SelfDisclosure,0
mean,mean,s,SelfDisclosure,1
not,not,s,Resistance,0
so,so,c,Resistance,1
.,.,s,Resistance,0
but,but,s,Resistance,1
rather,rather,s,Resistance,0
to,to,s,,0
speak,speak,s,ReportingEvents,0
the,the,s,StandardsPos,0
best,best,s,StandardsPos,1
of,of,s,StandardsPos,2
you,you,s,DirectAddress,0
in,in,s,Generalization,0
all,all,s,Generalization,1
places,places,s,Generalization,2
and,and,n,,0
companies,companies,s,AbstractConcepts,0
as,as,s,DirectAddress,0
your,your,s,DirectAddress,1
merits,merits,s,StandardsPos,0
(,(,c,,0
I,i,s,FirstPer,0
know,know,c,Confidence,0
),),s,,0
will,will,s,PredictedFuture,0
enforce,enforce,s,CommonAuthorities,0
me,me,nnn,FirstPer,0
Nothing,nothing,s,DenyDisclaim,0
comes,comes,s,Transformation,0
from,from,s,Transformation,1
you,you,s,DirectAddress,0
(,(,c,,0
I,i,s,FirstPer,0
see,see,s,,0
then,then,c,,0
),),s,,0
but,but,s,Resistance,0
by,by,s,,0
constraint,constraint,c,Resistance,0
.,.,nnn,,0
O,o,s,LangRef,0
that,that,s,DirectAddress,0
you,you,s,DirectAddress,1
would,would,s,ProjectBack,0
give,give,s,ReportingEvents,0
over,over,s,ReportingEvents,1
rebuking,rebuking,c,Negative_Relation,0
",",",",s,,0
no,no,s,DenyDisclaim,0
man,man,s,DenyDisclaim,1
shall,shall,s,ProjectAhead,0
reform,reform,s,SubjectivePercept,0
himself,himself,s,SubjectivePercept,1
before,before,s,Sequence,0
me,me,c,FirstPer,0
.,.,n,Imperative,0
Forgive,forgive,s,Imperative,1
what,what,s,Question,0
is,is,s,Question,1
past,past,c,AbstractConcepts,0
.,.,s,,0
If,if,s,Contingency,0
I,i,s,FirstPer,0
offend,offend,s,Anger,0
again,again,c,RecurringEvents,0
",",",",s,,0
deny,deny,s,Repair_Citation,0
me,me,s,FirstPer,0
all,all,s,,0
favor,favor,nnn,Positivity,0
Tell,tell,s,,0
them,them,s,,0
I,i,s,FirstPer,0
will,will,s,PredictedFuture,0
come,come,s,PredictedFuture,1
anon,anon,c,ProjectAhead,0
.,.,nn,,0
Sir,sir,c,PersonProperty,0
",",",",s,,0
it,it,s,,0
is,is,s,Resistance,0
against,against,s,Resistance,1
nature,nature,s,AbstractConcepts,0
to,to,s,,0
remit,remit,s,ReportingEvents,0
injuries,injuries,c,StandardsNeg,0
",",",",s,,0
therefore,therefore,s,ReasonForward,0
your,your,s,DirectAddress,0
request,request,s,Request,0
is,is,n,ReportingStates,0
unreasonable,unreasonable,c,StandardsNeg,0
.,.,s,Exceptions,0
But,but,s,Exceptions,1
for,for,s,Exceptions,2
his,his,s,Exceptions,3
sake,sake,s,SenseObject,0
that,that,s,,0
gave,gave,s,Narrative_Verbs,0
the,the,s,Narrative_Verbs,1
counsel,counsel,c,PersonProperty,0
",",",",s,,0
I,i,s,FirstPer,0
will,will,s,SubjectivePercept,0
for,for,s,SubjectivePercept,1
give,give,s,,0
my,my,n,FirstPer,0
greatest,greatest,s,Comparison,0
enemies,enemies,c,Negativity,0
:,:,s,,0
yet,yet,s,Resistance,0
you,you,s,Insist,0
must,must,s,Insist,1
know,know,s,Insist,2
it,it,s,,0
is,is,s,ReportingStates,0
lawful,lawful,s,StandardsPos,0
to,to,s,,0
reprehend,reprehend,s,Negative_Relation,0
your,your,n,DirectAddress,0
misdemeanors,misdemeanors,nnnnnn,StandardsNeg,0
You,you,s,DirectAddress,0
that,that,s,,0
content,content,s,AbstractConcepts,0
your,your,s,DirectAddress,0
self,self,s,SubjectivePercept,0
with,with,s,DenyDisclaim,0
no,no,s,DenyDisclaim,1
habitation,habitation,s,SenseObject,0
but,but,s,Resistance,0
a,a,s,,0
Princes,princes,s,PersonProperty,0
Palace,palace,c,SenseObject,0
",",",",s,,0
and,and,s,,0
will,will,n,PredictedFuture,0
serve,serve,s,ReportingEvents,0
no,no,s,Comparison,0
less,less,s,Comparison,1
creature,creature,s,SenseObject,0
then,then,s,,0
Caesar,caesar,c,,0
:,:,s,,0
that,that,s,DenyDisclaim,0
no,no,s,DenyDisclaim,1
sooner,sooner,s,Comparison,0
pass,pass,s,ReportingEvents,0
the,the,s,,0
Porters,porters,s,PersonProperty,0
lodge,lodge,c,Motions,0
",",",",n,Resistance,0
but,but,s,Resistance,1
li^t,li^t,s,UNRECOGNIZED,0
up,up,s,DirectAddress,0
your,your,s,DirectAddress,1
legs,legs,s,SenseObject,0
and,and,s,,0
lips,lips,c,SenseObject,0
",",",",s,,0
as,as,s,Resemblances,0
if,if,s,Resemblances,1
you,you,s,DirectAddress,0
had,had,s,DirectAddress,1
commission,commission,s,CommonAuthorities,0
to,to,s,,0
control,control,s,ReportingEvents,0
the,the,n,ReportingEvents,1
country,country,c,AbstractConcepts,0
",",",",s,,0
to,to,s,,0
breathe,breathe,s,Motions,0
nurture,nurture,s,StandardsPos,0
from,from,s,DirectAddress,0
your,your,s,DirectAddress,1
nostrils,nostrils,c,SenseObject,0
",",",",s,,0
and,and,s,,0
be,be,s,ReportingStates,0
patron,patron,s,PersonProperty,0
to,to,s,,0
poor,poor,n,Negativity,0
people,people,c,PersonProperty,0
:,:,s,,0
whose,whose,s,PersonPronoun,0
gate,gate,s,SenseObject,0
and,and,s,,0
gesture,gesture,s,Motions,0
give,give,s,,0
testimony,testimony,s,CommonAuthorities,0
to,to,s,DirectAddress,0
your,your,s,DirectAddress,1
hearts,hearts,s,SenseObject,0
haughtiness,haughtiness,c,Negativity,0
:,:,s,,0
and,and,n,,0
whose,whose,s,PersonPronoun,0
countenance,countenance,s,SenseObject,0
must,must,s,Insist,0
outface,outface,s,SpaceRelation,0
all,all,s,,0
encounterers,encounterers,c,UNRECOGNIZED,0
",",",",s,,0
how,how,s,Confront,0
could,could,s,Confront,1
you,you,s,Confront,2
be,be,s,Confront,3
so,so,s,Confront,4
grossly,grossly,n,Negativity,0
ouer-shot,ouer-shot,c,UNRECOGNIZED,0
",",",",s,,0
as,as,s,Specifiers,0
to,to,s,Specifiers,1
cast,cast,s,ReportingEvents,0
your,your,s,DirectAddress,0
self,self,s,SubjectivePercept,0
unacquainted,unacquainted,c,Uncertainty,0
",",",",s,,0
vnfriended,vnfriended,s,UNRECOGNIZED,0
vncommended,vncommended,c,UNRECOGNIZED,0
",",",",s,,0
and,and,n,,0
vnpresented,vnpresented,s,UNRECOGNIZED,0
into,into,s,Transformation,0
the,the,s,Transformation,1
company,company,s,AbstractConcepts,0
of,of,s,AbstractConcepts,1
a,a,s,,0
gentlewoman,gentlewoman,s,PersonProperty,0
of,of,s,,0
fashion,fashion,nnn,SenseObject,0
I,i,s,FirstPer,0
cry,cry,s,Motions,0
you,you,s,DirectAddress,0
mercy,mercy,c,StandardsPos,0
.,.,s,,0
Of,of,s,Curiosity,0
what,what,s,Curiosity,1
fashion,fashion,s,SenseObject,0
are,are,s,DirectAddress,0
you,you,s,DirectAddress,1
that,that,s,,0
I,i,s,FirstPer,0
might,might,s,Contingency,0
not,not,s,DenyDisclaim,0
do,do,s,DenyDisclaim,1
as,as,s,SelfDisclosure,0
I,i,s,SelfDisclosure,1
did,did,n,Negativity,0
without,without,s,Negativity,1
offense,offense,nnn,SubjectivePercept,0
Why,why,s,Question,0
Sir,sir,c,PersonProperty,0
?,?,s,Question,0
are,are,s,DirectAddress,0
you,you,s,DirectAddress,1
a,a,s,,0
courtier,courtier,c,PersonProperty,0
?,?,s,Question,0
and,and,s,,0
ask,ask,s,Request,0
of,of,s,Request,1
what,what,s,,0
fashion,fashion,s,SenseObject,0
I,i,s,SelfDisclosure,0
am,am,c,SelfDisclosure,1
?,?,s,Question,0
do,do,s,DirectAddress,0
you,you,s,DirectAddress,1
not,not,s,DenyDisclaim,0
see,see,n,DenyDisclaim,1
that,that,s,,0
I,i,s,SelfDisclosure,0
am,am,s,SelfDisclosure,1
of,of,s,SelfDisclosure,2
the,the,s,SelfDisclosure,3
newest,newest,c,Updates,0
",",",",s,,0
and,and,s,,0
^,^,c,UNRECOGNIZED,0
ea^est,ea^est,s,UNRECOGNIZED,0
fashion,fashion,c,SenseObject,0
?,?,s,Question,0
who,who,s,,0
sees,sees,s,,0
my,my,s,FirstPer,0
band,band,s,SenseObject,0
and,and,s,,0
perrywig,perrywig,c,UNRECOGNIZED,0
",",",",n,,0
and,and,s,,0
doubts,doubts,s,Uncertainty,0
of,of,s,Specifiers,0
that,that,c,Specifiers,1
:,:,s,,0
I,i,s,SelfDisclosure,0
am,am,s,SelfDisclosure,1
persuaded,persuaded,s,,0
you,you,s,DirectAddress,0
will,will,s,PredictedFuture,0
prove,prove,s,Confidence,0
a,a,s,,0
counterfait,counterfait,c,UNRECOGNIZED,0
^,^,c,UNRECOGNIZED,0
",",",",s,,0
and,and,s,,0
no,no,n,DenyDisclaim,0
courtier,courtier,c,PersonProperty,0
",",",",s,,0
that,that,s,Specifiers,0
are,are,s,Specifiers,1
ignorant,ignorant,s,StandardsNeg,0
in,in,s,,0
so,so,s,,0
general,general,s,AbstractConcepts,0
a,a,s,,0
knowledge,knowledge,nnn,CommonAuthorities,0
It,it,s,ProjectBack,0
was,was,s,ProjectBack,1
not,not,s,DenyDisclaim,0
the,the,s,DenyDisclaim,1
newest,newest,s,Updates,0
fashion,fashion,s,ReportingEvents,0
the,the,s,ReportingEvents,1
last,last,s,TimeDuration,0
year,year,c,TimeDuration,1
",",",",s,,0
and,and,s,,0
no,no,s,DenyDisclaim,0
Cronicle,cronicle,s,UNRECOGNIZED,0
make,make,c,ReportingEvents,0
*,*,s,,0
mention,mention,s,Citations,0
of,of,n,,0
(,(,c,,0
...,...,c,UNRECOGNIZED,0
),),c,,0
.,.,s,,0
Therefore,therefore,s,ReasonForward,0
if,if,s,Contingency,0
any,any,s,Contingency,1
man,man,s,PersonProperty,0
had,had,s,ProjectBack,0
written,written,c,ReportingStates,0
.,.,s,ReportingStates,1
Nihil,nihil,s,DenyDisclaim,0
factum,factum,s,,0
est,est,s,AbstractConcepts,0
quod,quod,s,,0
non,non,s,AbstractConcepts,0
fuit,fuit,s,UNRECOGNIZED,0
factum,factum,n,,0
prius,prius,c,AbstractConcepts,0
.,.,s,,0
I,i,s,SelfDisclosure,0
would,would,s,SelfDisclosure,1
have,have,s,SelfDisclosure,2
given,given,s,ReportingStates,0
his,his,s,PersonPronoun,0
Proverbs,proverbs,s,CommonAuthorities,0
the,the,s,,0
lie,lie,c,Motions,0
.,.,s,,0
For,for,s,,0
this,this,s,,0
saffroning,saffroning,s,UNRECOGNIZED,0
was,was,s,ProjectBack,0
never,never,n,DenyDisclaim,0
used,used,s,ReportingEvents,0
but,but,s,Resistance,0
in,in,s,,0
Ireland,ireland,s,,0
for,for,s,,0
bodily,bodily,s,SenseProperty,0
linen,linen,c,SenseObject,0
",",",",s,,0
to,to,s,,0
dissipate,dissipate,s,Transformation,0
the,the,s,,0
company,company,s,AbstractConcepts,0
of,of,s,AbstractConcepts,1
creepers,creepers,c,Motions,0
.,.,n,DirectAddress,0
And,and,s,DirectAddress,1
for,for,s,Specifiers,0
such,such,s,Specifiers,1
torturing,torturing,s,Negativity,0
of,of,s,,0
these,these,s,Immediacy,0
Izeland,izeland,s,UNRECOGNIZED,0
Impes,impes,c,UNRECOGNIZED,0
",",",",s,,0
with,with,s,,0
^,^,c,UNRECOGNIZED,0
radicating,radicating,s,UNRECOGNIZED,0
their,their,s,PersonPronoun,0
fleeces,fleeces,c,SenseObject,0
",",",",n,,0
thereby,thereby,s,ReasonForward,0
to,to,s,Positivity,0
enjoy,enjoy,s,Positivity,1
the,the,s,,0
roots,roots,c,AbstractConcepts,0
",",",",s,Aside,0
which,which,s,Aside,1
best,best,s,Comparison,0
will,will,s,PredictedFuture,0
abide,abide,s,ReportingEvents,0
the,the,s,ReportingEvents,1
basting,basting,c,Motions,0
",",",",s,,0
it,it,s,Updates,0
has,has,s,Updates,1
need,need,s,Insist,0
to,to,n,Insist,1
be,be,s,ReportingStates,0
new,new,c,,0
",",",",s,ReasonForward,0
for,for,s,ReasonForward,1
it,it,s,ReasonForward,2
is,is,s,ReasonForward,3
noy,noy,s,UNRECOGNIZED,0
some,some,c,Uncertainty,0
",",",",s,,0
and,and,s,,0
makes,makes,s,DirectAddress,0
your,your,s,DirectAddress,1
pretywig,pretywig,s,UNRECOGNIZED,0
nothing,nothing,s,DenyDisclaim,0
handsome,handsome,nnn,Positivity,0
Sir,sir,c,PersonProperty,0
",",",",s,,0
let,let,s,ReportingEvents,0
it,it,s,,0
suffice,suffice,s,StandardsPos,0
you,you,s,DirectAddress,0
that,that,s,,0
it,it,s,,0
is,is,s,ReportingStates,0
the,the,s,ReportingStates,1
newest,newest,s,Updates,0
fashion,fashion,s,SenseObject,0
this,this,s,Immediacy,0
very,very,s,Immediacy,1
day,day,c,Immediacy,2
.,.,s,DirectAddress,0
And,and,s,DirectAddress,1
if,if,n,Contingency,0
the,the,s,Contingency,1
sight,sight,s,SenseProperty,0
and,and,s,,0
smell,smell,s,SenseProperty,0
of,of,s,SenseProperty,1
it,it,s,,0
offend,offend,s,Anger,0
your,your,s,DirectAddress,0
nose,nose,c,SenseObject,0
",",",",s,,0
you,you,s,DirectAddress,0
know,know,s,DirectAddress,1
the,the,s,PriorKnowledge,0
ordinary,ordinary,s,PriorKnowledge,1
remedy,remedy,s,Positivity,0
is,is,s,ProjectAhead,0
to,to,n,ProjectAhead,1
remove,remove,s,ReportingEvents,0
your,your,s,DirectAddress,0
nose,nose,c,SenseObject,0
.,.,s,Resistance,0
Yet,yet,s,Resistance,1
I,i,s,FirstPer,0
suppose,suppose,s,Uncertainty,0
by,by,s,DirectAddress,0
your,your,s,DirectAddress,1
palenesse,palenesse,s,UNRECOGNIZED,0
you,you,s,DirectAddress,0
use,use,s,ReportingEvents,0
to,to,s,,0
take,take,s,ReportingEvents,0
Tabaccho,tabaccho,c,UNRECOGNIZED,0
",",",",n,,0
then,then,s,,0
which,which,c,,0
",",",",s,,0
nothing,nothing,s,DenyDisclaim,0
is,is,s,ReportingStates,0
more,more,s,Comparison,0
fulsome,fulsome,nnn,SubjectivePercept,0
Indeed,indeed,c,Intensity,0
",",",",s,,0
I,i,s,SelfDisclosure,0
want,want,s,SelfDisclosure,1
color,color,s,Motions,0
in,in,s,Motions,1
my,my,s,FirstPer,0
face,face,c,SenseObject,0
",",",",s,,0
and,and,s,,0
wish,wish,s,SubjectivePercept,0
I,i,s,Autobio,0
had,had,s,Autobio,1
the,the,s,StandardsPos,0
art,art,s,StandardsPos,1
to,to,s,ProjectAhead,0
get,get,s,ProjectAhead,1
so,so,s,,0
rosy,rosy,s,Positivity,0
a,a,n,SenseObject,0
cheek,cheek,s,SenseObject,1
as,as,s,DirectAddress,0
you,you,s,DirectAddress,1
have,have,nnn,DirectAddress,0
You,you,s,DirectAddress,1
do,do,s,Intensity,0
but,but,s,Resistance,0
guess,guess,s,PrivateThinking,0
that,that,s,PrivateThinking,1
I,i,s,FirstPer,0
use,use,s,ReportingEvents,0
art,art,s,AbstractConcepts,0
to,to,s,,0
give,give,s,,0
grace,grace,s,StandardsPos,0
to,to,s,,0
^,^,c,UNRECOGNIZED,0
y,y,s,LangRef,0
feature,feature,c,Updates,0
",",",",s,ReasonForward,0
so,so,s,ReasonForward,1
it,it,s,Confidence,0
is,is,s,Confidence,1
easy,easy,n,Confidence,2
for,for,s,Confidence,3
you,you,s,DirectAddress,0
to,to,s,GenericEvents,0
be,be,s,GenericEvents,1
deceived,deceived,c,Anger,0
:,:,s,,0
but,but,s,Resistance,0
I,i,s,FirstPer,0
will,will,s,PredictedFuture,0
tell,tell,s,DirectAddress,0
you,you,s,DirectAddress,1
a,a,s,,0
certain,certain,s,Confidence,0
rule,rule,s,AbstractConcepts,0
to,to,s,,0
know,know,s,Confidence,0
if,if,s,Contingency,0
any,any,n,Contingency,1
woman,woman,s,PersonProperty,0
be,be,s,ReportingStates,0
painted,painted,nnn,ReportingEvents,0
Let,let,s,ReportingEvents,0
me,me,s,FirstPer,0
be,be,s,ReportingStates,0
beholding,beholding,s,SpaceRelation,0
to,to,s,DirectAddress,0
you,you,s,DirectAddress,1
for,for,s,,0
this,this,s,,0
cunning,cunning,s,Negativity,0
infallible,infallible,c,StandardsPos,0
.,.,nnn,,0
If,if,s,Contingency,0
you,you,s,DirectAddress,0
suspect,suspect,s,Negativity,0
it,it,c,,0
",",",",s,,0
take,take,s,ReportingEvents,0
a,a,s,ReportingEvents,1
pin,pin,c,SenseObject,0
",",",",s,,0
and,and,s,,0
scratch,scratch,s,Negativity,0
her,her,s,PersonPronoun,0
cheek,cheek,s,SenseObject,0
pretty,pretty,s,SubjectivePercept,0
deep,deep,s,AbstractConcepts,0
to,to,s,,0
the,the,n,SenseObject,0
bone,bone,c,SenseObject,1
",",",",s,,0
and,and,s,,0
if,if,s,Contingency,0
it,it,s,Contingency,1
b,b,c,,0
^^,^^,c,UNRECOGNIZED,0
ed,ed,s,,0
not,not,c,DenyDisclaim,0
",",",",s,,0
assure,assure,s,Reassure,0
your,your,s,Reassure,1
self,self,s,SubjectivePercept,0
she,she,s,Updates,0
is,is,s,Updates,1
painted,painted,nnn,ReportingEvents,0
I,i,s,FirstPer,0
see,see,s,,0
now,now,s,Immediacy,0
you,you,s,DirectAddress,0
are,are,s,DirectAddress,1
disposed,disposed,s,SubjectivePercept,0
to,to,s,SubjectivePercept,1
be,be,s,ReportingStates,0
pleasant,pleasant,s,Positivity,0
with,with,s,,0
me,me,c,FirstPer,0
.,.,s,,0
I,i,s,FirstPer,0
bear,bear,s,SenseObject,0
all,all,s,,0
kindly,kindly,c,StandardsPos,0
.,.,s,,0
Now,now,s,Immediacy,0
I,i,n,FirstPer,0
entreat,entreat,s,Request,0
you,you,s,DirectAddress,0
to,to,s,,0
proceed,proceed,s,Sequence,0
with,with,s,Sequence,1
publishing,publishing,s,ReportingEvents,0
my,my,s,FirstPer,0
other,other,s,Specifiers,0
faults,faults,c,StandardsNeg,0
",",",",s,,0
that,that,s,TimeShift,0
when,when,s,TimeShift,1
I,i,s,FirstPer,0
know,know,s,Confidence,0
them,them,n,,0
all,all,c,,0
",",",",s,,0
I,i,s,FirstPer,0
may,may,s,Contingency,0
amend,amend,c,ReportingEvents,0
",",",",s,ReasonForward,0
and,and,s,ReasonForward,1
so,so,s,ReasonForward,2
appear,appear,s,SubjectivePercept,0
perfect,perfect,s,StandardsPos,0
in,in,s,DirectAddress,0
your,your,s,DirectAddress,1
sight,sight,nnn,SenseProperty,0
Secondly,secondly,c,Sequence,0
",",",",s,,0
I,i,s,FirstPer,0
charge,charge,s,Negative_Relation,0
you,you,s,Negative_Relation,1
with,with,s,Negative_Relation,2
flattery,flattery,c,SubjectivePercept,0
",",",",s,,0
at,at,s,,0
every,every,s,Generalization,0
word,word,s,LangRef,0
calling,calling,s,ReportingEvents,0
me,me,s,FirstPer,0
Lady,lady,c,PersonProperty,0
:,:,s,,0
which,which,n,,0
you,you,s,DirectAddress,0
are,are,s,DirectAddress,1
very,very,s,Confidence,0
sure,sure,s,Confidence,1
I,i,s,SelfDisclosure,0
am,am,s,SelfDisclosure,1
not,not,c,DenyDisclaim,0
",",",",s,,0
seeing,seeing,s,SpaceRelation,0
me,me,s,SpaceRelation,1
come,come,s,ReportingEvents,0
hither,hither,s,SpaceRelation,0
on,on,s,SelfDisclosure,0
my,my,s,SelfDisclosure,1
own,own,s,SelfDisclosure,2
feet,feet,c,SenseObject,0
",",",",s,Comparison,0
whereas,whereas,s,Comparison,1
if,if,n,Contingency,0
I,i,s,Contingency,1
were,were,s,Contingency,2
a,a,s,PersonProperty,0
Lady,lady,s,PersonProperty,1
I,i,s,Insist,0
must,must,s,Insist,1
of,of,s,Insist,0
necessity,necessity,s,Insist,1
be,be,s,SpaceRelation,0
at,at,s,SpaceRelation,1
my,my,s,FirstPer,0
Caroach,caroach,s,UNRECOGNIZED,0
with,with,s,SpaceRelation,0
4,4,s,SpaceRelation,1
horses,horses,c,SenseObject,0
",",",",s,,0
or,or,s,Contingency,0
else,else,s,Contingency,1
my,my,n,Intensity,0
honor,honor,s,Intensity,1
is,is,s,ReportingStates,0
in,in,s,,0
the,the,s,SenseObject,0
dust,dust,s,SenseObject,1
in,in,s,TimeDuration,0
summer,summer,c,TimeDuration,1
",",",",s,,0
and,and,s,,0
in,in,s,,0
the,the,s,,0
mire,mire,s,Negativity,0
in,in,s,Negativity,1
winter,winter,c,AbstractConcepts,0
.,.,s,,0
This,this,s,,0
then,then,s,Sequence,0
is,is,s,Sequence,1
an,an,n,,0
inexcusable,inexcusable,s,StandardsNeg,0
sin,sin,s,StandardsNeg,0
of,of,s,StandardsNeg,1
yours,yours,nnn,DirectAddress,0
Alas,alas,c,Negativity,0
.,.,s,Future_Question,0
what,what,s,Future_Question,1
should,should,s,Future_Question,2
I,i,s,FirstPer,0
call,call,s,ReportingEvents,0
you,you,s,DirectAddress,0
not,not,s,Uncertainty,0
knowing,knowing,s,Uncertainty,1
your,your,s,DirectAddress,0
name,name,c,DirectAddress,1
?,?,s,Question,0
And,and,s,,0
you,you,s,DirectAddress,0
of,of,s,Specifiers,0
all,all,s,Specifiers,1
the,the,s,Specifiers,2
women,women,n,PersonProperty,0
that,that,s,,0
ever,ever,s,Biographical_Time,0
I,i,s,SelfDisclosure,0
knew,knew,s,SelfDisclosure,1
are,are,s,ReportingStates,0
angry,angry,s,Anger,0
for,for,s,,0
giving,giving,s,DirectAddress,0
you,you,s,DirectAddress,1
more,more,s,Comparison,0
then,then,s,,0
your,your,s,DirectAddress,0
due,due,c,DirectAddress,1
.,.,s,Resistance,0
But,but,s,Resistance,1
rather,rather,s,Resistance,0
then,then,n,Sequence,0
I,i,s,Sequence,1
will,will,s,Fear,0
displease,displease,s,Fear,1
you,you,s,DirectAddress,0
that,that,s,Specifiers,0
way,way,c,Specifiers,1
",",",",s,Specifiers,2
I,i,s,FirstPer,0
will,will,s,PredictedFuture,0
devise,devise,s,PrivateThinking,0
some,some,s,Specifiers,0
other,other,s,Specifiers,1
Epitheton,epitheton,s,UNRECOGNIZED,0
of,of,s,,0
courtesy,courtesy,c,Positivity,0
",",",",n,,0
until,until,s,TimeDuration,0
you,you,s,DirectAddress,0
determine,determine,s,Intensity,0
to,to,s,Intensity,1
take,take,s,ReportingEvents,0
Ladyship,ladyship,s,CommonAuthorities,0
upon,upon,s,DirectAddress,0
you,you,c,DirectAddress,1
",",",",s,ReasonForward,0
so,so,s,ReasonForward,1
well,well,s,SenseObject,0
as,as,s,Specifiers,0
it,it,s,Specifiers,1
would,would,s,ProjectBack,0
become,become,s,Transformation,0
you,you,nnn,DirectAddress,0
Nay,nay,c,OralCues,0
",",",",s,,0
I,i,s,SelfDisclosure,0
would,would,s,SelfDisclosure,1
not,not,s,DenyDisclaim,0
have,have,s,DenyDisclaim,1
you,you,s,DirectAddress,0
think,think,s,DirectAddress,1
that,that,s,,0
I,i,s,SelfDisclosure,0
am,am,s,SelfDisclosure,1
exceedingly,exceedingly,s,Intensity,0
angry,angry,s,Anger,0
for,for,s,,0
mistaking,mistaking,s,StandardsNeg,0
my,my,n,FirstPer,0
present,present,s,,0
condition,condition,c,AbstractConcepts,0
.,.,s,ProjectBack,0
It,it,s,ProjectBack,1
was,was,s,ProjectBack,2
a,a,s,,0
fault,fault,c,StandardsNeg,0
",",",",s,Resistance,0
but,but,s,Resistance,1
very,very,s,Intensity,0
venial,venial,c,AbstractConcepts,0
.,.,s,,0
Your,your,s,DirectAddress,0
other,other,s,Specifiers,0
errors,errors,s,StandardsNeg,0
I,i,s,FirstPer,0
will,will,n,PredictedFuture,0
conceal,conceal,s,SubjectivePercept,0
for,for,s,,0
this,this,s,Immediacy,0
time,time,c,Immediacy,1
",",",",s,,0
as,as,s,,0
unwilling,unwilling,s,,0
to,to,s,,0
oppress,oppress,s,StandardsNeg,0
you,you,s,DirectAddress,0
with,with,s,,0
penance,penance,c,Negativity,0
",",",",s,,0
sithence,sithence,s,UNRECOGNIZED,0
I,i,n,Metadiscourse,0
find,find,s,Metadiscourse,1
you,you,s,DirectAddress,0
so,so,s,DirectAddress,1
freely,freely,s,Disclosure,0
to,to,s,,0
offer,offer,s,ReportingEvents,0
satisfaction,satisfaction,nnn,StandardsPos,0
Then,then,s,,0
now,now,s,Immediacy,0
vouchsafe,vouchsafe,s,ProjectAhead,0
to,to,s,ProjectAhead,1
receive,receive,s,ReportingEvents,0
me,me,s,FirstPer,0
into,into,s,DirectAddress,0
your,your,s,DirectAddress,1
service,service,c,StandardsPos,0
",",",",s,,0
sithence,sithence,s,UNRECOGNIZED,0
no,no,s,DenyDisclaim,0
man,man,s,DenyDisclaim,1
shall,shall,n,ProjectAhead,0
carry,carry,s,SubjectivePercept,0
himself,himself,s,SubjectivePercept,1
more,more,s,Comparison,0
dutifully,dutifully,nnn,StandardsPos,0
If,if,s,Contingency,0
I,i,s,Contingency,1
were,were,s,Contingency,2
fit,fit,s,ProjectAhead,0
to,to,s,ProjectAhead,1
receive,receive,s,ReportingEvents,0
one,one,s,DirectAddress,0
of,of,s,DirectAddress,1
your,your,s,DirectAddress,2
sort,sort,c,AbstractConcepts,0
",",",",s,,0
how,how,s,Confront,0
could,could,s,Confront,1
you,you,s,Confront,2
serve,serve,s,ReportingEvents,0
me,me,s,FirstPer,0
and,and,s,,0
the,the,s,SenseObject,0
king,king,n,SenseObject,1
too,too,c,,0
?,?,s,Question,0
can,can,s,DirectAddress,0
you,you,s,DirectAddress,1
serve,serve,s,ReportingEvents,0
two,two,s,Numbers,0
masters,masters,nnn,StandardsPos,0
No,no,c,DenyDisclaim,0
.,.,s,Resistance,0
but,but,s,Resistance,1
one,one,s,Numbers,0
master,master,s,PersonProperty,0
and,and,s,,0
a,a,s,,0
mistress,mistress,s,PersonProperty,0
may,may,s,Contingency,0
both,both,s,,0
be,be,s,ReportingStates,0
served,served,s,ReportingEvents,0
without,without,s,Contingency,0
breach,breach,s,StandardsNeg,0
of,of,n,StandardsNeg,1
fidelity,fidelity,c,StandardsPos,0
",",",",s,,0
and,and,s,,0
with,with,s,,0
great,great,s,Intensity,0
facility,facility,nnn,AbstractConcepts,0
Very,very,s,Intensity,0
hardly,hardly,c,DenyDisclaim,0
",",",",s,,0
respecting,respecting,s,StandardsPos,0
the,the,s,,0
persons,persons,s,PersonProperty,0
inequality,inequality,c,StandardsNeg,0
:,:,s,,0
but,but,s,Resistance,0
if,if,s,Contingency,0
I,i,s,Contingency,1
should,should,s,Contingency,2
be,be,s,Contingency,3
so,so,n,,0
minded,minded,c,ReportingStates,0
",",",",s,ReportingStates,1
what,what,s,,0
can,can,s,DirectAddress,0
you,you,s,DirectAddress,1
do,do,nnn,Generalization,0
All,all,c,Generalization,1
",",",",s,,0
that,that,s,Specifiers,0
is,is,s,Specifiers,1
not,not,s,DenyDisclaim,0
done,done,s,DenyDisclaim,1
before,before,s,Sequence,0
I,i,s,Metadiscourse,0
come,come,c,Metadiscourse,1
.,.,nnn,,0
Can,can,s,DirectAddress,0
you,you,c,DirectAddress,1
",",",",s,,0
and,and,s,,0
will,will,s,PredictedFuture,0
you,you,s,DirectAddress,0
do,do,s,DirectAddress,1
whatsoever,whatsoever,s,Intensity,0
I,i,s,FirstPer,0
ent^eate,ent^eate,s,UNRECOGNIZED,0
or,or,s,,0
command,command,s,CommonAuthorities,0
you,you,s,DirectAddress,0
without,without,n,Contingency,0
grudging,grudging,nnn,,0
Yes,yes,c,OralCues,0
",",",",s,OralCues,1
with,with,s,Generalization,0
all,all,s,Generalization,1
readiness,readiness,s,ProjectAhead,0
and,and,s,,0
alacrity,alacrity,c,StandardsPos,0
",",",",s,,0
and,and,s,,0
without,without,s,Confidence,0
exception,exception,c,Confidence,1
.,.,nnn,Sequence,0
Then,then,s,Sequence,1
I,i,s,Request,0
request,request,s,Request,1
and,and,s,,0
command,command,s,Insist,0
you,you,s,Insist,1
to,to,s,Insist,2
let,let,s,ReportingEvents,0
me,me,s,FirstPer,0
alone,alone,c,SpaceRelation,0
",",",",s,,0
and,and,s,,0
never,never,s,DenyDisclaim,0
hereafter,hereafter,s,ProjectAhead,0
speak,speak,s,ReportingEvents,0
to,to,n,ReportingEvents,1
me,me,nnn,FirstPer,0
That,that,s,Specifiers,0
Is,is,s,Specifiers,1
an,an,s,Specifiers,2
unreasonable,unreasonable,s,StandardsNeg,0
request,request,c,Request,0
",",",",s,,0
and,and,s,,0
iniust,iniust,s,UNRECOGNIZED,0
commandment,commandment,c,CommonAuthorities,0
.,.,s,,0
There,there,s,Insist,0
ought,ought,s,Insist,1
to,to,s,Insist,2
be,be,n,Insist,3
justice,justice,s,StandardsPos,0
and,and,s,,0
possibility,possibility,s,Contingency,0
in,in,s,,0
every,every,s,Generalization,0
commandment,commandment,c,CommonAuthorities,0
;,;,s,Resistance,0
but,but,s,Resistance,1
this,this,s,,0
has,has,s,,0
neither,neither,s,DenyDisclaim,0
of,of,s,,0
them,them,nnn,,0
I,i,s,Metadiscourse,0
will,will,s,Metadiscourse,1
prove,prove,s,Metadiscourse,2
it,it,s,Updates,0
has,has,s,Updates,1
both,both,c,,0
",",",",s,,0
or,or,s,Contingency,0
else,else,s,Contingency,1
I,i,s,FirstPer,0
release,release,s,ReportingEvents,0
your,your,s,DirectAddress,0
word,word,c,LangRef,0
.,.,nnn,Imperative,0
Prove,prove,s,Imperative,1
that,that,c,,0
",",",",s,,0
and,and,s,,0
I,i,s,FirstPer,0
Will,will,s,PredictedFuture,0
perform,perform,s,ReportingEvents,0
your,your,s,DirectAddress,0
will,will,c,PredictedFuture,0
:,:,s,,0
for,for,s,,0
I,i,s,SelfDisclosure,0
have,have,s,SelfDisclosure,1
vowed,vowed,s,Intensity,0
to,to,s,Intensity,1
serve,serve,s,ReportingEvents,0
you,you,c,DirectAddress,0
",",",",s,,0
and,and,s,ReportingStates,0
it,it,n,ReportingStates,1
is,is,s,ReportingStates,2
injustice,injustice,s,StandardsNeg,0
to,to,s,,0
break,break,s,ReportingEvents,0
it,it,c,,0
.,.,s,DirectAddress,0
And,and,s,DirectAddress,1
I,i,s,SelfDisclosure,0
am,am,s,SelfDisclosure,1
in,in,s,Positivity,0
love,love,c,Positivity,1
",",",",s,,0
and,and,s,ReportingStates,0
it,it,s,ReportingStates,1
is,is,s,ReportingStates,2
impossible,impossible,s,StandardsNeg,0
to,to,s,StandardsNeg,1
limite,limite,s,UNRECOGNIZED,0
it,it,nnn,,0
I,i,s,SelfDisclosure,0
thought,thought,s,SelfDisclosure,1
so,so,c,Intensity,0
.,.,s,Intensity,1
draffe,draffe,s,UNRECOGNIZED,0
was,was,s,ProjectBack,0
your,your,s,DirectAddress,0
errant,errant,c,StandardsNeg,0
*,*,s,,0
but,but,s,Resistance,0
drink,drink,s,Motions,0
you,you,s,DirectAddress,0
would,would,s,DirectAddress,1
have,have,c,,0
.,.,s,,0
you,you,s,DirectAddress,0
seek,seek,s,ProjectAhead,0
a,a,n,ProjectAhead,1
service,service,c,StandardsPos,0
",",",",s,Resistance,0
but,but,s,Resistance,1
you,you,s,DirectAddress,0
mean,mean,s,ProjectAhead,0
to,to,s,ProjectAhead,1
be,be,s,StandardsPos,0
master,master,c,StandardsPos,1
:,:,s,,0
this,this,s,,0
trick,trick,s,SubjectivePercept,0
will,will,s,Fear,0
fail,fail,s,Fear,1
you,you,c,DirectAddress,0
:,:,s,,0
for,for,s,,0
I,i,s,SelfDisclosure,0
have,have,n,SelfDisclosure,1
vowed,vowed,s,ReportingEvents,0
beforehand,beforehand,c,Sequence,0
",",",",s,Sequence,1
and,and,s,,0
I,i,s,Responsibility,0
am,am,s,Responsibility,1
bound,bound,s,Responsibility,2
to,to,s,TimeDuration,0
keep,keep,s,TimeDuration,1
it,it,nnn,,0
You,you,s,DirectAddress,0
can,can,s,Contingency,0
make,make,s,ReportingEvents,0
no,no,s,DenyDisclaim,0
vow,vow,s,Intensity,0
contrary,contrary,s,Resistance,0
to,to,s,Resistance,1
mine,mine,c,FirstPer,0
",",",",s,,0
because,because,s,ReasonBackward,0
you,you,s,DirectAddress,0
never,never,s,DirectAddress,1
knew,knew,s,Confidence,0
my,my,s,ProjectAhead,0
intention,intention,c,ProjectAhead,1
",",",",n,,0
nor,nor,s,DenyDisclaim,0
person,person,s,PersonProperty,0
before,before,s,Sequence,0
this,this,s,Sequence,1
day,day,nnn,TimeDuration,0
Yes,yes,c,OralCues,0
",",",",s,OralCues,1
contrary,contrary,s,Resistance,0
enough,enough,c,SubjectivePercept,0
",",",",s,,0
as,as,s,,0
white,white,s,SenseProperty,0
is,is,s,ProjectAhead,0
to,to,s,ProjectAhead,1
black,black,c,SenseProperty,0
.,.,s,DirectAddress,0
And,and,s,DirectAddress,1
to,to,s,,0
hold,hold,s,,0
you,you,s,DirectAddress,0
no,no,s,Updates,0
longer,longer,s,Updates,1
in,in,n,Uncertainty,0
suspense,suspense,c,Uncertainty,1
",",",",s,,0
my,my,s,FirstPer,0
vow,vow,s,Intensity,0
and,and,s,,0
purpose,purpose,s,ProjectAhead,0
is,is,s,ProjectAhead,0
to,to,s,ProjectAhead,1
be,be,s,ReportingStates,0
a,a,s,ReportingStates,1
Nun,nun,nnn,PersonProperty,0
A,a,s,,0
Nun,nun,c,PersonProperty,0
?,?,s,Question,0
There,there,s,ProjectBack,0
was,was,s,ProjectBack,1
never,never,s,DenyDisclaim,0
Nun,nun,s,PersonProperty,0
with,with,s,Specifiers,0
such,such,s,Specifiers,1
attire,attire,c,SenseObject,0
",",",",s,,0
and,and,s,,0
in,in,s,Specifiers,0
such,such,s,Specifiers,1
a,a,s,Specifiers,2
Cloister,cloister,c,SenseObject,0
.,.,nnn,,0
O,o,s,LangRef,0
Sir,sir,c,PersonProperty,0
",",",",s,,0
I,i,s,Contingency,0
can,can,s,Contingency,1
quickly,quickly,s,SubjectiveTime,0
cast,cast,s,Motions,0
off,off,s,Motions,1
this,this,s,,0
attire,attire,c,SenseObject,0
",",",",s,,0
and,and,s,,0
get,get,s,,0
a,a,s,,0
Nuns,nuns,s,PersonProperty,0
habit,habit,c,RecurringEvents,0
.,.,s,,0
If,if,s,Contingency,0
the,the,s,Contingency,1
mind,mind,n,SubjectivePercept,0
be,be,s,ReportingStates,0
changed,changed,c,ReportingStates,0
",",",",s,ReportingStates,1
the,the,s,SenseObject,0
apparel,apparel,s,SenseObject,1
will,will,s,PredictedFuture,0
soon,soon,s,PredictedFuture,1
be,be,s,ReportingStates,0
altered,altered,nnn,ReportingStates,0
Of,of,s,ReportingStates,1
what,what,s,,0
order,order,s,AbstractConcepts,0
(,(,c,,0
if,if,s,Contingency,0
you,you,s,DirectAddress,0
speak,speak,s,ReportingEvents,0
in,in,s,Disclosure,0
earnest,earnest,c,Disclosure,1
),),s,,0
that,that,s,,0
I,i,s,FirstPer,0
may,may,s,Contingency,0
visit,visit,s,SceneShift,0
your,your,s,DirectAddress,0
Cloister,cloister,c,SenseObject,0
?,?,s,Question,0
for,for,n,Positivity,0
love,love,s,Positivity,1
has,has,s,Updates,0
gotten,gotten,s,Updates,1
such,such,s,Intensity,0
dominion,dominion,c,CommonAuthorities,0
.,.,s,,0
that,that,s,,0
I,i,s,Insist,0
cannot,cannot,s,Insist,1
so,so,s,,0
part,part,s,SceneShift,0
with,with,s,SceneShift,1
you,you,c,DirectAddress,0
.,.,s,DirectAddress,0
And,and,s,DirectAddress,1
yet,yet,s,SubjectiveTime,0
to,to,s,SubjectiveTime,1
this,this,n,,0
cross,cross,s,SpaceRelation,0
I,i,s,FirstPer,0
know,know,s,Uncertainty,0
not,not,s,Uncertainty,1
what,what,s,Uncertainty,2
to,to,s,,0
say,say,c,Citations,0
:,:,s,Citations,1
for,for,s,,0
it,it,s,,0
takes,takes,s,Responsibility,0
from,from,s,Responsibility,1
me,me,s,FirstPer,0
all,all,s,,0
liberty,liberty,s,StandardsPos,0
to,to,s,,0
move,move,n,Motions,0
further,further,nnn,AbstractConcepts,0
What,what,s,Future_Question,0
will,will,s,Future_Question,1
it,it,s,,0
avail,avail,s,StandardsPos,0
you,you,s,DirectAddress,0
to,to,s,,0
know,know,s,Confidence,0
my,my,s,FirstPer,0
Cloister,cloister,c,SenseObject,0
",",",",s,,0
and,and,s,,0
walk,walk,s,Motions,0
without,without,s,Contingency,0
the,the,s,Contingency,1
wall,wall,c,SenseObject,0
?,?,s,Question,0
for,for,n,ReasonBackward,0
there,there,c,ReasonBackward,1
",",",",s,Generalization,0
all,all,s,Generalization,1
access,access,s,StandardsPos,0
and,and,s,,0
intercourse,intercourse,s,AbstractConcepts,0
is,is,s,ReportingStates,0
barred,barred,nnn,Negativity,0
Let,let,s,ReportingEvents,0
my,my,s,Positivity,0
love,love,s,Positivity,1
yet,yet,s,Resistance,0
be,be,s,ReportingStates,0
so,so,s,Updates,0
far,far,s,Updates,1
requited,requited,c,ReportingStates,0
",",",",s,ReportingStates,1
as,as,s,Specifiers,0
to,to,s,Specifiers,1
know,know,s,Confidence,0
your,your,s,DirectAddress,0
name,name,s,DirectAddress,1
and,and,s,,0
or^er,or^er,s,UNRECOGNIZED,0
you,you,n,DirectAddress,0
enter,enter,s,Sequence,0
into,into,c,Sequence,1
.,.,s,PredictedFuture,0
It,it,s,PredictedFuture,1
will,will,s,PredictedFuture,2
ease,ease,s,Reassure,0
my,my,s,Reassure,1
mind,mind,c,Reassure,2
",",",",s,,0
that,that,s,DenyDisclaim,0
none,none,s,DenyDisclaim,1
other,other,s,Specifiers,0
inioies,inioies,s,UNRECOGNIZED,0
you,you,c,DirectAddress,0
.,.,s,,0
O,o,c,LangRef,0
",",",",s,,0
this,this,s,,0
love,love,s,Positivity,0
is,is,n,Resemblances,0
like,like,s,Resemblances,1
a,a,s,Resemblances,2
quarterne,quarterne,s,UNRECOGNIZED,0
ague,ague,c,Negativity,0
",",",",s,,0
and,and,s,,0
a,a,s,,0
suite,suite,s,SenseObject,0
iu,iu,s,UNRECOGNIZED,0
Law,law,c,AbstractConcepts,0
!,!,s,,0
A,a,s,Positivity,0
good,good,s,Positivity,1
day,day,c,TimeDuration,0
",",",",s,,0
and,and,s,,0
a,a,s,Negativity,0
bad,bad,c,Negativity,1
:,:,s,,0
now,now,s,Immediacy,0
hope,hope,c,Positivity,0
.,.,n,,0
^,^,c,UNRECOGNIZED,0
hen,hen,s,SenseObject,0
despair,despair,c,Sad,0
.,.,s,,0
To,to,s,,0
night,night,s,,0
co,co,c,,0
^^,^^,c,UNRECOGNIZED,0
ort,ort,c,SenseObject,0
",",",",s,,0
tomorow,tomorow,s,UNRECOGNIZED,0
morning,morning,s,,0
al,al,s,,0
dashed,dashed,nnn,ReportingEvents,0
Sir,sir,s,PersonProperty,0
I,i,s,Insist,0
must,must,s,Insist,1
crave,crave,s,Intensity,0
respite,respite,s,Positivity,0
to,to,s,ProjectAhead,0
answer,answer,s,ProjectAhead,1
you,you,s,DirectAddress,0
directly,directly,s,SpaceRelation,0
to,to,s,SpaceRelation,1
these,these,s,Immediacy,0
questions,questions,c,Resistance,0
:,:,s,,0
for,for,s,,0
I,i,n,Insist,0
must,must,s,Insist,1
have,have,s,Insist,2
my,my,s,FirstPer,0
friends,friends,s,StandardsPos,0
advice,advice,s,GenericEvents,0
before,before,s,Sequence,0
I,i,s,Self_Promise,0
resolve,resolve,c,Self_Promise,1
.,.,s,ReasonForward,0
And,and,s,ReasonForward,1
so,so,s,ReasonForward,2
for,for,s,,0
this,this,s,,0
t^me,t^me,s,UNRECOGNIZED,0
I,i,s,FirstPer,0
take,take,s,SceneShift,0
leave,leave,nnn,SceneShift,1
Now,now,c,Updates,0
",",",",s,Updates,1
let,let,s,DirectAddress,0
us,us,s,DirectAddress,1
go,go,s,ReportingEvents,0
seal,seal,s,SenseObject,0
these,these,s,Immediacy,0
bonds,bonds,s,AbstractConcepts,0
in,in,s,,0
the,the,s,,0
mean,mean,s,,0
space,space,c,AbstractConcepts,0
",",",",s,,0
and,and,s,,0
by,by,s,TimeShift,0
that,that,s,TimeShift,1
time,time,n,TimeShift,2
perhaps,perhaps,s,Uncertainty,0
she,she,s,PersonPronoun,0
will,will,s,PredictedFuture,0
come,come,s,PredictedFuture,1
again,again,nnn,RecurringEvents,0
Bonds,bonds,c,AbstractConcepts,0
?,?,s,Question,0
I,i,s,SelfDisclosure,0
am,am,s,SelfDisclosure,1
in,in,s,Negativity,0
bonds,bonds,s,Negativity,1
enough,enough,s,SubjectivePercept,0
I,i,s,SelfDisclosure,0
think,think,c,SelfDisclosure,1
",",",",s,,0
bound,bound,s,ReportingEvents,0
hand,hand,c,SenseObject,0
",",",",s,,0
foot,foot,c,SenseObject,0
",",",",s,,0
heart,heart,c,SenseObject,0
",",",",s,,0
mind,mind,c,SubjectivePercept,0
",",",",s,,0
wit,wit,s,StandardsPos,0
and,and,n,,0
will,will,c,PredictedFuture,0
.,.,s,,0
He,he,s,CommonAuthorities,0
that,that,s,CommonAuthorities,1
is,is,s,ReportingStates,0
in,in,s,Positivity,0
love,love,s,Positivity,1
needs,needs,s,Insist,0
no,no,s,Insist,1
other,other,s,Specifiers,0
chain,chain,s,SenseObject,0
to,to,s,,0
hold,hold,s,,0
him,him,c,PersonPronoun,0
*,*,s,,0
he,he,s,Updates,0
is,is,s,Updates,1
fast,fast,s,SubjectiveTime,0
in,in,n,Negativity,0
prison,prison,c,Negativity,1
",",",",s,,0
and,and,s,,0
locked,locked,s,ReportingEvents,0
sure,sure,s,Confidence,0
enough,enough,s,Confidence,1
for,for,s,,0
^,^,c,UNRECOGNIZED,0
scaping,scaping,c,UNRECOGNIZED,0
.,.,s,,0
O,o,s,LangRef,0
Parvagracio,parvagracio,c,UNRECOGNIZED,0
!,!,s,,0
do,do,s,Intensity,0
thou,thou,s,DirectAddress,0
talk,talk,s,Citations,0
of,of,n,Citations,1
going,going,c,ReportingEvents,0
?,?,s,Question,0
whither,whither,s,SpaceRelation,0
should,should,s,Future_Question,0
I,i,s,Future_Question,1
go,go,c,ReportingEvents,0
?,?,s,Question,0
Is,is,s,Question,0
it,it,s,Question,1
not,not,s,DenyDisclaim,0
enough,enough,s,DenyDisclaim,1
that,that,s,,0
my,my,s,Positivity,0
love,love,s,Positivity,1
is,is,s,ReportingStates,0
gone,gone,c,ReportingStates,0
",",",",s,ReportingStates,1
and,and,s,,0
that,that,n,Generalization,0
all,all,s,Generalization,1
is,is,s,ReportingStates,0
gone,gone,s,ReportingEvents,0
with,with,s,,0
her,her,c,PersonPronoun,0
?,?,s,Question,0
my,my,s,SelfDisclosure,0
heart,heart,s,SelfDisclosure,1
is,is,s,ReportingStates,0
gone,gone,s,ReportingEvents,0
with,with,s,,0
her,her,c,PersonPronoun,0
",",",",s,,0
and,and,s,,0
she,she,s,Updates,0
is,is,s,Updates,1
gone,gone,s,SceneShift,0
away,away,s,SceneShift,1
with,with,s,,0
my,my,n,SelfDisclosure,0
heart,heart,c,SelfDisclosure,1
:,:,s,,0
whither,whither,s,SpaceRelation,0
can,can,s,Contingency,0
I,i,s,FirstPer,0
go,go,s,Negativity,0
without,without,s,Negativity,1
my,my,s,SelfDisclosure,0
heart,heart,c,SelfDisclosure,1
?,?,s,Question,0
And,and,s,,0
whither,whither,s,SpaceRelation,0
she,she,s,Updates,0
is,is,s,Updates,1
gone,gone,c,ReportingStates,0
",",",",s,ReportingStates,1
and,and,s,,0
(,(,c,,0
...,...,c,UNRECOGNIZED,0
),),n,,0
^,^,c,UNRECOGNIZED,0
he,he,s,Neutral_Attribution,0
has,has,s,Neutral_Attribution,1
carried,carried,s,ReportingEvents,0
my,my,s,SelfDisclosure,0
heart,heart,s,SelfDisclosure,1
I,i,s,FirstPer,0
know,know,s,Uncertainty,0
not,not,c,Uncertainty,1
.,.,s,,0
Sealing,sealing,c,SenseObject,0
.,.,s,Question,0
what,what,s,Question,1
ta,ta,c,AbstractConcepts,0
^^,^^,s,UNRECOGNIZED,0
(,(,c,,0
...,...,c,UNRECOGNIZED,0
),),s,,0
thou,thou,s,DirectAddress,0
of,of,s,,0
sealing,sealing,c,SenseObject,0
?,?,n,Question,0
I,i,s,SelfDisclosure,0
have,have,s,SelfDisclosure,1
set,set,s,ReportingEvents,0
my,my,s,FirstPer,0
hand,hand,c,SenseObject,0
",",",",s,,0
my,my,s,FirstPer,0
^,^,c,UNRECOGNIZED,0
ele,ele,c,UNRECOGNIZED,0
",",",",s,,0
my,my,s,FirstPer,0
har,har,c,UNRECOGNIZED,0
^,^,s,UNRECOGNIZED,0
and,and,s,Generalization,0
all,all,s,Generalization,1
to,to,s,,0
the,the,s,,0
love,love,s,StandardsPos,0
of,of,s,StandardsPos,1
her,her,c,PersonPronoun,0
.,.,s,,0
She,she,s,Updates,0
is,is,s,Updates,1
gone,gone,n,SceneShift,0
away,away,s,SceneShift,1
with,with,s,Specifiers,0
this,this,s,Specifiers,1
deed,deed,s,AbstractConcepts,0
of,of,s,AbstractConcepts,1
gift,gift,c,Positivity,0
.,.,s,ReportingStates,0
It,it,s,ReportingStates,1
is,is,s,ReportingStates,2
deliue^ed,deliue^ed,s,UNRECOGNIZED,0
before,before,s,Sequence,0
witness,witness,c,PersonProperty,0
.,.,s,ReportingStates,0
It,it,s,ReportingStates,1
is,is,s,ReportingStates,2
^,^,c,UNRECOGNIZED,0
nroll'd,nroll'd,c,UNRECOGNIZED,0
.,.,s,,0
I,i,n,SelfDisclosure,0
have,have,s,SelfDisclosure,1
acknowledged,acknowledged,s,,0
a,a,s,Positivity,0
fine,fine,c,Positivity,1
.,.,s,,0
I,i,s,SelfDisclosure,0
have,have,s,SelfDisclosure,1
suffered,suffered,s,Negativity,0
her,her,s,PersonPronoun,0
to,to,s,,0
recover,recover,s,ReportingEvents,0
against,against,s,Resistance,0
me,me,c,Resistance,1
;,;,s,,0
and,and,n,,0
delivered,delivered,s,Narrative_Verbs,0
her,her,s,Narrative_Verbs,1
peaceable,peaceable,s,StandardsPos,0
possession,possession,c,AbstractConcepts,0
.,.,s,,0
The,the,s,CommonAuthorities,0
Law,law,s,CommonAuthorities,1
is,is,s,ReportingStates,0
at,at,s,ReportingStates,1
an,an,s,Sequence,0
end,end,c,Sequence,1
*,*,s,,0
what,what,s,DirectAddress,0
else,else,s,DirectAddress,1
would,would,s,DirectAddress,2
you,you,n,DirectAddress,3
have,have,s,Cause,0
me,me,s,Cause,1
seal,seal,c,SenseObject,0
?,?,s,Question,0
I,i,s,Contingency,0
can,can,s,Contingency,1
give,give,s,,0
her,her,s,PersonPronoun,0
no,no,s,DenyDisclaim,0
further,further,s,AbstractConcepts,0
assurance,assurance,c,Confidence,0
.,.,s,,0
her,her,s,PersonPronoun,0
counsel,counsel,s,PersonProperty,0
cannot,cannot,s,DenyDisclaim,0
devise,devise,n,PrivateThinking,0
it,it,c,,0
.,.,s,Question,0
why,why,s,Question,1
do,do,s,DirectAddress,0
you,you,s,DirectAddress,1
trouble,trouble,s,Negativity,0
me,me,s,FirstPer,0
with,with,s,,0
unnecessary,unnecessary,s,StandardsNeg,0
requests,requests,nnn,Request,0
O,o,s,LangRef,0
my,my,s,FirstPer,0
good,good,s,StandardsPos,0
friend,friend,s,StandardsPos,1
Insatiato,insatiato,s,UNRECOGNIZED,0
recall,recall,s,AbstractConcepts,0
thy,thy,s,DirectAddress,0
self,self,s,SubjectivePercept,0
like,like,s,Resemblances,0
a,a,s,Resemblances,1
wise,wise,s,StandardsPos,0
man,man,c,StandardsPos,1
.,.,s,,0
thou,thou,s,DirectAddress,0
speak,speak,n,ReportingEvents,0
like,like,s,Resemblances,0
a,a,s,Resemblances,1
man,man,s,Resemblances,2
distracted,distracted,c,Negativity,0
.,.,s,Imperative,0
go,go,s,Imperative,1
with,with,s,,0
me,me,c,FirstPer,0
",",",",s,,0
and,and,s,,0
take,take,s,ReportingEvents,0
a,a,s,ReportingEvents,1
little,little,s,SenseProperty,0
rest,rest,c,,0
.,.,s,PredictedFuture,0
It,it,s,PredictedFuture,1
will,will,s,PredictedFuture,2
not,not,s,DenyDisclaim,0
be,be,s,ReportingStates,0
long,long,n,SubjectiveTime,0
before,before,s,SubjectiveTime,1
she,she,s,PersonPronoun,0
come,come,s,ReportingEvents,0
to,to,s,,0
this,this,s,SceneShift,0
place,place,s,SceneShift,1
again,again,c,RecurringEvents,0
.,.,s,,0
We,we,s,,0
will,will,s,PredictedFuture,0
send,send,s,ReportingEvents,0
your,your,s,DirectAddress,0
Page,page,s,SenseObject,0
to,to,s,,0
find,find,s,PrivateThinking,0
her,her,nnn,PrivateThinking,1
A,a,s,PrivateThinking,2
little,little,s,SenseProperty,0
rest,rest,s,,0
I,i,s,FirstPer,0
warrant,warrant,s,CommonAuthorities,0
you,you,c,DirectAddress,0
.,.,s,Imperative,0
Go,go,c,Imperative,1
?,?,s,Question,0
you,you,s,DirectAddress,0
are,are,s,DirectAddress,1
still,still,s,Updates,0
upon,upon,s,,0
going,going,c,ReportingEvents,0
.,.,s,Imperative,0
Go,go,s,Imperative,1
whither,whither,s,SpaceRelation,0
you,you,n,DirectAddress,0
will,will,c,PredictedFuture,0
",",",",s,,0
I,i,s,FirstPer,0
will,will,s,PredictedFuture,0
not,not,s,PredictedFuture,1
stir,stir,s,Motions,0
a,a,s,SenseObject,0
foot,foot,s,SenseObject,1
from,from,s,,0
hence,hence,c,ReasonForward,0
.,.,s,Question,0
What,what,s,Question,1
if,if,s,Contingency,0
she,she,s,Contingency,1
come,come,s,ReportingEvents,0
in,in,s,ReportingEvents,1
our,our,s,Inclusive,0
absence,absence,c,Negativity,0
",",",",n,,0
and,and,s,,0
go,go,s,SceneShift,0
away,away,s,SceneShift,1
discontented,discontented,c,Negativity,0
?,?,s,Question,0
then,then,s,,0
shall,shall,s,Future_Question,0
I,i,s,Future_Question,1
never,never,s,DenyDisclaim,0
see,see,s,,0
nor,nor,s,DenyDisclaim,0
hear,hear,s,SenseProperty,0
her,her,s,SenseProperty,1
again,again,c,RecurringEvents,0
.,.,s,,0
No,no,c,DenyDisclaim,0
^,^,n,UNRECOGNIZED,0
here,here,s,SpaceRelation,0
I,i,s,Sad,0
lost,lost,s,Sad,1
her,her,c,PersonPronoun,0
",",",",s,,0
here,here,s,SpaceRelation,0
I,i,s,FirstPer,0
will,will,s,PredictedFuture,0
find,find,s,,0
her,her,c,PersonPronoun,0
",",",",s,,0
or,or,s,,0
lose,lose,s,Sad,0
my,my,s,Sad,1
self,self,nnn,SubjectivePercept,0
But,but,s,Resistance,0
you,you,s,DirectAddress,0
will,will,s,Fear,0
trouble,trouble,s,Fear,1
and,and,s,,0
hinder,hinder,s,Resistance,0
other,other,s,Specifiers,0
actors,actors,s,PersonProperty,0
that,that,s,,0
have,have,s,,0
parts,parts,s,AbstractConcepts,0
here,here,s,SpaceRelation,0
to,to,s,SpaceRelation,1
play,play,s,ReportingEvents,0
as,as,n,Metadiscourse,0
well,well,s,Metadiscourse,1
as,as,s,Metadiscourse,2
you,you,nnn,DirectAddress,0
Actors,actors,c,PersonProperty,0
.,.,s,Question,0
what,what,s,Question,1
actors,actors,c,PersonProperty,0
?,?,s,Question,0
Is,is,s,ReportingStates,0
this,this,s,,0
a,a,s,SenseObject,0
stage,stage,c,SenseObject,1
?,?,s,Question,0
Is,is,s,ReportingStates,0
this,this,s,,0
a,a,s,,0
play,play,c,ReportingEvents,0
?,?,s,Question,0
no,no,c,DenyDisclaim,0
.,.,s,ReportingStates,0
it,it,s,ReportingStates,1
is,is,s,ReportingStates,2
a,a,s,,0
game,game,s,AbstractConcepts,0
in,in,n,Disclosure,0
earnest,earnest,c,Disclosure,1
.,.,s,ReportingStates,0
it,it,s,ReportingStates,1
is,is,s,ReportingStates,2
no,no,s,DenyDisclaim,0
jest,jest,c,Positivity,0
",",",",s,,0
it,it,s,,0
is,is,s,ReportingStates,0
love,love,s,Positivity,0
in,in,s,,0
sadness,sadness,c,Sad,0
.,.,s,DirectAddress,0
Let,let,s,DirectAddress,1
them,them,s,DirectAddress,2
come,come,s,ReportingEvents,0
that,that,s,,0
come,come,s,ReportingEvents,0
will,will,c,PredictedFuture,0
:,:,s,,0
if,if,n,Contingency,0
any,any,s,Contingency,1
come,come,s,ReportingEvents,0
but,but,s,Resistance,0
my,my,s,Positivity,0
love,love,c,Positivity,1
",",",",s,,0
I,i,s,SelfDisclosure,0
have,have,s,SelfDisclosure,1
nothing,nothing,s,DenyDisclaim,0
to,to,s,DenyDisclaim,1
say,say,s,DenyDisclaim,2
to,to,s,,0
them,them,c,,0
.,.,s,DirectAddress,0
Do,do,s,DirectAddress,1
you,you,s,DirectAddress,2
as,as,s,DirectAddress,0
you,you,s,DirectAddress,1
think,think,n,Positivity,0
good,good,nnn,Positivity,1
Nay,nay,c,OralCues,0
",",",",s,,0
if,if,s,Contingency,0
you,you,s,DirectAddress,0
stay,stay,c,TimeDuration,0
",",",",s,,0
I,i,s,FirstPer,0
will,will,s,PredictedFuture,0
not,not,s,PredictedFuture,1
go,go,c,ReportingEvents,0
.,.,s,,0
I,i,s,FirstPer,0
will,will,s,PredictedFuture,0
not,not,s,PredictedFuture,1
leave,leave,s,,0
my,my,s,FirstPer,0
friend,friend,s,StandardsPos,0
so,so,c,Intensity,0
.,.,nnn,Intensity,1
Have,have,s,DirectAddress,0
you,you,s,DirectAddress,1
locked,locked,s,ReportingEvents,0
up,up,s,ReportingEvents,1
all,all,s,Generalization,0
the,the,s,Generalization,1
doors,doors,c,SenseObject,0
",",",",s,,0
and,and,s,,0
delivered,delivered,s,Narrative_Verbs,0
the,the,s,Narrative_Verbs,1
foul,foul,s,Negativity,0
linen,linen,s,SenseObject,0
to,to,s,GenericEvents,0
be,be,s,GenericEvents,1
washed,washed,c,ReportingEvents,0
*,*,nn,,0
All,all,s,,0
is,is,s,ReportingStates,0
safe,safe,c,StandardsPos,0
",",",",s,,0
and,and,s,,0
every,every,s,Generalization,0
thing,thing,s,Generalization,1
done,done,c,ReportingStates,0
.,.,nnn,ReportingStates,1
Have,have,s,DirectAddress,0
you,you,s,DirectAddress,1
given,given,s,ReportingStates,0
the,the,s,,0
Cobblers,cobblers,s,SenseObject,0
wife,wife,s,PersonProperty,0
the,the,s,,0
7,7,s,Numbers,0
eggs,eggs,s,SenseObject,0
we,we,s,,0
left,left,s,SceneShift,0
at,at,s,,0
breakefast,breakefast,c,UNRECOGNIZED,0
?,?,nnn,Question,0
She,she,s,Neutral_Attribution,0
has,has,s,Neutral_Attribution,1
them,them,c,,0
.,.,nnn,ReportingStates,0
This,this,s,ReportingStates,1
is,is,s,ReportingStates,2
but,but,s,Resistance,0
ill,ill,s,Negativity,0
husbandry,husbandry,s,AbstractConcepts,0
to,to,s,,0
lose,lose,s,Negativity,0
7,7,s,Numbers,0
eggs,eggs,s,SenseObject,0
at,at,s,SpaceRelation,0
a,a,s,SpaceRelation,1
^^,^^,c,UNRECOGNIZED,0
ap,ap,c,AbstractConcepts,0
",",",",s,,0
and,and,s,,0
my,my,s,FirstPer,0
belly,belly,s,SenseObject,0
not,not,s,DenyDisclaim,0
very,very,n,Intensity,0
full,full,nnn,,0
Sir,sir,c,PersonProperty,0
",",",",s,,0
they,they,s,ReportingStates,0
are,are,s,ReportingStates,1
well,well,s,SenseObject,0
bestowed,bestowed,c,StandardsPos,0
",",",",s,,0
they,they,s,,0
will,will,s,PredictedFuture,0
do,do,s,Intensity,0
the,the,s,StandardsNeg,0
poor,poor,s,StandardsNeg,1
woman,woman,s,PersonProperty,0
good,good,c,,0
",",",",s,,0
and,and,s,,0
you,you,s,DirectAddress,0
have,have,n,DirectAddress,1
eaten,eaten,s,ReportingEvents,0
pretty,pretty,s,Intensity,0
well,well,nnn,Intensity,1
I,i,s,SelfDisclosure,0
have,have,s,SelfDisclosure,1
not,not,s,DenyDisclaim,0
eaten,eaten,s,ReportingEvents,0
so,so,s,Intensity,0
well,well,s,Intensity,1
as,as,s,DirectAddress,0
you,you,s,DirectAddress,1
think,think,s,PrivateThinking,0
for,for,c,,0
.,.,s,DirectAddress,0
And,and,s,DirectAddress,1
they,they,s,ReportingStates,0
are,are,s,ReportingStates,1
not,not,s,StandardsNeg,0
fit,fit,s,StandardsNeg,1
meat,meat,s,SenseObject,0
for,for,s,SubjectivePercept,0
her,her,n,SubjectivePercept,1
mouth,mouth,c,Citations,0
:,:,s,Citations,1
some,some,s,Uncertainty,0
grosser,grosser,s,Negativity,0
meat,meat,s,SenseObject,0
would,would,s,ProjectBack,0
do,do,s,Intensity,0
her,her,s,PersonPronoun,0
more,more,s,Comparison,0
good,good,nnn,,0
I,i,s,FirstPer,0
warrant,warrant,s,CommonAuthorities,0
you,you,s,DirectAddress,0
Sir,sir,c,PersonProperty,0
",",",",s,,0
she,she,s,Contingency,0
can,can,s,Contingency,1
eat,eat,s,ReportingEvents,0
an,an,s,SenseObject,0
egg,egg,s,SenseObject,1
without,without,s,Contingency,0
surfeiting,surfeiting,c,StandardsNeg,0
",",",",s,,0
as,as,s,Metadiscourse,0
well,well,s,Metadiscourse,1
as,as,s,Metadiscourse,2
the,the,n,Metadiscourse,3
finest,finest,s,StandardsPos,0
Lady,lady,s,PersonProperty,0
in,in,s,,0
this,this,s,,0
Land,land,nnn,AbstractConcepts,0
Come,come,s,Transformation,0
on,on,c,Transformation,1
",",",",s,ReasonForward,0
since,since,s,ReasonForward,1
it,it,s,,0
is,is,s,Updates,0
done,done,c,Updates,1
",",",",s,,0
let,let,s,ReportingEvents,0
them,them,s,ReportingEvents,1
go,go,c,ReportingEvents,0
:,:,s,,0
but,but,s,Resistance,0
Simplo,simplo,c,UNRECOGNIZED,0
",",",",s,,0
fetch,fetch,s,Motions,0
them,them,s,,0
again,again,c,RecurringEvents,0
.,.,s,Imperative,0
Tell,tell,s,Imperative,1
the,the,n,PersonProperty,0
woman,woman,c,PersonProperty,1
",",",",s,,0
she,she,s,PersonPronoun,0
shall,shall,s,ProjectAhead,0
have,have,s,ReportingStates,0
as,as,s,ReportingStates,1
many,many,s,,0
or,or,s,,0
more,more,s,Comparison,0
another,another,s,TimeShift,0
time,time,nnn,TimeShift,1
now,now,s,Immediacy,0
we,we,s,Metadiscourse,0
shall,shall,c,Metadiscourse,1
.,.,c,,0
),),s,,0
And,and,s,,0
but,but,s,Exceptions,0
for,for,s,Exceptions,1
fowling,fowling,s,AbstractConcepts,0
the,the,s,,0
cloake-bag,cloake-bag,c,UNRECOGNIZED,0
",",",",s,,0
and,and,s,,0
his,his,s,PersonPronoun,0
clothes,clothes,c,SenseObject,0
",",",",s,,0
we,we,s,ProjectBack,0
had,had,n,ProjectBack,1
carried,carried,s,ReportingEvents,0
these,these,s,Immediacy,0
eggs,eggs,s,SenseObject,0
now,now,nnn,Immediacy,0
There,there,s,DenyDisclaim,0
is,is,s,DenyDisclaim,1
no,no,s,DenyDisclaim,2
such,such,s,Intensity,0
stuff,stuff,s,Uncertainty,0
now,now,s,Updates,0
in,in,s,Updates,1
the,the,s,,0
cloake-bagge,cloake-bagge,s,UNRECOGNIZED,0
I,i,s,FirstPer,0
trow,trow,c,SenseObject,0
?,?,s,Question,0
If,if,s,Contingency,0
I,i,s,SelfDisclosure,0
thought,thought,s,SelfDisclosure,1
there,there,n,ProjectBack,0
were,were,c,ProjectBack,1
",",",",s,,0
I,i,s,SelfDisclosure,0
would,would,s,SelfDisclosure,1
throw,throw,s,ProjectAhead,0
it,it,s,ProjectAhead,1
to,to,s,ProjectAhead,2
the,the,s,SenseObject,0
dogs,dogs,s,SenseObject,1
rather,rather,s,Resistance,0
then,then,s,,0
it,it,s,Insist,0
should,should,s,Insist,1
ride,ride,s,,0
behind,behind,s,,0
me,me,nnn,FirstPer,0
Is,is,s,ReportingStates,0
there,there,s,DenyDisclaim,0
not,not,c,DenyDisclaim,1
?,?,s,Question,0
it,it,s,,0
is,is,s,ReportingStates,0
a,a,s,ReportingStates,1
great,great,s,Confidence,0
chance,chance,s,Confidence,1
then,then,c,,0
;,;,s,,0
and,and,s,,0
I,i,s,SelfDisclosure,0
am,am,s,SelfDisclosure,1
much,much,s,Intensity,0
deceived,deceived,s,Anger,0
if,if,s,Contingency,0
there,there,s,Contingency,1
be,be,n,Contingency,2
none,none,c,DenyDisclaim,0
:,:,s,,0
for,for,s,ReasonBackward,0
there,there,s,ReasonBackward,1
were,were,s,ProjectBack,0
some,some,s,Uncertainty,0
scrappes,scrappes,s,UNRECOGNIZED,0
left,left,s,SceneShift,0
yesternight,yesternight,c,ProjectBack,0
",",",",s,,0
and,and,s,,0
I,i,s,SelfDisclosure,0
find,find,s,SelfDisclosure,1
them,them,s,SelfDisclosure,2
not,not,s,DenyDisclaim,0
in,in,n,,0
any,any,s,,0
room,room,s,SenseObject,0
in,in,s,SpaceRelation,0
the,the,s,SpaceRelation,1
house,house,nnn,SpaceRelation,2
That,that,s,,0
shall,shall,s,ProjectAhead,0
be,be,s,ProjectAhead,1
tried,tried,s,,0
by,by,s,TimeShift,0
and,and,s,TimeShift,1
by,by,c,TimeShift,2
.,.,s,,0
Be,be,s,ReportingStates,0
these,these,s,Immediacy,0
his,his,s,PersonPronoun,0
tricks,tricks,c,SubjectivePercept,0
?,?,s,Question,0
though,though,s,Concessive,0
I,i,s,FirstPer,0
be,be,s,ReportingStates,0
his,his,n,PersonPronoun,0
horse-keeper,horse-keeper,c,UNRECOGNIZED,0
",",",",s,,0
I,i,s,FirstPer,0
Will,will,s,PredictedFuture,0
carry,carry,s,Motions,0
no,no,s,DenyDisclaim,0
coals,coals,s,SenseObject,0
nor,nor,s,DenyDisclaim,0
bones,bones,s,SenseObject,0
neither,neither,s,DenyDisclaim,0
I,i,s,FirstPer,0
trow,trow,c,SenseObject,0
.,.,s,,0
(,(,c,,0
he,he,s,Neutral_Attribution,0
undoes,undoes,s,Neutral_Attribution,1
an,an,n,Sequence,0
end,end,s,Sequence,1
of,of,s,Sequence,2
the,the,s,,0
cloake-bag,cloake-bag,c,UNRECOGNIZED,0
",",",",s,,0
and,and,s,,0
there,there,s,,0
takes,takes,s,SceneShift,0
out,out,s,SceneShift,1
a,a,s,SceneShift,2
napkin,napkin,s,SenseObject,0
full,full,s,Specifiers,0
of,of,s,Specifiers,1
pieces,pieces,s,SenseObject,0
of,of,s,SenseObject,1
bread,bread,c,SenseObject,0
",",",",s,,0
a,a,n,,0
quarter,quarter,s,,0
of,of,s,,0
a,a,s,,0
breast,breast,s,PersonProperty,0
of,of,s,,0
mutton,mutton,c,SenseObject,0
",",",",s,,0
a,a,s,,0
piece,piece,s,SenseObject,0
of,of,s,SenseObject,1
boyl^d,boyl^d,s,UNRECOGNIZED,0
beef,beef,c,SenseObject,0
",",",",s,,0
a,a,s,,0
pudding,pudding,c,SenseObject,0
",",",",s,,0
a,a,s,SenseObject,0
bone,bone,s,SenseObject,1
of,of,s,,0
a,a,n,,0
loine,loine,s,UNRECOGNIZED,0
of,of,s,,0
veale,veale,c,UNRECOGNIZED,0
:,:,s,,0
that,that,s,,0
he,he,s,PersonPronoun,0
vnpinneth,vnpinneth,c,UNRECOGNIZED,0
",",",",s,,0
and,and,s,,0
lifting,lifting,s,ReportingEvents,0
it,it,s,,0
up,up,s,,0
by,by,s,Specifiers,0
one,one,s,Specifiers,1
corner,corner,c,SpaceRelation,0
",",",",s,,0
lets,lets,s,ReportingEvents,0
all,all,n,,0
fall,fall,c,,0
",",",",s,,0
and,and,s,,0
presently,presently,s,TimeShift,0
catches,catches,s,ReportingEvents,0
at,at,s,ReportingEvents,1
them,them,s,,0
with,with,s,,0
his,his,s,SenseObject,0
hands,hands,s,SenseObject,1
upon,upon,s,,0
the,the,s,SenseObject,0
ground,ground,c,SenseObject,1
",",",",s,,0
scrambling,scrambling,n,Motions,0
every,every,s,Generalization,0
way,way,s,AbstractConcepts,0
as,as,s,Contingency,0
he,he,s,Contingency,1
would,would,s,Contingency,2
ca^ch,ca^ch,s,UNRECOGNIZED,0
at,at,s,SpaceRelation,0
a,a,s,SpaceRelation,1
Rat,rat,c,SenseObject,0
",",",",s,,0
saying,saying,c,Citations,0
.,.,c,,0
),),s,,0
What,what,s,Question,0
Is,is,s,Question,1
become,become,s,Transformation,0
of,of,s,Transformation,1
her,her,c,PersonPronoun,0
?,?,s,Question,0
take,take,n,SubjectivePercept,0
heed,heed,s,SubjectivePercept,1
gentlewomen,gentlewomen,s,PersonProperty,0
she,she,s,PersonPronoun,0
get,get,s,,0
not,not,s,DenyDisclaim,0
up,up,c,,0
.,.,s,,0
I,i,s,Self_Promise,0
swear,swear,c,Self_Promise,1
",",",",s,,0
I,i,s,Autobio,0
had,had,s,Autobio,1
almost,almost,s,SubjectivePercept,0
caught,caught,s,Narrative_Verbs,0
her,her,c,Narrative_Verbs,1
.,.,s,Question,0
Was,was,s,Question,1
there,there,n,Question,2
not,not,s,DenyDisclaim,0
a,a,s,DenyDisclaim,1
Rat,rat,s,SenseObject,0
there,there,c,,0
?,?,s,Question,0
Masters,masters,c,StandardsPos,0
",",",",s,,0
you,you,s,DirectAddress,0
below,below,c,Specifiers,0
",",",",s,Specifiers,1
came,came,s,ReportingEvents,0
she,she,s,PersonPronoun,0
not,not,s,DenyDisclaim,0
that,that,s,DenyDisclaim,1
way,way,nnn,AbstractConcepts,0
Langheth,langheth,c,UNRECOGNIZED,0
",",",",s,,0
and,and,s,,0
says,says,c,Citations,0
.,.,s,Question,0
How,how,s,Question,1
now,now,s,Immediacy,0
Purgato,purgato,c,UNRECOGNIZED,0
.,.,s,Question,0
What,what,c,Question,1
",",",",s,Question,2
art,art,s,AbstractConcepts,0
thou,thou,s,DirectAddress,0
at,at,s,,0
span-counter,span-counter,s,AbstractConcepts,0
with,with,n,,0
Rats,rats,c,SenseObject,0
?,?,s,Question,0
I,i,s,FirstPer,0
perceive,perceive,s,PrivateThinking,0
thou,thou,s,DirectAddress,0
would,would,s,Contingency,0
have,have,s,Contingency,1
fought,fought,s,Resistance,0
with,with,s,,0
any,any,s,,0
Rat,rat,s,SenseObject,0
in,in,s,,0
London,london,s,,0
rather,rather,s,Resistance,0
then,then,n,Sequence,0
she,she,s,Sequence,1
should,should,s,Insist,0
have,have,s,,0
be,be,s,ReportingStates,0
guil'd,guil'd,s,UNRECOGNIZED,0
thee,thee,s,DirectAddress,0
of,of,s,,0
thy,thy,s,DirectAddress,0
provender,provender,nnn,SenseObject,0
My,my,s,FirstPer,0
provender,provender,c,SenseObject,0
?,?,s,Question,0
the,the,s,SenseObject,0
dogs,dogs,s,SenseObject,1
shall,shall,s,ProjectAhead,0
^,^,c,UNRECOGNIZED,0
ate,ate,s,ReportingEvents,0
it,it,c,,0
",",",",s,,0
before,before,s,Sequence,0
any,any,s,,0
bit,bit,s,Motions,0
shall,shall,s,ProjectAhead,0
come,come,s,ReportingEvents,0
in,in,s,ReportingEvents,1
my,my,s,FirstPer,0
mouth,mouth,c,SenseObject,0
.,.,n,Question,0
How,how,s,Question,1
came,came,s,ReportingEvents,0
he,he,s,PersonPronoun,0
by,by,s,,0
these,these,s,Immediacy,0
scraps,scraps,c,SenseObject,0
",",",",s,,0
and,and,s,,0
what,what,s,Future_Question,0
would,would,s,Future_Question,1
he,he,s,PersonPronoun,0
do,do,s,ReportingEvents,0
with,with,s,ReportingEvents,1
them,them,nnn,,0
Thou,thou,s,DirectAddress,0
art,art,s,AbstractConcepts,0
but,but,s,Resistance,0
a,a,s,,0
novice,novice,s,PersonProperty,0
Purgato,purgato,c,UNRECOGNIZED,0
.,.,s,DirectAddress,0
and,and,s,DirectAddress,1
had,had,s,ProjectBack,0
as,as,s,Comparison,0
much,much,s,Comparison,1
wit,wit,s,StandardsPos,0
when,when,s,,0
thou,thou,s,DirectAddress,0
suckedst,suckedst,s,UNRECOGNIZED,0
(,(,c,,0
I,i,n,SelfDisclosure,0
think,think,c,SelfDisclosure,1
),),s,,0
as,as,s,Immediacy,0
now,now,c,Immediacy,1
.,.,s,DirectAddress,0
And,and,s,DirectAddress,1
besides,besides,s,Specifiers,0
for,for,s,Specifiers,0
that,that,s,Specifiers,1
thou,thou,s,DirectAddress,0
came,came,s,ReportingEvents,0
to,to,s,PersonPronoun,0
him,him,s,PersonPronoun,1
but,but,s,Resistance,0
yesterday,yesterday,s,ProjectBack,0
(,(,c,,0
in,in,s,Resemblances,0
a,a,n,Resemblances,1
manner,manner,c,Resemblances,2
),),s,,0
art,art,s,AbstractConcepts,0
ignorant,ignorant,s,StandardsNeg,0
of,of,s,,0
his,his,s,PersonPronoun,0
fashions,fashions,c,SenseObject,0
.,.,s,,0
I,i,s,FirstPer,0
will,will,s,PredictedFuture,0
instruct,instruct,s,ReportingEvents,0
thee,thee,c,DirectAddress,0
.,.,s,,0
The,the,s,TimeDuration,0
night,night,s,TimeDuration,1
before,before,s,Sequence,0
he,he,n,Neutral_Attribution,0
rides,rides,s,Neutral_Attribution,1
from,from,s,,0
London,london,c,,0
",",",",s,,0
he,he,s,PersonPronoun,0
will,will,s,PredictedFuture,0
invite,invite,s,ReportingEvents,0
some,some,s,Specifiers,0
of,of,s,Specifiers,1
his,his,s,PersonPronoun,0
acquaintance,acquaintance,s,PersonProperty,0
to,to,s,,0
supper,supper,s,SpaceRelation,0
with,with,s,SpaceRelation,1
him,him,n,PersonPronoun,0
(,(,c,,0
at,at,s,,0
their,their,s,SubjectivePercept,0
own,own,s,SubjectivePercept,1
charge,charge,s,AbstractConcepts,0
more,more,s,Comparison,0
then,then,s,,0
his,his,c,PersonPronoun,0
),),s,,0
then,then,s,,0
the,the,s,,0
remnant,remnant,s,ProjectBack,0
he,he,s,PersonPronoun,0
packeth,packeth,s,UNRECOGNIZED,0
up,up,s,,0
thus,thus,c,ReasonForward,0
.,.,s,DirectAddress,0
And,and,n,DirectAddress,1
at,at,s,Sequence,0
the,the,s,Sequence,1
next,next,s,Sequence,2
Inn,inn,s,SenseObject,0
he,he,s,PersonPronoun,0
lodges,lodges,s,SpaceRelation,0
in,in,s,SpaceRelation,1
(,(,c,,0
if,if,s,Contingency,0
it,it,s,Contingency,1
be,be,s,ReportingStates,0
two,two,s,Numbers,0
days,days,s,TimeDuration,0
thence,thence,c,ProjectAhead,0
),),s,,0
he,he,s,PersonPronoun,0
^,^,c,UNRECOGNIZED,0
ates,ates,s,UNRECOGNIZED,0
these,these,s,Immediacy,0
^,^,c,UNRECOGNIZED,0
ates,ates,n,UNRECOGNIZED,0
under,under,s,SpaceRelation,0
the,the,s,SpaceRelation,1
color,color,s,AbstractConcepts,0
of,of,s,,0
a,a,s,SubjectivePercept,0
little,little,s,SubjectivePercept,1
joint,joint,s,SenseObject,0
there,there,s,,0
dressed,dressed,c,SenseProperty,0
.,.,s,DirectAddress,0
And,and,s,DirectAddress,1
by,by,s,,0
this,this,s,ReasonForward,0
means,means,s,ReasonForward,1
he,he,s,Updates,0
is,is,n,Updates,1
counted,counted,s,ReportingEvents,0
at,at,s,,0
his,his,s,PersonPronoun,0
Inn,inn,s,SenseObject,0
a,a,s,Intensity,0
very,very,s,Intensity,1
small,small,s,SenseProperty,0
meateman,meateman,c,UNRECOGNIZED,0
",",",",s,Resistance,0
but,but,s,Resistance,1
everie-where,everie-where,s,UNRECOGNIZED,0
else,else,s,Contingency,0
a,a,s,Contingency,1
tall,tall,n,SenseProperty,0
trencher-man,trencher-man,c,PersonProperty,0
.,.,s,Resistance,0
But,but,s,Resistance,1
thou,thou,s,DirectAddress,0
must,must,s,Insist,0
understand,understand,s,PrivateThinking,0
the,the,s,PrivateThinking,1
chamberlain,chamberlain,s,PersonProperty,0
and,and,s,,0
tapster,tapster,s,PersonProperty,0
are,are,s,ReportingStates,0
sent,sent,n,SceneShift,0
down,down,s,SceneShift,1
when,when,s,Curiosity,0
these,these,s,Curiosity,1
dainties,dainties,s,PersonProperty,0
are,are,s,ReportingStates,0
in,in,s,,0
devouring,devouring,nnn,Motions,0
But,but,s,Resistance,0
do,do,s,DirectAddress,0
you,you,s,DirectAddress,1
eat,eat,s,ReportingEvents,0
any,any,s,Specifiers,0
of,of,s,Specifiers,1
this,this,s,,0
dainty,dainty,s,PersonProperty,0
trashe,trashe,s,UNRECOGNIZED,0
with,with,s,,0
him,him,c,PersonPronoun,0
?,?,nnn,Question,0
Or,or,s,Contingency,0
else,else,s,Contingency,1
I,i,s,Insist,0
must,must,s,Insist,1
go,go,s,Negativity,0
hungry,hungry,s,Negativity,1
to,to,s,,0
bed,bed,c,SenseObject,0
",",",",s,,0
and,and,s,,0
ride,ride,s,,0
empty,empty,s,ReportingEvents,0
the,the,s,ReportingEvents,1
next,next,s,PredictedFuture,0
day,day,c,PredictedFuture,1
.,.,nnn,,0
As,as,s,,0
true,true,s,Resemblances,0
as,as,s,Resemblances,1
I,i,s,SelfDisclosure,0
live,live,c,SelfDisclosure,1
",",",",s,,0
he,he,s,PersonPronoun,0
shall,shall,s,ProjectAhead,0
never,never,s,DenyDisclaim,0
bring,bring,s,,0
me,me,s,FirstPer,0
to,to,s,,0
this,this,s,,0
gear,gear,c,SenseObject,0
.,.,s,DirectAddress,0
And,and,s,DirectAddress,1
the,the,s,Sequence,0
next,next,s,Sequence,1
time,time,n,Sequence,2
he,he,s,Neutral_Attribution,0
makes,makes,s,Neutral_Attribution,1
such,such,s,Specifiers,0
a,a,s,Specifiers,1
mess,mess,c,Negativity,0
",",",",s,,0
I,i,s,FirstPer,0
Will,will,s,PredictedFuture,0
provide,provide,s,StandardsPos,0
sauce,sauce,c,SenseObject,0
:,:,s,,0
for,for,s,,0
I,i,s,FirstPer,0
Will,will,s,PredictedFuture,0
put,put,s,Narrative_Verbs,0
a,a,s,Narrative_Verbs,1
fresh,fresh,s,SenseProperty,0
horse-turd,horse-turd,s,UNRECOGNIZED,0
in,in,s,Specifiers,0
the,the,n,Specifiers,1
midst,midst,c,Specifiers,2
.,.,s,DirectAddress,0
And,and,s,DirectAddress,1
my,my,s,FirstPer,0
trotting,trotting,s,Motions,0
horse,horse,s,SenseObject,0
will,will,s,PredictedFuture,0
soon,soon,s,PredictedFuture,1
season,season,s,RecurringEvents,0
it,it,s,Generalization,0
all,all,s,Generalization,1
alike,alike,nnn,Inclusive,0
Come,come,s,SceneShift,0
away,away,c,SceneShift,1
",",",",s,,0
I,i,s,SelfDisclosure,0
have,have,s,SelfDisclosure,1
eaten,eaten,s,ReportingEvents,0
four,four,s,Numbers,0
of,of,s,,0
these,these,s,Immediacy,0
eggs,eggs,c,SenseObject,0
",",",",s,,0
the,the,s,,0
rest,rest,s,,0
I,i,s,SelfDisclosure,0
have,have,s,SelfDisclosure,1
put,put,s,Motions,0
in,in,s,Motions,1
branne,branne,s,UNRECOGNIZED,0
to,to,n,ProjectAhead,0
preserve,preserve,s,ProjectAhead,1
against,against,s,Resistance,0
the,the,s,Resistance,1
nex,nex,s,UNRECOGNIZED,0
Term,term,c,AbstractConcepts,0
:,:,s,,0
but,but,s,Resistance,0
what,what,s,Resistance,1
is,is,s,SpaceRelation,0
here,here,c,SpaceRelation,1
?,?,s,Question,0
how,how,s,,0
came,came,s,ReportingEvents,0
this,this,s,,0
meat,meat,s,SenseObject,0
here,here,c,SpaceRelation,0
?,?,n,Question,0
me,me,s,FirstPer,0
thinks,thinks,s,PrivateThinking,0
I,i,s,Curiosity,0
should,should,s,Curiosity,1
know,know,s,Curiosity,2
these,these,s,Immediacy,0
pieces,pieces,nnn,SenseObject,0
It,it,s,Contingency,0
may,may,s,Contingency,1
be,be,s,Contingency,2
so,so,s,,0
Sir,sir,c,PersonProperty,0
",",",",s,Resistance,0
but,but,s,Resistance,1
I,i,s,FirstPer,0
did,did,s,ReportingEvents,0
never,never,s,DenyDisclaim,0
see,see,s,,0
the,the,s,Resemblances,0
like,like,c,Resemblances,1
.,.,nnn,Question,0
Why,why,s,Question,1
so,so,c,,0
?,?,nnn,Question,0
As,as,s,SelfDisclosure,0
I,i,s,SelfDisclosure,1
had,had,s,ProjectBack,0
the,the,s,,0
cloake-bag,cloake-bag,s,UNRECOGNIZED,0
under,under,s,,0
mine,mine,s,FirstPer,0
arm,arm,c,SenseObject,0
",",",",s,,0
I,i,s,SelfDisclosure,0
felt,felt,s,SelfDisclosure,1
a,a,s,Specifiers,0
thing,thing,s,Specifiers,1
stir,stir,s,Motions,0
within,within,s,,0
it,it,c,,0
:,:,s,,0
and,and,n,,0
in,in,s,,0
searching,searching,c,SpaceRelation,0
*,*,s,,0
I,i,s,FirstPer,0
found,found,s,ReportingEvents,0
these,these,s,Immediacy,0
scraps,scraps,c,SenseObject,0
",",",",s,,0
and,and,s,,0
among,among,s,,0
them,them,s,,0
an,an,s,,0
huge,huge,s,Intensity,0
Rat,rat,c,SenseObject,0
.,.,s,DirectAddress,0
And,and,s,DirectAddress,1
she,she,s,PersonPronoun,0
went,went,n,SceneShift,0
away,away,s,SceneShift,1
invisible,invisible,c,AbstractConcepts,0
:,:,s,,0
for,for,s,ReasonForward,0
I,i,s,ReasonForward,1
am,am,s,ReasonForward,2
sure,sure,s,Confidence,0
we,we,s,Contingency,0
could,could,s,Contingency,1
not,not,s,DenyDisclaim,0
see,see,s,DenyDisclaim,1
which,which,s,,0
way,way,s,AbstractConcepts,0
she,she,s,Neutral_Attribution,0
ran,ran,c,Neutral_Attribution,1
",",",",s,,0
nor,nor,s,DenyDisclaim,0
could,could,s,Contingency,0
I,i,n,FirstPer,0
catch,catch,s,ReportingEvents,0
her,her,c,PersonPronoun,0
",",",",s,,0
do,do,s,Curiosity,0
what,what,s,Curiosity,1
I,i,s,Contingency,0
could,could,c,Contingency,1
",",",",s,,0
and,and,s,Resistance,0
yet,yet,s,Resistance,1
I,i,s,FirstPer,0
scambled,scambled,s,UNRECOGNIZED,0
at,at,s,,0
her,her,s,PersonPronoun,0
with,with,s,,0
both,both,s,,0
my,my,s,FirstPer,0
hands,hands,nnn,SenseObject,0
Why,why,s,Curiosity,0
do,do,s,Curiosity,1
you,you,s,DirectAddress,0
not,not,s,DenyDisclaim,0
gather,gather,s,ReportingEvents,0
up,up,s,,0
the,the,s,SenseObject,0
meat,meat,c,SenseObject,1
",",",",s,,0
and,and,s,,0
put,put,s,ReportingEvents,0
it,it,s,ReportingEvents,1
up,up,s,,0
again,again,c,RecurringEvents,0
?,?,nnn,Question,0
What,what,c,Question,0
?,?,s,Question,1
and,and,s,,0
the,the,s,,0
Rat,rat,s,SenseObject,0
had,had,s,ProjectBack,0
pissed,pissed,s,Anger,0
on,on,s,SpaceRelation,0
it,it,s,SpaceRelation,1
for,for,s,Fear,0
fear,fear,c,Fear,1
",",",",s,,0
and,and,s,,0
it,it,s,,0
stinkes,stinkes,s,UNRECOGNIZED,0
too,too,s,Negativity,0
bad,bad,c,Negativity,1
.,.,nnn,Curiosity,0
How,how,s,Curiosity,1
can,can,s,Curiosity,2
thou,thou,s,DirectAddress,0
tell,tell,s,Citations,0
that,that,s,Citations,1
a,a,s,,0
Rat,rat,s,SenseObject,0
had,had,s,ProjectBack,0
pissed,pissed,s,Anger,0
on,on,s,SpaceRelation,0
it,it,c,SpaceRelation,1
",",",",s,,0
when,when,s,DirectAddress,0
you,you,s,DirectAddress,1
confess,confess,s,Disclosure,0
you,you,s,DirectAddress,0
did,did,s,ReportingEvents,0
see,see,n,,0
no,no,s,DenyDisclaim,0
Rat,rat,nnn,SenseObject,0
No,no,c,OralCues,0
",",",",s,OralCues,1
not,not,s,DenyDisclaim,0
which,which,s,,0
way,way,s,AbstractConcepts,0
she,she,s,Neutral_Attribution,0
ran,ran,s,Neutral_Attribution,1
away,away,c,,0
.,.,s,Resistance,0
But,but,s,Resistance,1
if,if,s,Contingency,0
yonder,yonder,s,SpaceRelation,0
boy,boy,s,PersonProperty,0
had,had,s,ProjectBack,0
gaped,gaped,s,ReportingEvents,0
wide,wide,s,SenseProperty,0
enough,enough,c,SubjectivePercept,0
",",",",s,,0
he,he,n,PersonPronoun,0
might,might,s,Contingency,0
have,have,s,Contingency,1
caught,caught,s,Narrative_Verbs,0
her,her,s,Narrative_Verbs,1
in,in,s,Specifiers,0
his,his,s,Specifiers,1
mouth,mouth,c,Citations,0
:,:,s,Citations,1
and,and,s,,0
do,do,s,DirectAddress,0
you,you,s,DirectAddress,1
think,think,s,PrivateThinking,0
I,i,s,FirstPer,0
saw,saw,s,,0
not,not,s,DenyDisclaim,0
a,a,s,DenyDisclaim,1
Rat,rat,c,SenseObject,0
?,?,s,Question,0
I,i,s,SelfDisclosure,0
am,am,n,SelfDisclosure,1
sure,sure,s,Confidence,0
there,there,s,ProjectBack,0
was,was,s,ProjectBack,1
a,a,s,ProjectBack,2
Rat,rat,c,SenseObject,0
",",",",s,ReasonForward,0
for,for,s,ReasonForward,1
my,my,s,SelfDisclosure,0
mind,mind,s,SelfDisclosure,1
gave,gave,s,ReportingEvents,0
me,me,s,ReportingEvents,1
so,so,c,Intensity,0
.,.,s,Intensity,1
And,and,s,,0
further,further,c,Metadiscourse,0
",",",",s,Metadiscourse,1
I,i,s,Autobio,0
had,had,s,Autobio,1
like,like,s,SubjectivePercept,0
to,to,n,SubjectivePercept,1
caught,caught,s,Narrative_Verbs,0
her,her,c,Narrative_Verbs,1
.,.,s,,0
All,all,s,Generalization,0
this,this,s,Generalization,1
company,company,s,AbstractConcepts,0
can,can,s,Contingency,0
tell,tell,s,,0
what,what,s,,0
a,a,s,,0
course,course,s,AbstractConcepts,0
I,i,s,Autobio,0
had,had,s,Autobio,1
at,at,s,,0
her,her,c,PersonPronoun,0
",",",",s,,0
if,if,s,Contingency,0
you,you,s,DirectAddress,0
will,will,n,PredictedFuture,0
not,not,s,PredictedFuture,1
believe,believe,s,PrivateThinking,0
me,me,nnn,FirstPer,0
Go,go,s,ReportingEvents,0
to,to,c,,0
",",",",s,,0
go,go,s,ReportingEvents,0
to,to,c,,0
.,.,s,,0
You,you,s,DirectAddress,0
are,are,s,DirectAddress,1
a,a,s,DirectAddress,2
fool,fool,c,Negativity,0
.,.,s,Imperative,0
Put,put,s,Imperative,1
them,them,s,,0
up,up,s,,0
and,and,s,,0
let,let,s,DirectAddress,0
us,us,s,DirectAddress,1
away,away,c,,0
.,.,nnn,,0
I,i,s,FirstPer,0
were,were,s,ProjectBack,0
a,a,s,Negativity,0
fool,fool,s,Negativity,1
indeed,indeed,c,Intensity,0
",",",",s,,0
and,and,s,,0
a,a,s,Negativity,0
beast,beast,s,Negativity,1
too,too,c,Metadiscourse,0
",",",",s,Metadiscourse,1
if,if,s,Contingency,0
I,i,s,SelfDisclosure,0
would,would,s,SelfDisclosure,1
put,put,s,Narrative_Verbs,0
them,them,s,Narrative_Verbs,1
up,up,c,,0
.,.,nnn,,0
I,i,s,FirstPer,0
bid,bid,s,ReportingEvents,0
you,you,s,DirectAddress,0
put,put,s,Narrative_Verbs,0
them,them,s,Narrative_Verbs,1
up,up,s,,0
like,like,s,Resemblances,0
a,a,s,Resemblances,1
fool,fool,s,Negativity,0
as,as,s,DirectAddress,0
you,you,s,DirectAddress,1
are,are,c,ReportingStates,0
.,.,nnn,,0
I,i,s,Insist,0
cannot,cannot,s,Insist,1
put,put,s,Narrative_Verbs,0
them,them,s,Narrative_Verbs,1
up,up,s,,0
like,like,s,Resemblances,0
a,a,s,Resemblances,1
fool,fool,c,Negativity,0
",",",",s,,0
nor,nor,s,DenyDisclaim,0
I,i,s,FirstPer,0
will,will,s,PredictedFuture,0
not,not,c,PredictedFuture,1
.,.,nnn,,0
Thou,thou,s,DirectAddress,0
shall,shall,s,ProjectAhead,0
put,put,s,Narrative_Verbs,0
them,them,s,Narrative_Verbs,1
up,up,c,,0
",",",",s,,0
or,or,s,,0
serve,serve,s,ReportingEvents,0
me,me,s,FirstPer,0
no,no,s,Updates,0
longer,longer,c,Updates,1
.,.,nnn,,0
With,with,s,Positivity,0
all,all,s,Positivity,1
my,my,s,Positivity,2
heart,heart,s,Positivity,3
master,master,c,PersonProperty,0
",",",",s,,0
I,i,s,FirstPer,0
Will,will,s,PredictedFuture,0
turn,turn,s,MoveBody,0
you,you,s,MoveBody,1
off,off,s,SpaceRelation,0
at,at,s,SpaceRelation,1
this,this,s,Immediacy,0
instant,instant,c,Immediacy,1
.,.,s,Immediacy,0
Here,here,s,Immediacy,1
is,is,s,Immediacy,2
witness,witness,n,PersonProperty,0
enough,enough,s,SubjectivePercept,0
I,i,s,SelfDisclosure,0
have,have,s,SelfDisclosure,1
giuen,giuen,c,UNRECOGNIZED,0
^,^,s,UNRECOGNIZED,0
you,you,s,DirectAddress,0
lawful,lawful,s,StandardsPos,0
warning,warning,nnn,Negative_Relation,0
Gather,gather,s,ReportingEvents,0
up,up,s,,0
this,this,s,,0
meat,meat,s,SenseObject,0
Simplo,simplo,c,UNRECOGNIZED,0
",",",",s,,0
thou,thou,s,DirectAddress,0
and,and,s,,0
I,i,s,FirstPer,0
will,will,s,PredictedFuture,0
fare,fare,s,SubjectivePercept,0
the,the,s,Positivity,0
better,better,c,Positivity,1
.,.,s,ReportingStates,0
It,it,s,ReportingStates,1
Is,is,s,ReportingStates,2
but,but,s,Resistance,0
sending,sending,n,ReportingEvents,0
this,this,s,,0
knaves,knaves,s,Negativity,0
horse,horse,s,SenseObject,0
down,down,s,,0
by,by,s,,0
the,the,s,,0
Carrier,carrier,c,SenseObject,0
.,.,s,,0
Or,or,s,Contingency,0
else,else,s,Contingency,1
I,i,s,FirstPer,0
Will,will,s,PredictedFuture,0
drive,drive,s,ReportingEvents,0
him,him,s,PersonPronoun,0
with,with,s,,0
his,his,s,PersonPronoun,0
load,load,c,ReportingEvents,0
",",",",s,,0
he,he,n,PersonPronoun,0
shall,shall,s,ProjectAhead,0
be,be,s,ProjectAhead,1
the,the,s,,0
sumpter,sumpter,s,SenseObject,0
horse,horse,nnn,SenseObject,1
How,how,s,,0
like,like,s,SubjectivePercept,0
thou,thou,s,DirectAddress,0
this,this,s,,0
sport,sport,s,AbstractConcepts,0
Insatiato,insatiato,c,UNRECOGNIZED,0
?,?,s,Question,0
has,has,s,Cause,0
it,it,s,Cause,1
diver^ed,diver^ed,s,UNRECOGNIZED,0
thy,thy,s,DirectAddress,0
thoughts,thoughts,s,PrivateThinking,0
a,a,s,SubjectivePercept,0
little,little,c,SubjectivePercept,1
?,?,nnn,Question,0
It,it,s,ProjectBack,0
was,was,s,ProjectBack,1
some,some,s,Uncertainty,0
recreation,recreation,s,RecurringEvents,0
I,i,s,Insist,0
must,must,s,Insist,1
needs,needs,s,Insist,0
say,say,c,Citations,0
:,:,s,Citations,1
but,but,s,Resistance,0
my,my,s,FirstPer,0
fit,fit,s,ReportingEvents,0
is,is,s,ProjectAhead,0
coming,coming,s,ProjectAhead,1
on,on,s,ProjectAhead,2
apace,apace,c,Motions,0
.,.,nnn,,0
Your,your,s,DirectAddress,0
questions,questions,s,Resistance,0
^,^,c,UNRECOGNIZED,0
ir,ir,s,Negativity,0
(,(,c,,0
if,if,s,Contingency,0
I,i,s,FirstPer,0
forget,forget,s,Negativity,0
not,not,c,DenyDisclaim,0
),),s,,0
were,were,c,ProjectBack,0
",",",",s,,0
what,what,s,ProjectBack,0
was,was,s,ProjectBack,1
my,my,s,Autobio,0
name,name,c,Autobio,1
",",",",s,,0
and,and,s,,0
what,what,s,,0
order,order,s,AbstractConcepts,0
I,i,n,FirstPer,0
purpose,purpose,s,ProjectAhead,0
to,to,s,,0
enter,enter,c,ReportingEvents,0
.,.,s,,0
My,my,s,Autobio,0
name,name,s,Autobio,1
is,is,s,ReportingStates,0
Levitia,levitia,c,UNRECOGNIZED,0
.,.,s,DirectAddress,0
And,and,s,DirectAddress,1
my,my,s,SelfDisclosure,0
desire,desire,s,SelfDisclosure,1
is,is,s,ProjectAhead,0
to,to,s,ProjectAhead,1
be,be,s,ReportingStates,0
a,a,s,ReportingStates,1
Nun,nun,s,PersonProperty,0
of,of,s,,0
my,my,n,Autobio,0
mothers,mothers,s,Autobio,1
order,order,c,AbstractConcepts,0
.,.,s,Resistance,0
But,but,s,Resistance,1
if,if,s,Contingency,0
my,my,s,FirstPer,0
virginity,virginity,s,PersonProperty,0
were,were,s,ProjectBack,0
not,not,s,DenyDisclaim,0
of,of,s,Biographical_Time,0
full,full,s,Biographical_Time,1
age,age,c,Biographical_Time,2
;,;,s,,0
and,and,s,,0
Maidenhead,maidenhead,s,PersonProperty,0
a,a,n,,0
dangerous,dangerous,s,Fear,0
burden,burden,c,Negativity,0
",",",",s,,0
I,i,s,Autobio,0
would,would,s,Autobio,1
be,be,s,Autobio,2
a,a,s,,0
Nun,nun,s,PersonProperty,0
of,of,s,,0
a,a,s,,0
straighter,straighter,s,Comparison,0
order,order,nnn,AbstractConcepts,0
Your,your,s,DirectAddress,0
mothers,mothers,s,PersonProperty,0
order,order,c,AbstractConcepts,0
?,?,s,Question,0
what,what,s,,0
order,order,s,AbstractConcepts,0
is,is,s,ReportingStates,0
that,that,c,ReportingStates,1
?,?,s,Question,0
I,i,s,Autobio,0
never,never,s,Autobio,1
heard,heard,s,Updates,0
of,of,s,,0
a,a,s,,0
Nun,nun,s,PersonProperty,0
have,have,s,Biographical_Time,0
a,a,s,Biographical_Time,1
child,child,c,Biographical_Time,2
",",",",n,,0
no,no,s,DenyDisclaim,0
husband,husband,c,PersonProperty,0
",",",",s,,0
and,and,s,Resistance,0
yet,yet,s,Resistance,1
continue,continue,s,Updates,0
in,in,s,,0
Cloister,cloister,c,SenseObject,0
",",",",s,,0
and,and,s,,0
a,a,s,,0
Nun,nun,s,PersonProperty,0
before,before,s,Sequence,0
she,she,s,Sequence,1
had,had,s,ProjectBack,0
a,a,s,PersonProperty,0
child,child,nnn,PersonProperty,1
My,my,s,Autobio,0
mother,mother,s,Autobio,1
vowed,vowed,s,ReportingEvents,0
chastity,chastity,c,CommonAuthorities,0
",",",",s,,0
and,and,s,,0
after,after,s,Sequence,0
that,that,s,Sequence,1
had,had,s,ProjectBack,0
a,a,s,PersonProperty,0
child,child,s,PersonProperty,1
by,by,s,,0
her,her,s,PersonPronoun,0
husband,husband,c,PersonProperty,0
.,.,nnn,Question,0
Why,why,s,Question,1
Leu^tia,leu^tia,c,UNRECOGNIZED,0
?,?,s,Question,0
this,this,s,ReportingStates,0
is,is,s,ReportingStates,1
a,a,s,Curiosity,0
riddle,riddle,c,Curiosity,1
",",",",s,,0
and,and,s,,0
a,a,s,,0
wonder,wonder,s,Curiosity,0
to,to,s,SelfDisclosure,0
me,me,c,SelfDisclosure,1
;,;,s,Resistance,0
yet,yet,s,Resistance,1
this,this,s,,0
English,english,s,AbstractConcepts,0
I,i,s,FirstPer,0
pick,pick,n,ReportingEvents,0
out,out,s,Negativity,0
of,of,s,Negativity,1
it,it,c,Negativity,2
",",",",s,,0
that,that,s,DirectAddress,0
you,you,s,DirectAddress,1
may,may,s,Contingency,0
have,have,s,Contingency,1
a,a,s,PersonProperty,0
husband,husband,s,PersonProperty,1
as,as,s,DirectAddress,0
your,your,s,DirectAddress,1
mother,mother,s,PersonProperty,0
had,had,c,ProjectBack,0
.,.,s,ProjectBack,1
And,and,s,Sequence,0
then,then,s,Sequence,1
if,if,s,Contingency,0
it,it,n,Contingency,1
please,please,s,Positivity,0
you,you,c,DirectAddress,0
",",",",s,,0
I,i,s,FirstPer,0
may,may,s,Contingency,0
be,be,s,Contingency,1
your,your,s,DirectAddress,0
ghostly,ghostly,s,SenseProperty,0
father,father,s,PersonProperty,0
after,after,s,Sequence,0
the,the,s,Sequence,1
fashion,fashion,s,Sequence,2
of,of,s,Specifiers,0
this,this,s,Specifiers,1
c^untry,c^untry,c,UNRECOGNIZED,0
:,:,n,,0
but,but,s,Resistance,0
how,how,c,Resistance,1
",",",",s,,0
or,or,s,,0
why,why,s,Question,0
your,your,s,DirectAddress,0
mother,mother,s,PersonProperty,0
or,or,s,,0
you,you,s,Insist,0
should,should,s,Insist,1
vow,vow,s,Intensity,0
chastity,chastity,c,CommonAuthorities,0
",",",",s,,0
I,i,s,FirstPer,0
see,see,s,,0
not,not,c,DenyDisclaim,0
",",",",s,,0
no,no,c,DenyDisclaim,0
^,^,s,UNRECOGNIZED,0
would,would,s,Future_Question,0
I,i,n,Future_Question,1
be,be,s,ReportingStates,0
married,married,s,Biographical_Time,0
to,to,s,Biographical_Time,1
such,such,s,Specifiers,0
a,a,s,Specifiers,1
Nun,nun,nnn,PersonProperty,0
Alas,alas,s,Negativity,0
Insatiato,insatiato,c,UNRECOGNIZED,0
",",",",s,,0
I,i,s,FirstPer,0
perceive,perceive,s,PrivateThinking,0
thou,thou,s,DirectAddress,0
art,art,s,AbstractConcepts,0
simple,simple,s,SubjectivePercept,0
in,in,s,,0
this,this,s,,0
business,business,c,AbstractConcepts,0
",",",",s,,0
or,or,s,Contingency,0
else,else,s,Contingency,1
not,not,s,Updates,0
yet,yet,n,Updates,1
come,come,s,ReportingEvents,0
to,to,s,,0
thy,thy,s,DirectAddress,0
self,self,s,SubjectivePercept,0
again,again,c,RecurringEvents,0
.,.,s,,0
Levitia,levitia,s,UNRECOGNIZED,0
speaks,speaks,s,,0
well,well,c,OralCues,0
",",",",s,OralCues,1
but,but,s,Resistance,0
thy,thy,s,DirectAddress,0
capacity,capacity,s,AbstractConcepts,0
is,is,s,Intensity,0
very,very,n,Intensity,1
muddie,muddie,c,UNRECOGNIZED,0
.,.,s,Future_Question,0
Would,would,s,Future_Question,1
thou,thou,s,DirectAddress,0
not,not,s,DenyDisclaim,0
have,have,s,DenyDisclaim,1
thy,thy,s,DirectAddress,0
wife,wife,s,PersonProperty,0
vow,vow,s,Intensity,0
chastity,chastity,c,CommonAuthorities,0
",",",",s,Resistance,0
but,but,s,Resistance,1
be,be,s,ReportingStates,0
an,an,s,ReportingStates,1
harlot,harlot,c,PersonProperty,0
?,?,s,Question,0
there,there,n,ReportingStates,0
is,is,s,ReportingStates,1
chastity,chastity,s,CommonAuthorities,0
and,and,s,,0
continency,continency,s,UNRECOGNIZED,0
among,among,s,,0
married,married,s,Biographical_Time,0
folk,folk,c,PersonProperty,0
",",",",s,ReasonForward,0
so,so,s,ReasonForward,1
long,long,s,SenseProperty,0
as,as,s,TimeDuration,0
they,they,s,TimeDuration,1
be,be,s,ReportingStates,0
faithful,faithful,n,StandardsPos,0
each,each,s,Specifiers,0
to,to,s,,0
other,other,c,Specifiers,0
.,.,s,Resistance,0
But,but,s,Resistance,1
virginity,virginity,s,PersonProperty,0
goes,goes,s,Comparison,0
further,further,c,Comparison,1
:,:,s,,0
and,and,s,,0
that,that,s,Specifiers,0
is,is,s,Specifiers,1
sequestered,sequestered,s,ReportingEvents,0
continency,continency,n,UNRECOGNIZED,0
during,during,s,TimeDuration,0
life,life,c,AbstractConcepts,0
",",",",s,,0
not,not,s,DenyDisclaim,0
admitting,admitting,s,ReportingEvents,0
company,company,s,AbstractConcepts,0
for,for,s,,0
procreation,procreation,nnn,Transformation,0
I,i,s,FirstPer,0
understand,understand,s,PrivateThinking,0
it,it,s,,0
now,now,s,Immediacy,0
(,(,c,,0
thanks,thanks,s,Acknowledge,0
to,to,s,Acknowledge,1
thee,thee,s,DirectAddress,0
Parvagraci,parvagraci,c,UNRECOGNIZED,0
^,^,c,UNRECOGNIZED,0
),),s,,0
but,but,s,Resistance,0
this,this,s,,0
creature,creature,s,SenseObject,0
would,would,s,Contingency,0
have,have,n,Contingency,1
delayed,delayed,s,Resistance,0
me,me,s,FirstPer,0
longer,longer,c,Comparison,0
",",",",s,,0
and,and,s,,0
dulled,dulled,s,ReportingEvents,0
my,my,s,FirstPer,0
wits,wits,s,StandardsPos,0
without,without,s,StandardsNeg,0
mercy,mercy,nnn,StandardsNeg,1
But,but,s,Resistance,0
I,i,s,FirstPer,0
thank,thank,s,Acknowledge,0
her,her,s,PersonPronoun,0
yet,yet,s,Resistance,0
for,for,s,,0
the,the,s,,0
kind,kind,s,Positivity,0
order,order,s,AbstractConcepts,0
she,she,s,Neutral_Attribution,0
has,has,s,Neutral_Attribution,1
made,made,s,ReportingEvents,0
to,to,s,ReportingEvents,1
be,be,s,ReportingStates,0
of,of,s,,0
her,her,s,PersonPronoun,0
mothers,mothers,n,PersonProperty,0
order,order,c,AbstractConcepts,0
.,.,s,,0
I,i,s,SelfDisclosure,0
hope,hope,s,SelfDisclosure,1
(,(,c,,0
sweet,sweet,s,SenseProperty,0
Mistress,mistress,s,PersonProperty,0
Levitia,levitia,c,UNRECOGNIZED,0
),),s,,0
you,you,s,ConfirmExperience,0
will,will,s,ConfirmExperience,1
hear,hear,s,ConfirmExperience,2
no,no,s,DenyDisclaim,0
motion,motion,s,Motions,0
to,to,s,Motions,1
overthrow,overthrow,n,Negativity,0
this,this,s,,0
order,order,s,AbstractConcepts,0
again,again,c,RecurringEvents,0
.,.,s,DirectAddress,0
And,and,s,DirectAddress,1
now,now,s,Disclosure,0
tell,tell,s,Disclosure,1
me,me,c,FirstPer,0
",",",",s,,0
what,what,s,DirectAddress,0
say,say,s,DirectAddress,1
you,you,s,DirectAddress,2
to,to,s,SelfDisclosure,0
my,my,s,SelfDisclosure,1
vow,vow,c,Intensity,0
",",",",s,Aside,0
which,which,s,Aside,1
in,in,s,Generalization,0
all,all,n,Generalization,1
equ^tie,equ^tie,s,UNRECOGNIZED,0
must,must,s,Insist,0
be,be,s,ReportingStates,0
performed,performed,c,ReportingStates,0
.,.,s,ReportingStates,1
You,you,s,DirectAddress,0
see,see,s,DirectAddress,1
I,i,s,Autobio,0
was,was,s,Autobio,1
content,content,s,AbstractConcepts,0
(,(,c,,0
though,though,s,Concessive,0
much,much,s,Intensity,0
against,against,s,,0
my,my,s,SelfDisclosure,0
mind,mind,c,SelfDisclosure,1
),),n,,0
that,that,s,DirectAddress,0
you,you,s,DirectAddress,1
should,should,s,Insist,0
have,have,s,,0
kept,kept,s,StandardsPos,0
your,your,s,StandardsPos,1
vow,vow,s,StandardsPos,2
of,of,s,,0
virginity,virginity,c,PersonProperty,0
",",",",s,,0
(,(,c,,0
if,if,s,ReasonForward,0
so,so,s,ReasonForward,1
had,had,s,ProjectBack,0
stood,stood,s,ReportingEvents,0
your,your,n,DirectAddress,0
resolution,resolution,c,StandardsPos,0
),),s,,0
now,now,s,Immediacy,0
I,i,s,SelfDisclosure,0
appeal,appeal,s,SelfDisclosure,1
to,to,s,SelfDisclosure,2
your,your,s,DirectAddress,0
own,own,s,DirectAddress,1
court,court,s,AbstractConcepts,0
for,for,s,,0
Justice,justice,c,StandardsPos,0
",",",",s,,0
and,and,s,,0
hope,hope,s,Positivity,0
you,you,s,DirectAddress,0
will,will,n,PredictedFuture,0
give,give,s,,0
as,as,s,,0
good,good,s,StandardsPos,0
way,way,s,StandardsPos,1
to,to,s,,0
the,the,s,,0
fulfilling,fulfilling,s,StandardsPos,0
of,of,s,,0
my,my,s,FirstPer,0
vow,vow,c,Intensity,0
",",",",s,Aside,0
which,which,s,Aside,1
is,is,s,Resistance,0
never,never,s,Resistance,1
to,to,s,,0
leave,leave,s,,0
your,your,n,DirectAddress,0
service,service,s,StandardsPos,0
and,and,s,,0
company,company,nn,AbstractConcepts,0
I,i,s,FollowUp,0
heard,heard,s,FollowUp,1
you,you,s,FollowUp,2
talk,talk,s,SpaceRelation,0
at,at,s,SpaceRelation,1
Randon,randon,s,UNRECOGNIZED,0
of,of,s,Specifiers,0
such,such,s,Specifiers,1
a,a,s,Specifiers,0
thing,thing,c,Specifiers,1
.,.,s,,0
Many,many,s,Specifiers,0
such,such,s,Specifiers,1
(,(,c,,0
I,i,s,FirstPer,0
doubt,doubt,s,Uncertainty,0
not,not,c,Uncertainty,1
),),s,,0
you,you,s,DirectAddress,0
have,have,n,DirectAddress,1
made,made,c,ReportingStates,0
",",",",s,ReportingStates,1
and,and,s,,0
quickly,quickly,s,SubjectiveTime,0
brok^n,brok^n,c,UNRECOGNIZED,0
;,;,s,,0
and,and,s,,0
this,this,s,,0
of,of,s,,0
the,the,s,Comparison,0
same,same,s,Comparison,1
mettle,mettle,c,StandardsPos,0
",",",",s,ReasonForward,0
and,and,s,ReasonForward,1
so,so,s,ReasonForward,2
will,will,s,PredictedFuture,0
prove,prove,s,Confidence,0
as,as,n,,0
bri^le,bri^le,c,UNRECOGNIZED,0
.,.,s,,0
Courtlers,courtlers,s,UNRECOGNIZED,0
vows,vows,s,Intensity,0
of,of,s,Specifiers,0
this,this,s,Specifiers,1
nature,nature,s,AbstractConcepts,0
are,are,s,Exceptions,0
but,but,s,Exceptions,1
words,words,c,LangRef,0
",",",",s,,0
a,a,s,SubjectivePercept,0
little,little,s,SubjectivePercept,1
more,more,s,Comparison,0
stiffly,stiffly,n,Negativity,0
blown,blown,s,ReportingEvents,0
out,out,s,,0
of,of,s,,0
their,their,s,PersonPronoun,0
mouths,mouths,c,SenseObject,0
",",",",s,,0
then,then,s,,0
the,the,s,Specifiers,0
rest,rest,s,Specifiers,1
of,of,s,Specifiers,2
their,their,s,PersonPronoun,0
speech,speech,c,LangRef,0
",",",",s,Resistance,0
but,but,s,Resistance,1
come,come,s,ReportingEvents,0
no,no,s,Comparison,0
nearer,nearer,n,Comparison,1
their,their,s,PersonPronoun,0
hearts,hearts,c,SenseObject,0
.,.,s,,0
The,the,s,,0
gunner,gunner,s,PersonProperty,0
puts,puts,s,,0
a,a,s,SubjectivePercept,0
little,little,s,SubjectivePercept,1
more,more,s,Comparison,0
powder,powder,s,SenseObject,0
in,in,s,,0
the,the,s,SenseObject,0
gun,gun,s,SenseObject,1
to,to,s,,0
make,make,s,ReportingEvents,0
it,it,s,ReportingEvents,1
carry,carry,n,Motions,0
the,the,s,,0
shot,shot,s,ReportingEvents,0
further,further,c,Metadiscourse,0
",",",",s,Metadiscourse,1
but,but,s,Resistance,0
hits,hits,s,Positivity,0
the,the,s,Positivity,1
mark,mark,s,Positivity,2
no,no,s,DenyDisclaim,0
whit,whit,s,DenyDisclaim,1
the,the,s,,0
righter,righter,c,Comparison,0
:,:,s,,0
So,so,s,,0
they,they,s,,0
drive,drive,s,ReportingEvents,0
their,their,n,PersonPronoun,0
vows,vows,s,Intensity,0
with,with,s,Specifiers,0
a,a,s,Specifiers,1
little,little,s,SenseProperty,0
stronger,stronger,s,Comparison,0
breath,breath,c,SenseObject,0
",",",",s,Resistance,0
but,but,s,Resistance,1
their,their,s,ProjectAhead,0
intention,intention,s,ProjectAhead,1
i,i,c,FirstPer,0
^,^,s,UNRECOGNIZED,0
not,not,s,DenyDisclaim,0
the,the,s,DenyDisclaim,1
streighter,streighter,nnn,UNRECOGNIZED,0
Indeed,indeed,s,Intensity,0
I,i,s,SelfDisclosure,0
confess,confess,s,SelfDisclosure,1
that,that,s,SelfDisclosure,2
I,i,s,SelfDisclosure,0
have,have,s,SelfDisclosure,1
sometimes,sometimes,s,Contingency,0
done,done,s,ReportingStates,0
as,as,s,DirectAddress,0
you,you,s,DirectAddress,1
say,say,c,Citations,0
:,:,s,Citations,1
but,but,s,Immediacy,0
now,now,s,Immediacy,1
my,my,s,SelfDisclosure,0
heart,heart,s,SelfDisclosure,1
is,is,n,Positive_Attribution,0
right,right,c,Positive_Attribution,1
",",",",s,,0
and,and,s,,0
my,my,s,FirstPer,0
meaning,meaning,s,LangRef,0
direct,direct,nnn,ReportingEvents,0
How,how,s,,0
shall,shall,s,ProjectAhead,0
that,that,s,,0
appear,appear,s,SubjectivePercept,0
to,to,s,SubjectivePercept,1
me,me,c,FirstPer,0
?,?,nnn,Question,0
I,i,s,FirstPer,0
dare,dare,s,SubjectivePercept,0
vandertake,vandertake,s,UNRECOGNIZED,0
(,(,c,,0
Lady,lady,s,PersonProperty,0
Levitia,levitia,c,UNRECOGNIZED,0
),),s,,0
he,he,s,PersonPronoun,0
means,means,s,AbstractConcepts,0
justly,justly,s,StandardsPos,0
by,by,s,DirectAddress,0
you,you,c,DirectAddress,1
:,:,s,,0
for,for,s,,0
I,i,s,SelfDisclosure,0
have,have,s,SelfDisclosure,1
seen,seen,n,SpaceRelation,0
him,him,s,PersonPronoun,0
in,in,s,,0
a,a,s,,0
dangerous,dangerous,s,Fear,0
passion,passion,s,SubjectivePercept,0
when,when,s,DirectAddress,0
you,you,s,DirectAddress,1
left,left,s,SceneShift,0
our,our,s,Inclusive,0
company,company,c,AbstractConcepts,0
",",",",s,Aside,0
which,which,s,Aside,1
if,if,s,Contingency,0
you,you,s,DirectAddress,0
had,had,s,DirectAddress,1
heard,heard,c,ReportingStates,0
",",",",n,ReportingStates,1
standing,standing,s,SpaceRelation,0
in,in,s,SpaceRelation,1
some,some,s,Uncertainty,0
secret,secret,s,Disclosure,0
place,place,c,Disclosure,1
",",",",s,,0
you,you,s,DirectAddress,0
could,could,s,DirectAddress,1
not,not,s,DenyDisclaim,0
but,but,s,Resistance,0
have,have,s,,0
compassion,compassion,s,StandardsPos,0
on,on,s,,0
him,him,c,PersonPronoun,0
.,.,s,,0
or,or,s,Contingency,0
else,else,n,Contingency,1
you,you,s,DirectAddress,0
were,were,s,ProjectBack,0
very,very,s,Intensity,0
d^sdain^ull,d^sdain^ull,s,UNRECOGNIZED,0
and,and,s,,0
cruel,cruel,c,Anger,0
.,.,s,Metadiscourse,0
Besides,besides,s,Metadiscourse,1
I,i,s,FirstPer,0
know,know,s,Confidence,0
it,it,s,Confidence,1
is,is,s,Confidence,2
a,a,s,Confidence,3
great,great,s,Intensity,0
matter,matter,s,AbstractConcepts,0
that,that,n,ProjectAhead,0
would,would,s,ProjectAhead,1
stay,stay,s,TimeDuration,0
him,him,s,PersonPronoun,0
so,so,s,Contingency,0
long,long,s,Contingency,1
as,as,s,Contingency,2
he,he,s,Contingency,3
has,has,s,,0
talked,talked,s,SpaceRelation,0
with,with,s,SpaceRelation,1
you,you,s,SpaceRelation,2
from,from,s,,0
dispatching,dispatching,s,ReportingEvents,0
a,a,s,ReportingEvents,1
business,business,n,AbstractConcepts,0
of,of,s,,0
great,great,s,StandardsPos,0
importance,importance,c,StandardsPos,1
",",",",s,,0
as,as,s,DirectAddress,0
you,you,s,DirectAddress,1
may,may,s,Contingency,0
partly,partly,s,SubjectivePercept,0
perceive,perceive,s,PrivateThinking,0
by,by,s,,0
the,the,s,,0
messenger,messenger,s,PersonProperty,0
coming,coming,s,GenericEvents,0
so,so,n,,0
often,often,s,RecurringEvents,0
in,in,s,,0
the,the,s,,0
mean,mean,s,AbstractConcepts,0
time,time,s,AbstractConcepts,1
to,to,s,,0
have,have,s,Cause,0
him,him,s,Cause,1
away,away,nnn,,0
Sir,sir,c,PersonProperty,0
",",",",s,,0
a,a,s,,0
s^conder,s^conder,s,UNRECOGNIZED,0
of,of,s,,0
a,a,s,,0
tale,tale,s,LangRef,0
makes,makes,s,ReportingEvents,0
many,many,s,RecurringEvents,0
times,times,s,RecurringEvents,1
an,an,s,,0
incredible,incredible,s,Intensity,0
thing,thing,s,Uncertainty,0
believed,believed,c,PrivateThinking,0
.,.,s,DirectAddress,0
And,and,n,DirectAddress,1
for,for,s,DirectAddress,0
your,your,s,DirectAddress,1
testimony,testimony,c,CommonAuthorities,0
",",",",s,,0
I,i,s,FirstPer,0
give,give,s,,0
him,him,s,PersonPronoun,0
credit,credit,s,StandardsPos,0
the,the,s,StandardsPos,1
better,better,c,Comparison,0
",",",",s,,0
and,and,s,Uncertainty,0
perhaps,perhaps,s,Uncertainty,1
I,i,s,Autobio,0
was,was,s,Autobio,1
within,within,n,,0
^^,^^,c,UNRECOGNIZED,0
ght,ght,s,UNRECOGNIZED,0
and,and,s,,0
hearing,hearing,s,SpaceRelation,0
too,too,c,Metadiscourse,0
",",",",s,Metadiscourse,1
when,when,s,Curiosity,0
this,this,s,Curiosity,1
gentleman,gentleman,s,Positivity,0
was,was,s,ProjectBack,0
so,so,s,,0
loue-sicke,loue-sicke,s,UNRECOGNIZED,0
as,as,s,DirectAddress,0
you,you,s,DirectAddress,1
speak,speak,s,Citations,0
of,of,c,Citations,1
",",",",n,Aside,0
which,which,s,Aside,1
made,made,s,SelfDisclosure,0
me,me,s,SelfDisclosure,1
in,in,s,,0
very,very,s,Intensity,0
pity,pity,s,Sad,0
come,come,s,ReportingEvents,0
the,the,s,,0
sooner,sooner,s,Comparison,0
in,in,s,,0
to,to,s,,0
relieve,relieve,s,Reassure,0
him,him,c,PersonPronoun,0
.,.,s,DirectAddress,0
And,and,s,DirectAddress,1
I,i,s,SelfDisclosure,0
would,would,s,SelfDisclosure,1
not,not,n,DenyDisclaim,0
have,have,s,DenyDisclaim,1
you,you,s,DirectAddress,0
think,think,s,DirectAddress,1
Parvagracio,parvagracio,s,UNRECOGNIZED,0
that,that,s,,0
I,i,s,SelfDisclosure,0
am,am,s,SelfDisclosure,1
disdainefull,disdainefull,c,UNRECOGNIZED,0
",",",",s,ReasonForward,0
for,for,s,ReasonForward,1
that,that,s,,0
wins,wins,s,Positivity,0
nothing,nothing,s,Intensity,0
but,but,n,Intensity,1
hatred,hatred,c,Negativity,0
:,:,s,,0
nor,nor,s,SelfDisclosure,0
am,am,s,SelfDisclosure,1
I,i,s,SelfDisclosure,2
cruel,cruel,c,Anger,0
",",",",s,ReasonForward,0
for,for,s,ReasonForward,1
that,that,s,Specifiers,0
is,is,s,Specifiers,1
ever,ever,s,Biographical_Time,0
paid,paid,s,ReportingEvents,0
home,home,s,SpaceRelation,0
with,with,s,SpaceRelation,1
extreme,extreme,s,Intensity,0
misery,misery,c,StandardsNeg,0
.,.,s,,0
Now,now,n,Immediacy,0
yet,yet,s,Resistance,0
am,am,s,Question,0
I,i,s,Question,1
proud,proud,s,StandardsPos,0
(,(,c,,0
which,which,s,,0
vice,vice,s,AbstractConcepts,0
you,you,s,DirectAddress,0
touched,touched,s,SenseProperty,0
not,not,c,DenyDisclaim,0
),),s,,0
for,for,s,ReasonBackward,0
that,that,s,ReasonBackward,1
is,is,s,ReasonBackward,2
derided,derided,s,Negative_Relation,0
of,of,s,Specifiers,0
all,all,s,Specifiers,1
wise,wise,n,StandardsPos,0
people,people,c,PersonProperty,0
",",",",s,Resistance,0
but,but,s,Resistance,1
my,my,s,Fear,0
fear,fear,s,Fear,1
and,and,s,,0
doubt,doubt,s,Uncertainty,0
was,was,s,ProjectBack,0
always,always,s,SubjectiveTime,0
to,to,s,GenericEvents,0
be,be,s,GenericEvents,1
deceived,deceived,nnn,Anger,0
Here,here,s,Immediacy,0
is,is,s,Immediacy,1
my,my,s,FirstPer,0
hand,hand,s,SenseObject,0
I,i,s,Resistance,0
will,will,s,Resistance,1
never,never,s,Resistance,2
deceive,deceive,s,Anger,0
you,you,c,DirectAddress,0
.,.,nnn,Immediacy,0
Here,here,s,Immediacy,1
is,is,s,Immediacy,2
my,my,s,FirstPer,0
hand,hand,s,SenseObject,0
I,i,s,Resistance,0
will,will,s,Resistance,1
never,never,s,Resistance,2
leave,leave,s,,0
you,you,c,DirectAddress,0
.,.,s,Resistance,0
But,but,s,Resistance,1
what,what,s,,0
a,a,s,Negativity,0
fool,fool,s,Negativity,1
was,was,s,SelfDisclosure,0
I,i,c,SelfDisclosure,1
?,?,s,Question,0
I,i,s,Insist,0
should,should,s,Insist,1
have,have,n,Insist,2
agreed,agreed,s,,0
for,for,s,,0
maintenance,maintenance,s,AbstractConcepts,0
and,and,s,,0
joincture,joincture,s,UNRECOGNIZED,0
before,before,s,Sequence,0
I,i,s,Autobio,0
had,had,s,Autobio,1
been,been,s,Autobio,2
handfast,handfast,nnn,CommonAuthorities,0
That,that,s,Specifiers,0
Is,is,s,Specifiers,1
no,no,s,DenyDisclaim,0
matter,matter,c,DenyDisclaim,1
",",",",s,,0
I,i,s,FirstPer,0
Will,will,s,PredictedFuture,0
perform,perform,s,Resemblances,0
as,as,s,Resemblances,1
well,well,s,SenseObject,0
as,as,s,Resemblances,0
if,if,s,Resemblances,1
I,i,s,FirstPer,0
were,were,s,ProjectBack,0
bound,bound,s,Negativity,0
hand,hand,s,Negativity,1
and,and,s,Negativity,2
foot,foot,c,Negativity,3
.,.,s,,0
I,i,n,FirstPer,0
will,will,s,PredictedFuture,0
allow,allow,s,DirectAddress,0
you,you,s,DirectAddress,1
10l,10l,s,UNRECOGNIZED,0
a,a,s,TimeDuration,0
year,year,s,TimeDuration,1
for,for,s,,0
pinnes,pinnes,c,UNRECOGNIZED,0
",",",",s,,0
5l,5l,s,UNRECOGNIZED,0
for,for,s,,0
shoes,shoes,c,SenseObject,0
",",",",s,,0
15l,15l,s,UNRECOGNIZED,0
for,for,s,,0
stockings,stockings,c,SenseObject,0
",",",",n,,0
garters,garters,c,SenseObject,0
",",",",s,,0
bodies,bodies,c,SenseObject,0
",",",",s,,0
and,and,s,,0
g^rdles,g^rdles,c,UNRECOGNIZED,0
",",",",s,,0
50l,50l,s,UNRECOGNIZED,0
for,for,s,,0
gowns,gowns,c,SenseObject,0
",",",",s,,0
peticoates,peticoates,s,UNRECOGNIZED,0
and,and,s,,0
such,such,s,Resemblances,0
like,like,c,Resemblances,1
:,:,s,,0
20l,20l,s,UNRECOGNIZED,0
for,for,n,Specifiers,0
all,all,s,Specifiers,1
sorts,sorts,s,AbstractConcepts,0
of,of,s,AbstractConcepts,1
linen,linen,s,SenseObject,0
and,and,s,,0
new,new,s,,0
fashions,fashions,c,SenseObject,0
",",",",s,,0
this,this,s,ReportingStates,0
is,is,s,ReportingStates,1
100l,100l,s,UNRECOGNIZED,0
a,a,s,TimeDuration,0
year,year,c,TimeDuration,1
",",",",s,,0
and,and,s,,0
is,is,s,ReportingStates,0
as,as,s,Comparison,0
much,much,s,Comparison,1
as,as,n,Comparison,2
my,my,s,FirstPer,0
living,living,s,AbstractConcepts,0
will,will,s,AbstractConcepts,1
afford,afford,c,Positivity,0
.,.,s,DirectAddress,0
And,and,s,DirectAddress,1
for,for,s,,0
performance,performance,s,GenericEvents,0
of,of,s,Specifiers,0
this,this,s,Specifiers,1
any,any,s,,0
friend,friend,s,Positivity,0
of,of,s,Positivity,1
yours,yours,s,Insist,0
shall,shall,n,Insist,1
have,have,s,ReportingEvents,0
a,a,s,ReportingEvents,1
statute,statute,s,CommonAuthorities,0
upon,upon,s,,0
all,all,s,Generalization,0
the,the,s,Generalization,1
land,land,s,AbstractConcepts,0
I,i,s,SelfDisclosure,0
have,have,c,SelfDisclosure,1
.,.,s,DirectAddress,0
And,and,s,DirectAddress,1
for,for,s,DirectAddress,0
your,your,s,DirectAddress,1
joincture,joincture,c,UNRECOGNIZED,0
",",",",s,,0
I,i,s,FirstPer,0
will,will,s,PredictedFuture,0
give,give,n,,0
good,good,s,,0
assurance,assurance,c,Confidence,0
",",",",s,,0
that,that,s,,0
the,the,s,,0
longer,longer,s,Comparison,0
^,^,c,UNRECOGNIZED,0
iuer,iuer,s,UNRECOGNIZED,0
of,of,s,Inclusive,0
us,us,s,Inclusive,1
two,two,s,Numbers,0
shall,shall,s,ProjectAhead,0
possess,possess,s,ReportingEvents,0
all,all,s,,0
I,i,s,SelfDisclosure,0
have,have,c,SelfDisclosure,1
",",",",s,,0
If,if,s,Contingency,0
I,i,n,FirstPer,0
die,die,s,AbstractConcepts,0
not,not,s,Negativity,0
worth,worth,s,Negativity,1
a,a,s,,0
groate,groate,nnn,UNRECOGNIZED,0
I,i,s,SelfDisclosure,0
like,like,s,SelfDisclosure,1
all,all,s,,0
well,well,s,SenseObject,0
but,but,s,Resistance,0
my,my,s,FirstPer,0
allowance,allowance,s,SubjectivePercept,0
for,for,s,SubjectivePercept,1
pins,pins,c,SenseObject,0
:,:,s,,0
it,it,s,DenyDisclaim,0
is,is,s,DenyDisclaim,1
not,not,s,DenyDisclaim,2
enough,enough,c,SubjectivePercept,0
:,:,s,,0
for,for,s,ReasonBackward,0
it,it,s,ReasonBackward,1
is,is,s,ReasonBackward,2
a,a,s,ReasonBackward,3
base,base,n,AbstractConcepts,0
fashion,fashion,s,SenseObject,0
now-a-daies,now-a-daies,s,UNRECOGNIZED,0
to,to,s,,0
use,use,s,ReportingEvents,0
cufhnets,cufhnets,s,UNRECOGNIZED,0
and,and,s,,0
save,save,s,StandardsPos,0
pinnes,pinnes,c,UNRECOGNIZED,0
.,.,s,,0
The,the,s,Intensity,0
very,very,s,Intensity,1
warmth,warmth,s,Positivity,0
of,of,s,Inclusive,0
our,our,n,Inclusive,1
bodies,bodies,c,SenseObject,0
",",",",s,,0
will,will,s,PredictedFuture,0
change,change,s,Transformation,0
their,their,s,Transformation,1
color,color,s,Motions,0
in,in,s,Motions,1
three,three,s,TimeDuration,0
hours,hours,c,TimeDuration,1
",",",",s,,0
and,and,s,,0
they,they,s,,0
will,will,s,PredictedFuture,0
be,be,s,PredictedFuture,1
crooked,crooked,s,SenseProperty,0
with,with,n,SenseProperty,1
pulling,pulling,s,Motions,0
off,off,c,Motions,1
",",",",s,,0
fie,fie,s,Negativity,0
upon,upon,s,Immediacy,0
them,them,c,Immediacy,1
:,:,s,,0
but,but,s,Resistance,0
I,i,s,FirstPer,0
Will,will,s,PredictedFuture,0
be,be,s,PredictedFuture,1
a,a,s,PredictedFuture,2
good,good,s,,0
huswife,huswife,s,UNRECOGNIZED,0
otherwise,otherwise,c,Contingency,0
*,*,s,,0
and,and,s,,0
get,get,s,,0
as,as,n,Comparison,0
much,much,s,Comparison,1
by,by,s,,0
other,other,s,Specifiers,0
means,means,s,AbstractConcepts,0
as,as,s,,0
shall,shall,s,ProjectAhead,0
piece,piece,s,Motions,0
out,out,s,Motions,1
this,this,s,,0
pension,pension,s,AbstractConcepts,0
to,to,s,,0
make,make,s,ReportingEvents,0
it,it,s,ReportingEvents,1
serve,serve,c,ReportingEvents,0
.,.,s,,0
Sir,sir,c,PersonProperty,0
",",",",s,,0
I,i,n,SelfDisclosure,0
have,have,s,SelfDisclosure,1
skill,skill,s,StandardsPos,0
in,in,s,StandardsPos,1
Physic,physic,c,AbstractConcepts,0
",",",",s,,0
I,i,s,Contingency,0
can,can,s,Contingency,1
cure,cure,s,Positivity,0
the,the,s,,0
(,(,c,,0
...,...,c,UNRECOGNIZED,0
),),s,,0
in,in,s,,0
any,any,s,,0
man,man,c,PersonProperty,0
.,.,s,DirectAddress,0
And,and,s,DirectAddress,1
if,if,s,Contingency,0
he,he,s,Contingency,1
be,be,s,ReportingStates,0
never,never,n,Intensity,0
so,so,s,Intensity,1
lean,lean,c,SenseProperty,0
",",",",s,,0
and,and,s,,0
rawbon'd,rawbon'd,c,UNRECOGNIZED,0
",",",",s,,0
I,i,s,Contingency,0
can,can,s,Contingency,1
so,so,s,,0
diet,diet,s,AbstractConcepts,0
him,him,s,PersonPronoun,0
in,in,s,TimeDuration,0
half,half,s,TimeDuration,1
a,a,s,TimeDuration,2
year,year,c,TimeDuration,3
",",",",s,,0
that,that,s,PredictedFuture,0
he,he,s,PredictedFuture,1
will,will,s,PredictedFuture,2
be,be,s,ReportingStates,0
fed,fed,n,ReportingEvents,0
until,until,s,TimeDuration,0
he,he,s,TimeDuration,1
grow,grow,s,ReportingEvents,0
purse-sicke,purse-sicke,c,UNRECOGNIZED,0
.,.,s,DirectAddress,0
And,and,s,DirectAddress,1
for,for,s,,0
thee,thee,s,DirectAddress,0
(,(,c,,0
sweet,sweet,s,SenseProperty,0
heart,heart,c,SenseObject,0
),),s,,0
be,be,s,ReportingStates,0
of,of,s,StandardsPos,0
good,good,s,StandardsPos,1
cheer,cheer,c,StandardsPos,2
",",",",s,ReasonForward,0
for,for,n,ReasonForward,1
thou,thou,s,DirectAddress,0
shall,shall,s,ProjectAhead,0
never,never,s,Biographical_Time,0
die,die,s,Biographical_Time,1
(,(,c,,0
without,without,s,Contingency,0
a,a,s,Contingency,1
great,great,s,Confidence,0
chance,chance,c,Confidence,1
),),s,,0
as,as,s,Intensity,0
long,long,s,Intensity,1
as,as,s,Intensity,2
I,i,s,Intensity,3
live,live,c,Intensity,4
.,.,s,,0
For,for,s,,0
I,i,s,Contingency,0
can,can,s,Contingency,1
play,play,n,Negativity,0
a,a,s,Negativity,1
trick,trick,c,Negativity,2
",",",",s,,0
that,that,s,,0
if,if,s,Contingency,0
thou,thou,s,DirectAddress,0
be,be,s,ReportingStates,0
never,never,s,Intensity,0
so,so,s,Intensity,1
cold,cold,c,SenseProperty,0
",",",",s,,0
or,or,s,,0
frozen,frozen,s,SenseProperty,0
almost,almost,s,SubjectivePercept,0
to,to,s,Negativity,0
death,death,c,Negativity,1
",",",",s,,0
I,i,s,Contingency,0
can,can,s,Contingency,1
make,make,n,ReportingEvents,0
thee,thee,s,DirectAddress,0
lukewarm,lukewarm,s,Negativity,0
in,in,s,TimeDuration,0
half,half,s,TimeDuration,1
an,an,s,TimeDuration,2
hour,hour,nnn,TimeDuration,3
Levitia,levitia,c,UNRECOGNIZED,0
",",",",s,,0
we,we,s,Insist,0
cannot,cannot,s,Insist,1
choose,choose,s,ReportingEvents,0
but,but,s,Resistance,0
thrive,thrive,s,StandardsPos,0
if,if,s,Contingency,0
thou,thou,s,DirectAddress,0
have,have,s,Updates,0
these,these,s,Updates,1
trades,trades,c,AbstractConcepts,0
.,.,s,Resistance,0
But,but,s,Resistance,1
is,is,s,ReportingStates,0
thy,thy,n,DirectAddress,0
portion,portion,s,SenseObject,0
in,in,s,,0
sure,sure,s,Confidence,0
hands,hands,nnn,SenseObject,0
Fear,fear,s,Fear,0
nothing,nothing,s,StandardsNeg,0
of,of,s,StandardsNeg,1
that,that,c,,0
",",",",s,,0
you,you,s,Insist,0
shall,shall,s,Insist,1
have,have,s,Cause,0
me,me,s,Cause,1
and,and,s,,0
my,my,s,FirstPer,0
portion,portion,s,SenseObject,0
at,at,s,Immediacy,0
an,an,s,Immediacy,1
instant,instant,c,Immediacy,2
",",",",s,Generalization,0
all,all,n,Generalization,1
together,together,s,Inclusive,0
ready,ready,s,ProjectAhead,0
bagg'd,bagg'd,nnn,UNRECOGNIZED,0
Best,best,s,Generalization,0
of,of,s,Generalization,1
all,all,c,Generalization,2
",",",",s,,0
then,then,s,,0
it,it,s,,0
requires,requires,s,CommonAuthorities,0
no,no,s,DenyDisclaim,0
telling,telling,s,,0
Here,here,s,DirectAddress,0
is,is,s,DirectAddress,1
a,a,s,DirectAddress,2
token,token,s,Substitution,0
for,for,s,Substitution,1
thee,thee,s,DirectAddress,0
my,my,s,FirstPer,0
chicken,chicken,c,SenseObject,0
.,.,nnn,Question,0
What,what,c,Question,1
?,?,s,Question,0
knives,knives,c,SenseObject,0
?,?,s,Question,0
O,o,c,LangRef,0
",",",",s,,0
I,i,s,FirstPer,0
will,will,s,PredictedFuture,0
not,not,s,PredictedFuture,1
take,take,s,SceneShift,0
them,them,s,SceneShift,1
in,in,s,SceneShift,2
any,any,s,,0
wi^e,wi^e,c,UNRECOGNIZED,0
",",",",s,,0
they,they,s,,0
will,will,s,PredictedFuture,0
cut,cut,s,ReportingEvents,0
love,love,c,Positivity,0
.,.,nnn,,0
No,no,c,OralCues,0
",",",",s,OralCues,1
no,no,c,DenyDisclaim,0
:,:,s,,0
if,if,s,Contingency,0
they,they,s,Contingency,1
cut,cut,s,ReportingEvents,0
any,any,s,Specifiers,0
thing,thing,c,Specifiers,1
",",",",s,,0
they,they,s,,0
will,will,s,PredictedFuture,0
cut,cut,s,ReportingEvents,0
away,away,s,ReportingEvents,1
unkindness,unkindness,c,StandardsNeg,0
.,.,nnn,,0
Pardon,pardon,s,DirectAddress,0
me,me,s,DirectAddress,1
(,(,c,,0
good,good,s,,0
Sir,sir,c,PersonProperty,0
),),s,,0
you,you,s,Insist,0
shall,shall,s,Insist,1
not,not,s,DenyDisclaim,0
give,give,s,DenyDisclaim,1
them,them,s,,0
me,me,c,FirstPer,0
.,.,s,,0
If,if,s,Contingency,0
needs,needs,s,Insist,0
you,you,s,DirectAddress,0
will,will,s,SubjectivePercept,0
that,that,s,SubjectivePercept,1
I,i,n,FirstPer,0
wear,wear,s,SpaceRelation,0
them,them,c,SpaceRelation,1
",",",",s,,0
do,do,s,DirectAddress,0
you,you,s,DirectAddress,1
lose,lose,c,Negativity,0
",",",",s,,0
and,and,s,,0
I,i,s,FirstPer,0
will,will,s,PredictedFuture,0
find,find,s,,0
them,them,nnn,,0
That,that,s,Specifiers,0
Is,is,s,Specifiers,1
a,a,s,Specifiers,2
toy,toy,s,SenseObject,0
of,of,s,Specifiers,0
all,all,s,Specifiers,1
toys,toys,c,SenseObject,0
.,.,s,,0
That,that,s,,0
were,were,s,ProjectBack,0
fitter,fitter,s,PersonProperty,0
for,for,s,,0
a,a,s,SenseObject,0
stag,stag,c,SenseObject,1
^,^,s,UNRECOGNIZED,0
then,then,s,,0
a,a,s,,0
wedding,wedding,c,GenericEvents,0
.,.,nnn,,0
Indeed,indeed,s,Intensity,0
you,you,s,Insist,0
shall,shall,s,Insist,1
not,not,s,DenyDisclaim,0
deny,deny,s,DenyDisclaim,1
me,me,s,FirstPer,0
this,this,s,,0
first,first,s,Sequence,0
request,request,c,Request,0
",",",",s,,0
I,i,s,FirstPer,0
pray,pray,s,Intensity,0
you,you,s,DirectAddress,0
lose,lose,s,Negativity,0
them,them,c,,0
.,.,nnn,OralCues,0
Well,well,c,OralCues,1
",",",",s,OralCues,2
it,it,s,,0
is,is,s,DenyDisclaim,0
no,no,s,DenyDisclaim,1
news,news,s,Updates,0
to,to,s,CommonAuthorities,0
be,be,s,CommonAuthorities,1
made,made,s,CommonAuthorities,2
a,a,s,Negativity,0
fool,fool,s,Negativity,1
by,by,s,,0
a,a,s,PersonProperty,0
woman,woman,c,PersonProperty,1
.,.,s,,0
I,i,s,Metadiscourse,0
Will,will,s,Metadiscourse,1
do,do,s,Metadiscourse,2
it,it,c,,0
",",",",s,,0
if,if,s,Contingency,0
it,it,s,Contingency,1
were,were,s,Contingency,2
worse,worse,c,Negativity,0
.,.,nnn,ReportingStates,0
This,this,s,ReportingStates,1
is,is,s,ReportingStates,2
as,as,s,Insist,0
it,it,s,Insist,1
should,should,s,Insist,2
be,be,c,Insist,3
:,:,s,,0
now,now,s,Immediacy,0
I,i,s,Responsibility,0
have,have,s,Responsibility,1
deceived,deceived,s,Responsibility,2
desti^ie,desti^ie,c,UNRECOGNIZED,0
.,.,nnn,ReportingStates,0
This,this,s,ReportingStates,1
is,is,s,ReportingStates,2
Superstich,superstich,s,UNRECOGNIZED,0
my,my,s,FirstPer,0
shoes,shoes,c,SenseObject,0
",",",",s,,0
now,now,s,Immediacy,0
he,he,s,Neutral_Attribution,0
has,has,s,Neutral_Attribution,1
fooled,fooled,s,Negativity,0
a,a,s,,0
fopperie,fopperie,c,UNRECOGNIZED,0
.,.,s,DirectAddress,0
And,and,s,DirectAddress,1
you,you,s,DirectAddress,0
have,have,n,DirectAddress,1
found,found,s,Narrative_Verbs,0
a,a,s,Narrative_Verbs,1
foolerie,foolerie,nnn,UNRECOGNIZED,0
You,you,s,DirectAddress,0
mock,mock,s,Negativity,0
this,this,s,,0
Parvagracio,parvagracio,c,UNRECOGNIZED,0
.,.,s,,0
I,i,s,FirstPer,0
warrant,warrant,s,CommonAuthorities,0
you,you,s,DirectAddress,0
do,do,c,DirectAddress,1
^,^,s,UNRECOGNIZED,0
not,not,s,DenyDisclaim,0
think,think,s,DenyDisclaim,1
it,it,s,,0
evil,evil,s,StandardsNeg,0
luck,luck,s,Positivity,0
if,if,s,Contingency,0
the,the,n,Contingency,1
salt,salt,s,SenseObject,0
fall,fall,s,,0
toward,toward,s,DirectAddress,0
you,you,nnn,DirectAddress,1
But,but,s,Resistance,0
I,i,s,FirstPer,0
do,do,s,Intensity,0
if,if,s,Contingency,0
no,no,s,DenyDisclaim,0
body,body,s,SenseObject,0
overthrowe,overthrowe,s,UNRECOGNIZED,0
it,it,c,,0
.,.,nnn,Question,0
What,what,s,Question,1
if,if,s,Contingency,0
a,a,s,Contingency,1
Hare,hare,s,SenseObject,0
cross,cross,s,SpaceRelation,0
your,your,s,DirectAddress,0
way,way,c,DirectAddress,1
?,?,s,Question,0
is,is,s,ReportingStates,0
that,that,s,ReportingStates,1
nothing,nothing,s,DenyDisclaim,0
neither,neither,c,DenyDisclaim,0
?,?,nnn,Question,0
That,that,s,Specifiers,0
Is,is,s,Specifiers,1
^,^,c,UNRECOGNIZED,0
uill,uill,s,UNRECOGNIZED,0
luck,luck,s,Positivity,0
indeed,indeed,s,Intensity,0
if,if,s,Contingency,0
I,i,s,SelfDisclosure,0
have,have,s,SelfDisclosure,1
no,no,s,DenyDisclaim,0
dogs,dogs,s,SenseObject,0
to,to,s,,0
course,course,s,AbstractConcepts,0
her,her,c,PersonPronoun,0
.,.,nnn,,0
Parvagracio,parvagracio,c,UNRECOGNIZED,0
.,.,s,,0
I,i,s,FirstPer,0
prithee,prithee,s,DirectAddress,0
lead,lead,s,,0
Levitia,levitia,s,UNRECOGNIZED,0
to,to,s,SelfDisclosure,0
my,my,s,SelfDisclosure,1
lodging,lodging,c,Motions,0
.,.,s,,0
I,i,s,Insist,0
must,must,s,Insist,1
crave,crave,s,Intensity,0
pardon,pardon,s,Positivity,0
to,to,s,,0
go,go,n,ReportingEvents,0
about,about,s,ReportingEvents,1
a,a,s,Intensity,0
special,special,s,Intensity,1
business,business,s,AbstractConcepts,0
which,which,s,,0
concerns,concerns,s,SubjectivePercept,0
all,all,s,Generalization,0
my,my,s,Generalization,1
worth,worth,c,AbstractConcepts,0
:,:,s,,0
but,but,s,Resistance,0
we,we,s,,0
will,will,s,PredictedFuture,0
dispatch,dispatch,n,ReportingEvents,0
quickly,quickly,s,SubjectiveTime,0
and,and,s,,0
follow,follow,c,,0
.,.,s,DirectAddress,0
And,and,s,DirectAddress,1
meet,meet,s,ReportingEvents,0
me,me,s,FirstPer,0
the,the,s,Sequence,0
next,next,s,Sequence,1
way,way,s,AbstractConcepts,0
Parvagracio,parvagracio,s,UNRECOGNIZED,0
we,we,s,Insist,0
must,must,s,Insist,1
have,have,s,Insist,2
your,your,n,DirectAddress,0
help,help,c,Positivity,0
.,.,s,,0
I,i,s,Metadiscourse,0
Will,will,s,Metadiscourse,1
go,go,s,Metadiscourse,2
before,before,nnn,Sequence,0
In,in,s,Specifiers,0
any,any,s,Specifiers,1
case,case,s,Specifiers,2
look,look,s,ReportingEvents,0
to,to,s,ReportingEvents,1
the,the,s,ReportingEvents,2
maine,maine,s,UNRECOGNIZED,0
chance,chance,c,Contingency,0
",",",",s,ReasonForward,0
for,for,s,ReasonForward,1
now,now,s,ConfirmExperience,0
you,you,s,ConfirmExperience,1
have,have,s,ConfirmExperience,2
a,a,s,,0
clogge,clogge,c,UNRECOGNIZED,0
.,.,s,ReportingStates,0
It,it,s,ReportingStates,1
is,is,s,ReportingStates,2
the,the,n,,0
first,first,s,Sequence,0
gift,gift,s,Positivity,0
every,every,s,Generalization,0
wife,wife,s,PersonProperty,0
gives,gives,s,,0
her,her,s,PersonPronoun,0
husband,husband,nnn,PersonProperty,0
Now,now,s,Immediacy,0
boy,boy,c,PersonProperty,0
.,.,s,,0
we,we,s,Insist,0
must,must,s,Insist,1
about,about,s,,0
these,these,s,Immediacy,0
bonds,bonds,s,AbstractConcepts,0
sealing,sealing,s,SenseObject,0
to,to,s,,0
put,put,s,ReportingEvents,0
us,us,s,Inclusive,0
in,in,s,,0
suits,suits,s,SenseObject,0
for,for,s,,0
this,this,n,,0
wedding,wedding,s,GenericEvents,0
We,we,s,Metadiscourse,0
shall,shall,s,Metadiscourse,1
sure,sure,s,Confidence,0
thrive,thrive,s,StandardsPos,0
now,now,c,Immediacy,0
.,.,s,,0
Two,two,s,Numbers,0
such,such,s,Intensity,0
bargains,bargains,s,AbstractConcepts,0
gone,gone,s,ReportingEvents,0
through,through,s,,0
in,in,s,TimeDuration,0
one,one,s,TimeDuration,1
day,day,c,TimeDuration,2
.,.,n,,0
A,a,s,PersonProperty,0
stranger,stranger,s,PersonProperty,1
for,for,s,,0
a,a,s,PersonProperty,0
wife,wife,c,PersonProperty,1
*,*,s,,0
and,and,s,,0
rags,rags,s,SenseObject,0
for,for,s,Inclusive,0
our,our,s,Inclusive,1
wealth,wealth,c,Positivity,0
.,.,s,,0
We,we,s,Insist,0
cannot,cannot,s,Insist,1
want,want,s,ProjectAhead,0
after,after,s,Sequence,0
the^e,the^e,n,UNRECOGNIZED,0
matches,matches,c,SenseObject,0
.,.,s,,0
I,i,s,Contingency,0
could,could,s,Contingency,1
have,have,s,Contingency,2
found,found,s,SpaceRelation,0
in,in,s,SpaceRelation,1
my,my,s,SelfDisclosure,0
heart,heart,s,SelfDisclosure,1
to,to,s,,0
asked,asked,s,Narrative_Verbs,0
her,her,s,Narrative_Verbs,1
some,some,s,Uncertainty,0
money,money,s,AbstractConcepts,0
and,and,s,,0
mist,mist,s,SenseObject,0
this,this,n,,0
ragg'd,ragg'd,s,UNRECOGNIZED,0
money,money,c,AbstractConcepts,0
.,.,s,Resistance,0
But,but,s,Resistance,1
what,what,s,Curiosity,0
if,if,s,Curiosity,1
she,she,s,Curiosity,2
^,^,c,UNRECOGNIZED,0
aue,aue,s,UNRECOGNIZED,0
none,none,c,DenyDisclaim,0
?,?,s,Question,0
she,she,s,Citations,0
says,says,s,Citations,1
I,i,s,Metadiscourse,0
shall,shall,s,Metadiscourse,1
have,have,s,Cause,0
her,her,s,Cause,1
and,and,s,Generalization,0
all,all,n,Generalization,1
ready,ready,s,ProjectAhead,0
bagg'd,bagg'd,c,UNRECOGNIZED,0
.,.,s,,0
Perhaps,perhaps,s,Uncertainty,0
she,she,s,PersonPronoun,0
means,means,s,ReasonForward,0
that,that,s,ReasonForward,1
herself,herself,s,PersonPronoun,0
is,is,s,ProjectAhead,0
ready,ready,s,ProjectAhead,1
bagg'd,bagg'd,s,UNRECOGNIZED,0
to,to,s,SelfDisclosure,0
my,my,s,SelfDisclosure,1
hand,hand,s,SenseObject,0
I,i,n,Insist,0
cannot,cannot,s,Insist,1
tell,tell,c,,0
*,*,s,,0
there,there,s,,0
be,be,s,ReportingStates,0
such,such,s,Intensity,0
tricks,tricks,s,SubjectivePercept,0
in,in,s,Intensity,0
the,the,s,Intensity,1
world,world,c,Intensity,2
.,.,s,Intensity,3
I,i,s,FirstPer,0
doubt,doubt,s,Uncertainty,0
I,i,s,SelfDisclosure,0
am,am,s,SelfDisclosure,1
utterly,utterly,s,Intensity,0
undone,undone,n,Negativity,0
with,with,s,Specifiers,0
this,this,s,Specifiers,1
foolish,foolish,s,Negativity,0
match,match,nnn,SenseObject,0
Why,why,s,Question,0
sir,sir,c,PersonProperty,0
",",",",s,,0
if,if,s,Contingency,0
you,you,s,DirectAddress,0
be,be,s,DirectAddress,1
let,let,s,ReportingEvents,0
it,it,s,,0
not,not,s,DenyDisclaim,0
trouble,trouble,s,Negativity,0
you,you,c,Negativity,1
",",",",s,,0
I,i,s,DirectAddress,0
hope,hope,s,DirectAddress,1
you,you,s,DirectAddress,2
shall,shall,s,ProjectAhead,0
have,have,s,SubjectivePercept,0
better,better,s,SubjectivePercept,1
luck,luck,n,Positivity,0
in,in,s,SpaceRelation,0
greater,greater,s,SpaceRelation,1
matters,matters,c,Specifiers,0
",",",",s,,0
and,and,s,Resistance,0
yet,yet,s,Resistance,1
if,if,s,Contingency,0
she,she,s,Contingency,1
have,have,s,ReportingEvents,0
a,a,s,ReportingEvents,1
good,good,s,,0
portion,portion,s,SenseObject,0
you,you,s,DirectAddress,0
are,are,s,DirectAddress,1
happy,happy,c,Positivity,0
",",",",s,,0
if,if,s,Contingency,0
she,she,n,Contingency,1
have,have,s,,0
none,none,c,DenyDisclaim,0
",",",",s,Resistance,0
yet,yet,s,Resistance,1
you,you,s,DirectAddress,0
may,may,s,DirectAddress,1
be,be,s,ReportingEvents,0
even,even,s,ReportingEvents,1
with,with,s,ReportingEvents,2
her,her,s,PersonPronoun,0
if,if,s,Contingency,0
it,it,s,Contingency,1
please,please,s,Positivity,0
you,you,s,DirectAddress,0
al^hough,al^hough,s,UNRECOGNIZED,0
she,she,s,PersonPronoun,0
prou,prou,c,UNRECOGNIZED,0
^,^,s,UNRECOGNIZED,0
^,^,n,UNRECOGNIZED,0
roaring,roaring,s,Motions,0
girl,girl,nnn,PersonProperty,0
Can,can,s,Contingency,0
thou,thou,s,DirectAddress,0
tell,tell,s,,0
which,which,s,,0
way,way,s,AbstractConcepts,0
to,to,s,GenericEvents,0
be,be,s,GenericEvents,1
even,even,s,Comparison,0
with,with,s,Comparison,1
her,her,c,PersonPronoun,0
?,?,nnn,Question,0
Mary,mary,s,PersonProperty,0
to,to,s,,0
have,have,s,ReportingStates,0
as,as,s,ReportingStates,1
little,little,s,SenseProperty,0
as,as,s,TimeDuration,0
she,she,c,TimeDuration,1
.,.,s,DirectAddress,0
And,and,s,DirectAddress,1
if,if,s,Contingency,0
I,i,s,Contingency,1
were,were,s,Contingency,2
(,(,c,,0
...,...,c,UNRECOGNIZED,0
),),s,,0
you,you,s,DirectAddress,0
I,i,s,SelfDisclosure,0
would,would,s,SelfDisclosure,1
serve,serve,s,ReportingEvents,0
her,her,s,PersonPronoun,0
so,so,c,AbstractConcepts,0
",",",",n,AbstractConcepts,1
teach,teach,s,ReportingEvents,0
her,her,s,PersonPronoun,0
to,to,s,,0
come,come,s,ReportingEvents,0
^,^,c,UNRECOGNIZED,0
mptie,mptie,s,UNRECOGNIZED,0
handed,handed,s,ReportingEvents,0
to,to,s,Generalization,0
a,a,s,Generalization,1
man,man,s,Generalization,2
of,of,s,DirectAddress,0
your,your,s,DirectAddress,1
spending,spending,nnn,ReportingEvents,0
Well,well,c,SenseObject,0
:,:,s,,0
we,we,s,Insist,0
must,must,s,Insist,1
make,make,s,SubjectivePercept,0
the,the,s,SubjectivePercept,1
most,most,s,SubjectivePercept,2
of,of,s,SubjectivePercept,3
her,her,s,PersonPronoun,0
that,that,s,,0
I,i,s,Contingency,0
can,can,s,Contingency,1
now,now,s,Immediacy,0
^,^,s,UNRECOGNIZED,0
have,have,s,Cause,0
her,her,c,Cause,1
:,:,s,,0
and,and,s,,0
take,take,s,ReportingEvents,0
no,no,s,DenyDisclaim,0
care,care,n,Positivity,0
for,for,s,Positivity,1
any,any,s,Specifiers,0
thing,thing,c,Specifiers,1
*,*,s,,0
that,that,c,,0
^,^,s,UNRECOGNIZED,0
the,the,s,SpaceRelation,0
way,way,s,SpaceRelation,1
to,to,s,SpaceRelation,2
live,live,s,,0
long,long,s,SenseProperty,0
and,and,s,SenseProperty,1
leave,leave,s,,0
nothing,nothing,nnn,DenyDisclaim,0
Gentlemen,gentlemen,s,Positivity,0
(,(,c,,0
you,you,s,DirectAddress,0
two,two,s,Numbers,0
I,i,s,SelfDisclosure,0
mean,mean,s,SelfDisclosure,1
M,m,c,AbstractConcepts,0
.,.,s,AbstractConcepts,1
(,(,c,,0
...,...,c,UNRECOGNIZED,0
),),s,,0
and,and,s,,0
Sir,sir,s,PersonProperty,0
(,(,c,,0
...,...,c,UNRECOGNIZED,0
)),)),s,UNRECOGNIZED,0
my,my,s,FirstPer,0
master,master,s,PersonProperty,0
entreats,entreats,s,Request,0
you,you,s,DirectAddress,0
both,both,n,,0
to,to,s,,0
come,come,s,ReportingEvents,0
to,to,s,,0
his,his,s,PersonPronoun,0
chamber,chamber,s,SenseObject,0
for,for,s,,0
a,a,s,,0
short,short,s,SenseProperty,0
space,space,c,AbstractConcepts,0
",",",",s,,0
he,he,s,PersonPronoun,0
will,will,s,PredictedFuture,0
go,go,s,ReportingEvents,0
twice,twice,s,RecurringEvents,0
so,so,s,,0
fair,fair,s,StandardsPos,0
for,for,s,DirectAddress,0
you,you,s,DirectAddress,1
any,any,n,Exceptions,0
other,other,s,Exceptions,1
time,time,nn,Exceptions,2
Thank,thank,s,Acknowledge,0
your,your,s,Acknowledge,1
master,master,c,PersonProperty,0
",",",",s,,0
we,we,s,Inclusive,0
have,have,s,Inclusive,1
dined,dined,s,ReportingEvents,0
already,already,c,Updates,0
",",",",s,,0
and,and,s,,0
can,can,s,Contingency,0
eat,eat,s,ReportingEvents,0
nothing,nothing,c,DenyDisclaim,0
:,:,s,,0
another,another,s,TimeShift,0
time,time,n,TimeShift,1
we,we,s,,0
will,will,s,PredictedFuture,0
see,see,s,SpaceRelation,0
him,him,s,SpaceRelation,1
if,if,s,Contingency,0
we,we,s,Inclusive,0
have,have,s,Inclusive,1
^,^,c,UNRECOGNIZED,0
o,o,s,LangRef,0
business,business,nnn,AbstractConcepts,0
O,o,s,LangRef,0
you,you,s,DirectAddress,0
mistake,mistake,s,Negativity,0
it,it,s,,0
Sir,sir,s,PersonProperty,0
neither,neither,s,DenyDisclaim,0
now,now,c,Updates,0
",",",",s,Updates,1
nor,nor,s,DenyDisclaim,0
any,any,s,Exceptions,0
other,other,s,Exceptions,1
time,time,s,Exceptions,2
for,for,s,,0
eating,eating,c,ReportingEvents,0
:,:,s,,0
there,there,s,DenyDisclaim,0
is,is,s,DenyDisclaim,1
no,no,n,DenyDisclaim,2
meat,meat,c,SenseObject,0
:,:,s,,0
my,my,s,FirstPer,0
Master,master,s,PersonProperty,0
does,does,s,DenyDisclaim,0
not,not,s,DenyDisclaim,1
vie,vie,s,Resistance,0
to,to,s,,0
quilt,quilt,s,ReportingEvents,0
his,his,s,ReportingEvents,1
friends,friends,s,StandardsPos,0
stomack,stomack,c,UNRECOGNIZED,0
^,^,s,UNRECOGNIZED,0
with,with,s,,0
too,too,s,Negativity,0
much,much,s,Negativity,1
meat,meat,c,SenseObject,0
.,.,n,,0
No,no,c,OralCues,0
",",",",s,OralCues,1
he,he,s,Biographical_Time,0
would,would,s,Biographical_Time,1
speak,speak,s,SpaceRelation,0
with,with,s,SpaceRelation,1
you,you,s,DirectAddress,0
about,about,s,,0
a,a,s,SenseObject,0
note,note,s,SenseObject,1
he,he,s,Neutral_Attribution,0
has,has,s,Neutral_Attribution,1
caused,caused,s,Cause,0
to,to,s,Cause,1
be,be,s,ReportingStates,0
drawn,drawn,s,ReportingEvents,0
he,he,s,PersonPronoun,0
will,will,n,PredictedFuture,0
(,(,c,,0
...,...,c,UNRECOGNIZED,0
),),s,,0
you,you,s,DirectAddress,0
to,to,s,,0
p^rvse,p^rvse,s,UNRECOGNIZED,0
it,it,c,,0
",",",",s,,0
and,and,s,,0
do,do,s,Positivity,0
him,him,s,Positivity,1
a,a,s,Positivity,2
favor,favor,s,Positivity,3
it,it,s,,0
is,is,s,ReportingStates,0
in,in,s,,0
the,the,s,Specifiers,0
nature,nature,s,Specifiers,1
of,of,s,Specifiers,2
a,a,n,,0
certificate,certificate,nnn,CommonAuthorities,0
Truly,truly,s,Intensity,0
he,he,s,PersonPronoun,0
shall,shall,s,ProjectAhead,0
have,have,s,,0
no,no,s,DenyDisclaim,0
hand,hand,s,SenseObject,0
of,of,s,,0
m^ne,m^ne,s,UNRECOGNIZED,0
to,to,s,,0
any,any,s,,0
wri^ing,wri^ing,s,UNRECOGNIZED,0
nor,nor,s,DenyDisclaim,0
to,to,s,,0
any,any,s,,0
purpose,purpose,c,ProjectAhead,0
",",",",s,,0
nor,nor,n,DenyDisclaim,0
for,for,s,,0
my,my,s,FirstPer,0
credit,credit,s,StandardsPos,0
sake,sake,s,SenseObject,0
will,will,s,PredictedFuture,0
I,i,s,Metadiscourse,0
come,come,s,Metadiscourse,1
^,^,c,UNRECOGNIZED,0
n,n,s,LangRef,0
his,his,s,PersonPronoun,0
company,company,c,AbstractConcepts,0
.,.,s,Intensity,0
I,i,s,Intensity,1
do,do,s,Intensity,2
^^,^^,c,UNRECOGNIZED,0
agine,agine,s,UNRECOGNIZED,0
what,what,s,Curiosity,0
it,it,s,Curiosity,1
is,is,c,Curiosity,2
.,.,s,,0
He,he,n,Neutral_Attribution,0
knows,knows,s,Neutral_Attribution,1
that,that,s,,0
^,^,c,UNRECOGNIZED,0
e,e,s,LangRef,0
hear,hear,s,SpaceRelation,0
so,so,s,Intensity,0
much,much,s,Intensity,1
evil,evil,s,StandardsNeg,0
of,of,s,,0
him,him,s,PersonPronoun,0
that,that,s,,0
he,he,s,PersonPronoun,0
d^ubts,d^ubts,s,UNRECOGNIZED,0
we,we,s,,0
will,will,s,PredictedFuture,0
speak,speak,s,ReportingEvents,0
^,^,c,UNRECOGNIZED,0
s,s,s,LangRef,0
we,we,n,Metadiscourse,0
find,find,c,Metadiscourse,1
.,.,s,DirectAddress,0
And,and,s,DirectAddress,1
therefore,therefore,s,ReasonForward,0
he,he,s,Biographical_Time,0
would,would,s,Biographical_Time,1
have,have,s,Inclusive,0
us,us,s,Inclusive,1
give,give,s,,0
comme,comme,c,,0
^^,^^,c,UNRECOGNIZED,0
ations,ations,s,UNRECOGNIZED,0
of,of,s,,0
him,him,s,PersonPronoun,0
to,to,s,,0
some,some,s,Uncertainty,0
friend,friend,n,Positivity,0
of,of,s,Positivity,1
our,our,c,Inclusive,0
^,^,s,UNRECOGNIZED,0
in,in,s,,0
some,some,s,Uncertainty,0
small,small,s,SenseProperty,0
request,request,s,Request,0
which,which,s,,0
he,he,s,Biographical_Time,0
never,never,s,Biographical_Time,1
means,means,s,ProjectAhead,0
to,to,s,ProjectAhead,1
sue,sue,s,Resistance,0
for,for,c,Resistance,1
.,.,s,Resistance,0
But,but,s,Resistance,1
this,this,s,,0
our,our,n,Inclusive,0
good,good,s,,0
repor,repor,c,UNRECOGNIZED,0
^,^,s,UNRECOGNIZED,0
he,he,s,PersonPronoun,0
will,will,s,PredictedFuture,0
keep,keep,s,TimeDuration,0
by,by,s,,0
him,him,s,PersonPronoun,0
par^ly,par^ly,s,UNRECOGNIZED,0
to,to,s,,0
stop,stop,s,Resistance,0
our,our,s,Inclusive,0
mouths,mouths,s,SenseObject,0
(,(,c,,0
hoping,hoping,s,Positivity,0
we,we,s,,0
will,will,s,PredictedFuture,0
not,not,n,PredictedFuture,1
speak,speak,s,ReportingEvents,0
contrary,contrary,s,Resistance,0
to,to,s,Resistance,1
our,our,s,Inclusive,0
testimony,testimony,s,CommonAuthorities,0
in,in,s,LangRef,0
writing,writing,c,LangRef,1
",",",",s,,0
and,and,s,,0
pa^tly,pa^tly,s,UNRECOGNIZED,0
for,for,s,,0
his,his,s,PersonPronoun,0
credi,credi,c,UNRECOGNIZED,0
^,^,s,UNRECOGNIZED,0
to,to,s,GenericEvents,0
be,be,n,GenericEvents,1
showed,showed,s,ReportingEvents,0
upon,upon,s,,0
every,every,s,Generalization,0
o^cas^on,o^cas^on,s,UNRECOGNIZED,0
against,against,s,,0
all,all,s,Generalization,0
that,that,s,Generalization,1
have,have,s,,0
cause,cause,s,Cause,0
to,to,s,Cause,1
speak,speak,s,ReportingEvents,0
evil,evil,s,StandardsNeg,0
of,of,s,,0
him,him,c,PersonPronoun,0
.,.,n,DirectAddress,0
Let,let,s,DirectAddress,1
him,him,s,DirectAddress,2
content,content,s,Positivity,0
himself,himself,s,Positivity,1
we,we,s,,0
ref^se,ref^se,s,UNRECOGNIZED,0
to,to,s,,0
come,come,s,SpaceRelation,0
near,near,s,SpaceRelation,1
him,him,nnn,PersonPronoun,0
Honest,honest,s,StandardsPos,0
friend,friend,c,StandardsPos,0
:,:,s,,0
I,i,s,FirstPer,0
marv^ll,marv^ll,s,UNRECOGNIZED,0
with,with,s,,0
what,what,s,,0
conscience,conscience,s,StandardsPos,0
(,(,c,,0
...,...,c,UNRECOGNIZED,0
),),s,,0
^^,^^,c,UNRECOGNIZED,0
rue,rue,s,SenseObject,0
one,one,s,Specifiers,0
that,that,s,Specifiers,1
is,is,s,ReportingStates,0
(,(,c,,0
...,...,c,UNRECOGNIZED,0
),),c,,0
.,.,nnn,,0
Mary,mary,s,PersonProperty,0
Sir,sir,s,PersonProperty,0
with,with,s,,0
as,as,s,,0
wide,wide,s,SenseProperty,0
and,and,s,,0
large,large,s,SenseProperty,0
a,a,s,,0
conscience,conscience,s,StandardsPos,0
as,as,s,Comparison,0
any,any,s,Comparison,1
man,man,s,PersonProperty,0
has,has,c,,0
",",",",s,,0
and,and,s,,0
as,as,s,,0
thoroughly,thoroughly,n,Intensity,0
tentered,tentered,c,SpaceRelation,0
.,.,s,,0
My,my,s,FirstPer,0
master,master,s,PersonProperty,0
and,and,s,,0
I,i,s,FirstPer,0
are,are,s,DenyDisclaim,0
no,no,s,DenyDisclaim,1
niggards,niggards,s,Negativity,0
of,of,s,Inclusive,0
our,our,s,Inclusive,1
conscience,conscience,c,StandardsPos,0
.,.,s,Metadiscourse,0
Besides,besides,s,Metadiscourse,1
I,i,s,Responsibility,0
am,am,s,Responsibility,1
bound,bound,n,Responsibility,2
by,by,s,,0
my,my,s,FirstPer,0
100l,100l,s,UNRECOGNIZED,0
to,to,s,,0
serve,serve,s,ReportingEvents,0
him,him,nnn,PersonPronoun,0
Thou,thou,s,DirectAddress,0
were,were,s,ProjectBack,0
as,as,s,,0
good,good,s,,0
lose,lose,s,Negativity,0
thy,thy,s,DirectAddress,0
100l,100l,s,UNRECOGNIZED,0
at,at,s,Sequence,0
first,first,c,Sequence,1
",",",",s,,0
as,as,s,,0
at,at,s,,0
la^t,la^t,s,UNRECOGNIZED,0
for,for,s,,0
he,he,s,PersonPronoun,0
will,will,s,PredictedFuture,0
in,in,s,,0
the,the,s,Sequence,0
end,end,n,Sequence,1
deceive,deceive,s,Anger,0
thee,thee,s,DirectAddress,0
of,of,s,,0
it,it,nnn,,0
If,if,s,Contingency,0
he,he,s,Contingency,1
do,do,s,Intensity,0
then,then,s,Sequence,0
I,i,s,Sequence,1
hope,hope,s,ProjectAhead,0
he,he,s,ProjectAhead,1
will,will,s,PredictedFuture,0
teach,teach,s,ReportingEvents,0
me,me,s,FirstPer,0
cunning,cunning,s,Negativity,0
worth,worth,s,AbstractConcepts,0
100l,100l,s,UNRECOGNIZED,0
to,to,s,,0
deceive,deceive,s,Anger,0
others,others,c,Uncertainty,0
.,.,n,ReasonForward,0
and,and,s,ReasonForward,1
so,so,s,ReasonForward,2
I,i,s,FirstPer,0
may,may,s,Contingency,0
double,double,s,,0
my,my,s,FirstPer,0
100l,100l,c,UNRECOGNIZED,0
.,.,s,,0
For,for,s,,0
I,i,s,FirstPer,0
do,do,s,DenyDisclaim,0
not,not,s,DenyDisclaim,1
think,think,s,PrivateThinking,0
but,but,s,Resistance,0
he,he,s,Neutral_Attribution,0
has,has,s,Neutral_Attribution,1
gotten,gotten,s,,0
many,many,n,,0
100l,100l,s,UNRECOGNIZED,0
with,with,s,,0
art,art,c,AbstractConcepts,0
.,.,s,DirectAddress,0
And,and,s,DirectAddress,1
I,i,s,Resistance,0
Will,will,s,Resistance,1
never,never,s,Resistance,2
leave,leave,s,SceneShift,0
him,him,s,SceneShift,1
tell,tell,s,,0
I,i,s,FirstPer,0
get,get,s,Intensity,0
all,all,s,Intensity,1
his,his,s,PersonPronoun,0
tricks,tricks,s,SubjectivePercept,0
and,and,s,Immediacy,0
now,now,s,Immediacy,1
he,he,n,Neutral_Attribution,0
has,has,s,Neutral_Attribution,1
made,made,s,SelfDisclosure,0
me,me,s,SelfDisclosure,1
free,free,s,AbstractConcepts,0
he,he,s,PersonPronoun,0
will,will,s,PredictedFuture,0
use,use,s,ReportingEvents,0
me,me,s,FirstPer,0
as,as,s,,0
his,his,s,Inclusive,0
fellow,fellow,nnn,Inclusive,1
By,by,s,,0
that,that,s,ReasonForward,0
means,means,s,ReasonForward,1
thou,thou,s,DirectAddress,0
will,will,s,PredictedFuture,0
accompany,accompany,s,SpaceRelation,0
him,him,s,SpaceRelation,1
to,to,s,,0
^,^,c,UNRECOGNIZED,0
ell,ell,c,SenseObject,0
.,.,nnn,Imperative,0
Down,down,s,Imperative,1
the,the,s,,0
lane,lane,s,SpaceRelation,0
to,to,s,,0
the,the,s,StandardsNeg,0
Devil,devil,c,StandardsNeg,1
.,.,s,,0
Nay,nay,s,OralCues,0
an,an,s,,0
we,we,s,SceneShift,0
go,go,s,SceneShift,1
to,to,s,SceneShift,2
no,no,s,DenyDisclaim,0
worse,worse,s,DenyDisclaim,1
place,place,s,SpaceRelation,0
^,^,c,UNRECOGNIZED,0
hen,hen,s,SenseObject,0
Hell,hell,s,Negativity,0
I,i,n,FirstPer,0
care,care,s,Negativity,0
not,not,c,Negativity,1
:,:,s,,0
for,for,s,,0
I,i,s,FirstPer,0
do,do,s,DenyDisclaim,0
not,not,s,DenyDisclaim,1
think,think,s,PrivateThinking,0
but,but,s,Resistance,0
my,my,s,FirstPer,0
maste,maste,c,UNRECOGNIZED,0
^,^,s,UNRECOGNIZED,0
has,has,s,,0
craft,craft,s,SenseObject,0
enough,enough,s,SubjectivePercept,0
for,for,s,Specifiers,0
any,any,s,Specifiers,1
Devil,devil,s,AbstractConcepts,0
on,on,n,,0
um,um,s,OralCues,0
all,all,nnn,Exceptions,0
But,but,s,Exceptions,1
there,there,s,SpaceRelation,0
he,he,s,SpaceRelation,1
shall,shall,s,ProjectAhead,0
meet,meet,s,SpaceRelation,0
with,with,s,SpaceRelation,1
his,his,s,PersonPronoun,0
crafts,crafts,s,SenseObject,0
master,master,c,PersonProperty,0
.,.,nnn,Question,0
What,what,c,Question,1
?,?,s,Question,0
master,master,s,PersonProperty,0
my,my,s,FirstPer,0
master,master,s,PersonProperty,0
in,in,s,,0
craft,craft,c,SenseObject,0
?,?,s,Question,0
that,that,s,,0
were,were,s,ProjectBack,0
somewhat,somewhat,s,Uncertainty,0
strange,strange,c,SubjectivePercept,0
",",",",s,Resistance,0
yet,yet,s,Resistance,1
I,i,s,FirstPer,0
Will,will,s,PredictedFuture,0
believe,believe,n,PrivateThinking,0
any,any,s,Specifiers,0
thing,thing,s,Specifiers,1
but,but,s,Resistance,0
that,that,c,Resistance,1
.,.,s,OralCues,0
Well,well,s,OralCues,1
I,i,s,Metadiscourse,0
shall,shall,s,Metadiscourse,1
tell,tell,s,,0
him,him,s,PersonPronoun,0
you,you,s,DirectAddress,0
will,will,s,PredictedFuture,0
not,not,s,PredictedFuture,1
come,come,c,ReportingEvents,0
.,.,s,DirectAddress,0
And,and,s,DirectAddress,1
what,what,s,Confront,0
is,is,s,Confront,1
the,the,n,Confront,2
reason,reason,s,Confront,3
you,you,s,Confront,4
will,will,s,PredictedFuture,0
not,not,s,PredictedFuture,1
come,come,c,ReportingEvents,0
?,?,s,Question,0
I,i,s,SelfDisclosure,0
have,have,s,SelfDisclosure,1
almost,almost,s,SubjectivePercept,0
forgotten,forgotten,nnn,Negativity,0
Mary,mary,s,PersonProperty,0
because,because,s,ReasonBackward,0
at,at,s,SpaceRelation,0
our,our,s,SpaceRelation,1
baptism,baptism,s,CommonAuthorities,0
we,we,s,,0
vowed,vowed,s,Intensity,0
to,to,s,Intensity,1
r^nounce,r^nounce,s,UNRECOGNIZED,0
the,the,s,,0
infernal,infernal,s,StandardsNeg,0
Spirit,spirit,c,SubjectivePercept,0
.,.,s,DirectAddress,0
And,and,n,DirectAddress,1
now,now,s,Updates,0
upon,upon,s,Updates,1
our,our,s,Inclusive,0
own,own,s,Inclusive,1
experience,experience,s,GenericEvents,0
and,and,s,,0
judgment,judgment,s,PrivateThinking,0
we,we,s,,0
abandon,abandon,s,Negativity,0
al,al,c,,0
^,^,s,UNRECOGNIZED,0
incarnate,incarnate,s,Transformation,0
Devils,devils,nnn,AbstractConcepts,0
Abandon,abandon,c,Negativity,0
?,?,s,Question,0
what,what,s,Question,0
is,is,s,Question,1
that,that,c,,0
?,?,s,Question,0
if,if,s,Contingency,0
I,i,s,Contingency,1
can,can,s,Contingency,2
observe,observe,s,Citations,0
that,that,s,Citations,1
word,word,s,LangRef,0
right,right,c,,0
*,*,s,,0
I,i,s,Metadiscourse,0
shall,shall,s,Metadiscourse,1
ca^y,ca^y,s,UNRECOGNIZED,0
the,the,s,,0
rest,rest,n,,0
well,well,c,StandardsPos,0
.,.,s,StandardsPos,1
I,i,s,Reassure,0
know,know,s,Reassure,1
what,what,s,Reassure,2
you,you,s,Reassure,3
mean,mean,s,Reassure,4
by,by,s,,0
a,a,s,,0
carnation,carnation,s,SenseObject,0
^,^,c,UNRECOGNIZED,0
ivell,ivell,nnn,UNRECOGNIZED,0
What,what,s,DirectAddress,0
do,do,s,DirectAddress,1
you,you,s,DirectAddress,2
judge,judge,s,PrivateThinking,0
of,of,s,,0
these,these,s,Immediacy,0
passages,passages,s,LangRef,0
M,m,c,AbstractConcepts,0
.,.,s,AbstractConcepts,1
Securu,securu,c,UNRECOGNIZED,0
^,^,c,UNRECOGNIZED,0
?,?,nnn,Question,0
Su^ely,su^ely,s,UNRECOGNIZED,0
Sir,sir,c,PersonProperty,0
*,*,s,,0
it,it,s,Negativity,0
is,is,s,Negativity,1
hard,hard,s,Negativity,2
upon,upon,s,,0
the,the,s,SubjectiveTime,0
sudden,sudden,s,SubjectiveTime,1
to,to,s,,0
deliver,deliver,s,ReportingEvents,0
^,^,s,UNRECOGNIZED,0
^,^,c,UNRECOGNIZED,0
rue,rue,s,SenseObject,0
sentence,sentence,s,AbstractConcepts,0
upon,upon,s,,0
so,so,n,Intensity,0
many,many,s,Intensity,1
contrarieties,contrarieties,s,Resistance,0
as,as,s,Comparison,0
this,this,s,Comparison,1
day,day,s,TimeDuration,0
we,we,s,Inclusive,0
have,have,s,Inclusive,1
heard,heard,c,ReportingStates,0
.,.,s,ReportingStates,1
But,but,s,Resistance,0
b^eefly,b^eefly,s,UNRECOGNIZED,0
I,i,s,SelfDisclosure,0
think,think,s,SelfDisclosure,1
they,they,s,,0
o^ght,o^ght,n,UNRECOGNIZED,0
all,all,s,,0
to,to,s,,0
(,(,c,,0
...,...,c,UNRECOGNIZED,0
),),s,,0
duced,duced,s,UNRECOGNIZED,0
unto,unto,s,CommonAuthorities,0
two,two,s,Numbers,0
maine,maine,s,UNRECOGNIZED,0
heads,heads,s,SenseObject,0
of,of,s,,0
Good,good,s,Intensity,0
and,and,s,Intensity,1
Bad,bad,c,Negativity,0
.,.,s,DirectAddress,0
and,and,s,DirectAddress,1
of,of,s,,0
the,the,s,Negativity,0
worst,worst,s,Negativity,1
to,to,n,,0
choose,choose,s,ReportingEvents,0
the,the,s,,0
least,least,c,Comparison,0
:,:,s,,0
and,and,s,,0
of,of,s,,0
the,the,s,,0
be^te,be^te,c,UNRECOGNIZED,0
^,^,s,UNRECOGNIZED,0
take,take,s,ReportingEvents,0
the,the,s,ReportingEvents,1
most,most,nnn,Comparison,0
In,in,s,Specifiers,0
part,part,s,Specifiers,1
I,i,s,FirstPer,0
dissent,dissent,s,Resistance,0
from,from,s,Resistance,1
y^u,y^u,s,UNRECOGNIZED,0
but,but,s,Resistance,0
in,in,s,Specifiers,0
part,part,s,Specifiers,1
I,i,s,FirstPer,0
ag^ee,ag^ee,c,UNRECOGNIZED,0
.,.,s,,0
If,if,s,Contingency,0
we,we,s,,0
be,be,s,ReportingStates,0
constrained,constrained,s,Resistance,0
to,to,s,,0
choose,choose,n,ReportingEvents,0
among,among,s,,0
things,things,s,Uncertainty,0
which,which,s,,0
are,are,s,ReportingStates,0
(,(,c,,0
...,...,c,UNRECOGNIZED,0
),),s,,0
best,best,s,StandardsPos,0
to,to,s,StandardsPos,1
permit,permit,s,CommonAuthorities,0
the,the,s,,0
least,least,c,Comparison,0
:,:,s,,0
but,but,s,Resistance,0
if,if,s,Contingency,0
a,a,s,Contingency,1
man,man,s,PersonProperty,0
have,have,n,,0
freedom,freedom,s,StandardsPos,0
(,(,c,,0
...,...,c,UNRECOGNIZED,0
),),s,,0
best,best,s,Positivity,0
choice,choice,s,Positivity,1
is,is,s,ProjectAhead,0
to,to,s,ProjectAhead,1
refuse,refuse,s,Resistance,0
evil,evil,s,StandardsNeg,0
be,be,s,ReportingStates,0
it,it,s,DenyDisclaim,0
never,never,s,DenyDisclaim,1
so,so,s,,0
little,little,c,SenseProperty,0
.,.,s,,0
Among,among,s,,0
^,^,c,UNRECOGNIZED,0
he,he,n,PersonPronoun,0
several,several,s,Specifiers,0
discourses,discourses,s,AbstractConcepts,0
this,this,s,Immediacy,0
day,day,s,Immediacy,1
acted,acted,c,ReportingStates,0
.,.,s,ReportingStates,1
I,i,s,FirstPer,0
note,note,s,SenseObject,0
many,many,s,,0
vices,vices,s,Negativity,0
va^l^d,va^l^d,s,UNRECOGNIZED,0
over,over,s,,0
with,with,s,,0
froth,froth,c,SenseObject,0
",",",",n,,0
and,and,s,,0
flourish,flourish,s,SenseProperty,0
of,of,s,SenseProperty,1
words,words,c,LangRef,0
",",",",s,Resistance,0
but,but,s,Resistance,1
the,the,s,Comparison,0
same,same,s,Comparison,1
again,again,s,RecurringEvents,0
vnma^ked,vnma^ked,s,UNRECOGNIZED,0
with,with,s,,0
substantial,substantial,s,StandardsPos,0
matter,matter,c,AbstractConcepts,0
",",",",n,,0
and,and,s,,0
laid,laid,s,ReportingEvents,0
naked,naked,s,SenseObject,0
to,to,s,,0
di^grace,di^grace,c,UNRECOGNIZED,0
.,.,s,ReasonForward,0
So,so,s,ReasonForward,1
it,it,s,,0
(,(,c,,0
...,...,c,UNRECOGNIZED,0
),),s,,0
they,they,s,ReportingStates,0
are,are,s,ReportingStates,1
not,not,s,DenyDisclaim,0
propounded,propounded,s,ReportingEvents,0
to,to,s,,0
imitate,imitate,c,ReportingEvents,0
",",",",s,Resistance,0
but,but,n,Resistance,1
(,(,c,,0
...,...,c,UNRECOGNIZED,0
),),s,,0
forth,forth,s,SpaceRelation,0
to,to,s,GenericEvents,0
be,be,s,GenericEvents,1
sha^ed,sha^ed,c,UNRECOGNIZED,0
.,.,s,,0
They,they,s,ReportingStates,0
are,are,s,ReportingStates,1
pa^nted,pa^nted,s,UNRECOGNIZED,0
in,in,s,,0
colour,colour,c,AbstractConcepts,0
^,^,s,UNRECOGNIZED,0
but,but,s,Resistance,0
in,in,s,,0
a,a,s,,0
map,map,s,SenseObject,0
of,of,s,SenseObject,1
(,(,c,,0
...,...,c,UNRECOGNIZED,0
),),n,,0
some,some,s,Uncertainty,0
(,(,c,,0
...,...,c,UNRECOGNIZED,0
),),c,,0
",",",",s,Resistance,0
but,but,s,Resistance,1
such,such,s,Specifiers,0
as,as,s,Specifiers,1
run,run,s,SceneShift,0
to,to,s,SceneShift,1
ruin,ruin,c,Negativity,0
.,.,s,,0
They,they,s,ReportingStates,0
are,are,s,ReportingStates,1
brought,brought,s,Transformation,0
forth,forth,s,Transformation,1
to,to,s,GenericEvents,0
be,be,s,GenericEvents,1
rewed,rewed,c,UNRECOGNIZED,0
;,;,s,Resistance,0
but,but,n,Resistance,1
to,to,s,,0
manifest,manifest,s,Confidence,0
their,their,s,PersonPronoun,0
ugliness,ugliness,c,Negativity,0
.,.,s,,0
They,they,s,,0
come,come,s,ReportingEvents,0
not,not,s,DenyDisclaim,0
here,here,s,DenyDisclaim,1
^,^,c,UNRECOGNIZED,0
o,o,s,LangRef,0
be,be,s,ReportingStates,0
liked,liked,c,Positivity,0
",",",",s,Resistance,0
but,but,s,Resistance,1
lothed,lothed,c,Resistance,0
;,;,s,,0
not,not,s,DenyDisclaim,0
to,to,n,DenyDisclaim,1
be,be,s,DenyDisclaim,2
fau^red,fau^red,c,UNRECOGNIZED,0
",",",",s,Resistance,0
but,but,s,Resistance,1
derided,derided,c,Negative_Relation,0
.,.,s,,0
Not,not,s,DenyDisclaim,0
^,^,c,UNRECOGNIZED,0
llowed,llowed,s,UNRECOGNIZED,0
in,in,s,Disclosure,0
private,private,c,Disclosure,1
",",",",s,Resistance,0
but,but,s,Resistance,1
in,in,s,CommonAuthorities,0
public,public,s,CommonAuthorities,1
to,to,s,GenericEvents,0
be,be,n,GenericEvents,1
condemned,condemned,c,Negative_Relation,0
.,.,s,,0
S,s,c,LangRef,0
^,^,s,UNRECOGNIZED,0
I,i,s,FirstPer,0
^,^,c,UNRECOGNIZED,0
ope,ope,s,SpaceRelation,0
that,that,s,Generalization,0
all,all,s,Generalization,1
wise,wise,s,StandardsPos,0
hearers,hearers,s,SpaceRelation,0
will,will,s,PredictedFuture,0
a^oid,a^oid,s,UNRECOGNIZED,0
the,the,s,,0
sins,sins,s,StandardsNeg,0
and,and,s,,0
abuse,abuse,c,Negativity,0
^,^,n,UNRECOGNIZED,0
^,^,c,UNRECOGNIZED,0
ere,ere,s,ProjectBack,0
touched,touched,s,SenseProperty,0
(,(,c,,0
which,which,s,,0
are,are,s,ReportingStates,0
many,many,c,,0
),),s,,0
and,and,s,,0
follow,follow,s,,0
good,good,s,StandardsPos,0
counsel,counsel,s,StandardsPos,1
^,^,c,UNRECOGNIZED,0
f,f,s,AbstractConcepts,0
they,they,s,,0
heard,heard,s,Updates,0
any,any,c,Intensity,0
.,.,s,Intensity,1
Which,which,n,,0
that,that,s,,0
they,they,s,,0
may,may,s,Contingency,0
do,do,s,Contingency,1
my,my,s,FirstPer,0
part,part,s,,0
is,is,s,ProjectAhead,0
to,to,s,ProjectAhead,1
^,^,c,UNRECOGNIZED,0
ray,ray,s,AbstractConcepts,0
to,to,s,,0
the,the,s,,0
g^uer,g^uer,s,UNRECOGNIZED,0
of,of,s,StandardsPos,0
wisdom,wisdom,c,StandardsPos,1
.,.,s,ReasonForward,0
And,and,s,ReasonForward,1
so,so,s,ReasonForward,2
Sir,sir,c,PersonProperty,0
",",",",n,,0
wishing,wishing,s,SubjectivePercept,0
much,much,s,Intensity,0
pro,pro,s,AbstractConcepts,0
peritie,peritie,s,UNRECOGNIZED,0
to,to,s,DirectAddress,0
your,your,s,DirectAddress,1
charitable,charitable,s,StandardsPos,0
endeavors,endeavors,c,ProjectAhead,0
",",",",s,,0
I,i,s,FirstPer,0
take,take,s,SceneShift,0
leave,leave,c,SceneShift,1
*,*,s,,0
and,and,s,,0
the,the,n,,0
^,^,c,UNRECOGNIZED,0
ext,ext,s,AbstractConcepts,0
way,way,s,AbstractConcepts,0
to,to,s,SelfDisclosure,0
my,my,s,SelfDisclosure,1
poor,poor,s,Negativity,0
quiet,quiet,s,SenseProperty,0
Cell,cell,nnn,SenseObject,0
(,(,c,,0
...,...,c,UNRECOGNIZED,0
),),n,,0
(,(,c,,0
...,...,c,UNRECOGNIZED,0
),),n,,0
(,(,c,,0
...,...,c,UNRECOGNIZED,0
),),n,,0
(,(,c,,0
...,...,c,UNRECOGNIZED,0
),),n,,0
NOw,now,s,DirectAddress,0
that,that,s,DirectAddress,1
your,your,s,DirectAddress,2
pa,pa,c,AbstractConcepts,0
^^,^^,c,UNRECOGNIZED,0
ence,ence,s,UNRECOGNIZED,0
has,has,s,Updates,0
permitted,permitted,s,Updates,1
us,us,s,Inclusive,0
to,to,s,,0
bring,bring,s,,0
unto,unto,s,CommonAuthorities,0
(,(,c,,0
...,...,c,UNRECOGNIZED,0
),),s,,0
end,end,s,Sequence,0
this,this,s,,0
present,present,n,,0
Dialogue,dialogue,c,LangRef,0
",",",",s,,0
we,we,s,,0
stand,stand,s,SpaceRelation,0
in,in,s,SpaceRelation,1
good,good,s,StandardsPos,0
hope,hope,s,StandardsPos,1
of,of,s,,0
(,(,c,,0
...,...,c,UNRECOGNIZED,0
),),s,,0
c,c,c,,0
^^,^^,c,UNRECOGNIZED,0
menci,menci,c,UNRECOGNIZED,0
^,^,c,UNRECOGNIZED,0
",",",",s,,0
that,that,s,DenyDisclaim,0
no,no,s,DenyDisclaim,1
more,more,s,Comparison,0
offense,offense,s,SubjectivePercept,0
will,will,n,PredictedFuture,0
be,be,s,PredictedFuture,1
taken,taken,s,ProjectBack,0
at,at,s,Intensity,0
any,any,s,Intensity,1
word,word,s,LangRef,0
(,(,c,,0
...,...,c,UNRECOGNIZED,0
),),s,,0
passed,passed,s,ReportingEvents,0
then,then,s,Sequence,0
we,we,s,Sequence,1
had,had,s,ProjectBack,0
meaning,meaning,s,ProjectAhead,0
to,to,s,ProjectAhead,1
gi^e,gi^e,c,UNRECOGNIZED,0
",",",",s,Aside,0
which,which,s,Aside,1
we,we,n,,0
protest,protest,s,Resistance,0
(,(,c,,0
...,...,c,UNRECOGNIZED,0
),),s,,0
at,at,s,Intensity,0
all,all,c,Intensity,1
.,.,s,Intensity,2
For,for,s,,0
it,it,s,,0
were,were,s,ProjectBack,0
against,against,s,,0
reason,reason,s,StandardsPos,0
and,and,s,,0
our,our,s,Inclusive,0
own,own,s,Inclusive,1
ends,ends,s,Sequence,0
(,(,c,,0
...,...,c,UNRECOGNIZED,0
),),s,,0
drive,drive,n,ReportingEvents,0
hence,hence,s,ReasonForward,0
that,that,s,,0
company,company,c,AbstractConcepts,0
",",",",s,Aside,0
which,which,s,Aside,1
we,we,s,,0
w^sh,w^sh,s,UNRECOGNIZED,0
rather,rather,s,Resistance,0
^,^,c,UNRECOGNIZED,0
oubled,oubled,c,UNRECOGNIZED,0
",",",",s,,0
then,then,s,,0
out,out,s,Negativity,0
of,of,s,Negativity,1
it,it,s,Negativity,2
one,one,s,Numbers,0
to,to,s,GenericEvents,0
be,be,n,GenericEvents,1
spared,spared,c,Positivity,0
.,.,s,,0
I,i,c,FirstPer,0
^,^,s,UNRECOGNIZED,0
rests,rests,s,ReportingEvents,0
that,that,s,Inclusive,0
we,we,s,Inclusive,1
render,render,s,ReportingEvents,0
you,you,s,DirectAddress,0
very,very,s,Intensity,0
(,(,c,,0
...,...,c,UNRECOGNIZED,0
),),s,,0
and,and,s,,0
h^r^ie,h^r^ie,s,UNRECOGNIZED,0
thanks,thanks,c,Acknowledge,0
.,.,s,DirectAddress,0
And,and,s,DirectAddress,1
that,that,n,Generalization,0
all,all,s,Generalization,1
^^,^^,c,UNRECOGNIZED,0
r,r,s,LangRef,0
hearts,hearts,s,SenseObject,0
pray,pray,s,Intensity,0
for,for,s,Intensity,1
the,the,s,SenseObject,0
King,king,s,SenseObject,1
and,and,s,,0
his,his,s,PersonPronoun,0
families,families,s,AbstractConcepts,0
enduring,enduring,s,TimeDuration,0
happiness,happiness,c,Positivity,0
",",",",s,,0
(,(,c,,0
...,...,nnn,UNRECOGNIZED,0
